-nan -nan
1.000 0.998
1.000 1.000
1.000 1.000
1.000 1.000
0.977 0.990
0.996 0.974
0.994 0.999
0.996 1.000
0.992 0.992
0.994 0.876
0.985 0.481
0.986 0.486
0.939 0.487
0.957 0.675
0.966 0.518
0.974 0.742
0.986 0.742
0.942 0.733
0.978 0.735
0.930 0.734
0.986 0.748
0.735 0.423
0.752 0.756
0.750 0.762
0.750 0.750
0.794 0.796
0.833 0.841
0.848 0.794
0.772 0.880
0.989 0.977
0.898 0.934
0.973 0.959
0.999 0.986
0.945 0.964
0.975 0.958
0.961 0.955
0.960 0.958
0.990 0.987
0.970 0.982
0.955 0.950
0.986 0.974
0.970 0.971
0.978 0.971
0.972 0.979
0.963 0.966
0.969 0.982
0.986 0.983
0.969 0.972
0.969 0.988
0.939 0.960
0.985 0.968
0.984 0.989
0.972 0.975
0.992 0.993
0.985 0.995
0.988 0.988
0.996 0.998
0.972 0.552
0.962 0.496
0.977 0.743
0.983 0.770
0.983 0.977
0.963 0.983
0.991 0.989
0.982 0.978
0.989 0.986
0.961 0.733
0.988 0.737
0.969 0.734
0.966 0.737
0.967 0.724
0.951 0.728
0.971 0.720
0.990 0.744
0.925 0.686
0.989 0.734
0.902 0.704
0.987 0.735
0.976 0.728
0.961 0.719
0.961 0.736
0.974 0.725
0.968 0.719
0.962 0.726
0.972 0.741
0.978 0.725
0.986 0.734
0.963 0.732
0.981 0.722
0.985 0.739
0.935 0.704
0.984 0.742
0.925 0.327
0.744 0.872
0.741 0.773
0.792 0.851
0.837 0.921
0.797 0.839
0.884 0.997
0.986 0.860
0.991 0.965
0.986 0.986
0.987 0.995
0.969 0.988
0.986 0.990
0.950 0.962
0.979 0.984
0.990 0.996
0.921 0.978
0.971 0.944
0.995 0.698
0.976 0.498
0.941 0.738
0.916 0.794
0.978 0.964
0.961 0.756
0.950 0.824
0.964 0.992
0.948 0.940
0.985 0.973
0.984 0.979
0.980 0.983
0.975 0.983
0.987 0.992
0.991 0.989
0.966 0.973
0.973 0.952
0.998 0.988
0.973 0.981
0.966 0.976
0.974 0.968
0.976 0.972
0.992 0.986
0.991 0.989
0.962 0.973
0.993 0.990
0.989 0.992
0.993 0.999
0.989 0.990
0.978 0.986
0.998 0.996
0.985 0.991
0.978 0.972
0.996 0.992
0.993 0.991
0.994 0.994
0.961 0.981
0.995 0.993
0.985 0.989
0.976 0.985
0.960 0.972
0.995 0.990
0.997 0.993
0.978 0.993
0.999 0.997
0.990 0.976
0.945 0.968
0.978 0.993
0.946 0.949
0.990 0.994
0.954 0.953
0.989 0.991
0.975 0.956
0.935 0.970
0.975 0.962
0.991 0.996
0.990 0.985
0.968 0.975
0.990 0.977
0.993 0.992
0.985 0.987
0.985 0.989
0.988 0.993
0.969 0.988
0.986 0.959
0.983 0.991
0.967 0.949
0.961 0.992
0.982 0.969
0.963 0.963
0.991 0.999
0.983 0.982
0.997 0.961
0.993 0.738
0.997 0.744
0.992 0.740
0.992 0.740
0.981 0.715
0.920 0.727
0.969 0.399
0.986 0.250
0.984 0.453
0.921 0.405
0.981 0.645
0.957 0.700
0.934 0.720
0.955 0.703
0.962 0.729
0.941 0.687
0.935 0.694
0.975 0.709
0.916 0.706
0.956 0.697
0.959 0.718
0.947 0.715
0.952 0.700
0.929 0.700
0.945 0.705
0.955 0.722
0.921 0.715
0.928 0.675
0.983 0.722
0.890 0.710
0.965 0.703
0.953 0.705
0.930 0.718
0.966 0.723
0.967 0.471
0.975 0.451
0.953 0.933
0.961 0.892
0.960 0.954
0.953 0.708
0.960 0.866
0.950 0.858
0.975 0.902
0.951 0.816
0.958 0.945
0.958 0.924
0.962 0.950
0.980 0.923
0.967 0.697
0.968 0.670
0.930 0.803
0.989 0.674
0.996 0.786
0.993 0.883
0.996 0.992
0.934 0.991
0.992 0.747
0.964 0.736
0.948 0.728
0.942 0.739
0.966 0.737
0.993 0.747
0.945 0.739
0.992 0.746
0.948 0.732
0.981 0.919
0.968 0.724
0.966 0.720
0.980 0.746
0.969 0.720
0.995 0.743
0.984 0.737
0.985 0.738
0.985 0.730
0.972 0.730
0.951 0.749
0.971 0.720
0.999 0.727
0.977 0.741
0.978 0.726
0.979 0.750
0.958 0.728
0.981 0.326
0.993 0.250
0.949 0.655
0.930 0.730
0.953 0.722
0.942 0.703
0.960 0.724
0.980 0.718
0.939 0.702
0.976 0.705
0.952 0.713
0.955 0.724
0.960 0.725
0.955 0.722
0.965 0.719
0.953 0.695
0.954 0.727
0.979 0.722
0.970 0.729
0.958 0.717
0.957 0.728
0.950 0.705
0.974 0.694
0.942 0.500
0.970 0.511
0.994 0.531
0.984 0.636
0.984 0.733
0.993 0.747
0.998 0.748
0.738 0.987
0.961 0.286
0.941 0.937
0.995 0.971
0.980 0.995
0.985 0.974
0.993 0.996
1.000 0.987
0.985 0.994
0.925 0.921
0.996 0.999
0.974 0.988
0.990 0.981
0.987 0.992
0.992 0.998
0.973 0.964
0.995 0.985
0.995 0.994
0.996 0.991
0.992 0.998
0.996 0.993
0.981 0.990
0.991 0.987
0.990 0.989
0.998 0.993
0.959 0.955
0.971 0.980
0.980 0.989
0.992 0.989
0.961 0.970
0.989 0.996
0.969 0.970
0.984 0.993
0.981 0.984
0.986 0.993
0.976 0.970
0.981 0.993
0.974 0.977
0.995 0.980
0.965 0.982
0.943 0.948
0.980 0.981
0.967 0.949
0.985 0.990
0.992 0.988
0.970 0.980
0.986 0.966
0.984 0.972
0.910 0.936
0.988 0.987
0.974 0.974
0.974 0.978
0.957 0.981
0.978 0.980
0.976 0.983
0.980 0.976
0.954 0.983
0.937 0.956
0.982 0.985
0.986 0.982
0.975 0.984
0.995 0.985
0.993 0.990
0.990 0.987
0.994 0.968
0.979 0.999
0.977 0.825
0.987 0.737
0.978 0.752
0.913 0.927
0.991 0.991
0.939 0.966
0.965 0.974
0.958 0.982
0.960 0.957
0.985 0.997
0.961 0.967
0.988 0.995
0.951 0.966
0.974 0.969
0.979 0.974
0.975 0.961
0.963 0.985
0.964 0.796
0.962 0.711
0.979 0.790
0.910 0.906
0.987 0.983
0.953 0.986
0.956 0.925
0.986 0.982
0.921 0.954
0.970 0.971
0.923 0.936
0.976 0.969
0.968 0.916
0.959 0.733
0.990 0.703
0.965 0.937
0.997 0.997
0.973 0.969
0.962 0.990
0.973 0.977
0.962 0.984
0.972 0.978
0.981 0.998
0.970 0.977
0.971 0.996
0.988 0.987
0.975 0.993
0.992 0.990
0.980 0.989
0.997 0.991
0.969 0.977
0.995 0.990
0.967 0.985
0.986 0.970
0.997 0.989
0.938 0.962
0.980 0.989
0.980 0.995
0.978 0.983
0.983 0.997
0.971 1.000
0.930 0.955
0.998 0.989
0.994 0.995
0.991 0.987
0.991 0.987
0.995 0.991
0.984 0.989
0.984 0.968
0.990 0.988
0.987 0.991
0.984 0.987
0.984 0.981
0.986 0.967
0.987 0.989
0.984 0.988
0.964 0.974
0.986 0.978
0.980 0.983
0.975 0.979
0.969 0.975
0.983 0.993
0.990 0.985
0.977 0.994
0.998 0.999
0.987 0.996
0.980 0.969
0.985 0.988
0.973 0.966
0.991 0.995
0.984 0.990
0.926 0.931
0.987 0.972
0.975 0.970
0.974 0.983
0.975 0.497
0.954 0.472
0.952 0.744
0.945 0.920
0.917 0.685
0.968 0.715
0.918 0.694
0.957 0.709
0.961 0.705
0.941 0.707
0.942 0.707
0.974 0.720
0.967 0.715
0.964 0.724
0.954 0.715
0.922 0.699
0.955 0.707
0.907 0.709
0.957 0.693
0.964 0.708
0.918 0.715
0.922 0.712
0.946 0.699
0.977 0.706
0.906 0.707
0.964 0.693
0.946 0.709
0.922 0.719
0.957 0.687
0.940 0.715
0.942 0.720
0.965 0.700
0.978 0.720
0.946 0.434
0.926 0.472
0.982 0.557
0.959 0.499
0.980 0.631
0.992 0.371
0.980 0.991
0.995 0.986
0.996 0.989
0.984 0.991
0.985 0.990
0.966 0.957
0.994 0.965
0.958 0.999
0.955 0.945
0.996 0.988
0.995 0.941
0.984 0.980
0.996 0.749
0.982 0.743
0.994 0.747
0.978 0.740
0.995 0.836
0.980 0.345
0.968 0.737
0.980 0.700
0.979 0.745
0.975 0.741
0.984 0.722
0.974 0.739
0.995 0.746
0.969 0.730
0.971 0.795
0.969 0.701
0.999 0.749
0.977 0.736
0.962 0.734
0.969 0.694
0.975 0.748
0.983 0.731
0.989 0.734
0.986 0.724
0.959 0.729
0.981 0.723
0.962 0.732
0.958 0.725
0.987 0.742
0.943 0.706
0.973 0.744
0.947 0.493
0.979 0.459
0.991 0.748
0.981 0.728
0.974 0.726
0.965 0.722
0.992 0.747
0.954 0.735
0.999 0.994
0.939 0.963
0.973 0.951
0.996 0.378
0.930 0.908
0.984 0.965
0.985 0.990
0.974 0.974
0.963 0.949
0.989 0.989
0.989 0.992
0.954 0.957
0.993 0.993
0.990 0.997
0.983 0.987
0.974 0.975
0.995 0.978
0.976 0.987
0.976 0.992
0.992 0.902
0.993 0.548
0.999 0.747
0.993 0.821
0.933 0.919
0.985 0.990
0.971 0.962
0.947 0.982
0.980 0.966
0.966 0.939
0.981 0.985
0.911 0.949
0.980 0.976
0.969 0.978
0.956 0.952
0.984 0.970
0.968 0.962
0.983 0.977
0.948 0.964
0.981 0.971
0.964 0.981
0.941 0.933
0.970 0.960
0.967 0.962
0.914 0.909
0.961 0.971
0.986 0.971
0.950 0.961
0.980 0.980
0.946 0.958
0.974 0.978
0.945 0.940
0.960 0.930
0.952 0.964
0.977 0.967
0.969 0.982
0.966 0.950
0.945 0.946
0.981 0.985
0.970 0.968
0.984 0.981
0.977 0.982
0.988 0.969
0.983 0.980
0.936 0.954
0.985 0.974
0.975 0.980
0.981 0.956
0.971 0.978
0.992 0.982
0.951 0.941
0.984 0.996
0.972 0.966
0.983 0.980
0.981 0.995
0.980 0.979
0.994 0.992
0.978 0.975
0.987 0.971
0.964 0.972
0.960 0.974
0.972 0.978
0.928 0.943
0.990 0.945
0.980 0.942
0.980 0.499
0.987 0.513
0.923 0.756
0.945 0.939
0.916 0.952
0.920 0.928
0.963 0.951
0.955 0.952
0.941 0.967
0.940 0.945
0.923 0.920
0.954 0.949
0.939 0.955
0.957 0.948
0.959 0.751
0.879 0.700
0.990 0.720
0.979 0.742
0.996 0.789
0.992 0.985
0.985 0.990
0.984 0.997
0.963 0.991
0.991 0.972
0.935 0.972
0.984 0.994
0.980 0.989
0.912 0.957
0.998 0.972
0.996 0.980
0.965 0.998
0.967 0.978
0.999 0.997
0.986 0.980
0.991 0.989
0.995 0.985
0.926 0.914
0.967 0.978
0.998 0.994
0.992 0.991
0.993 0.986
0.989 0.993
0.997 0.991
0.978 0.977
1.000 0.999
0.976 0.982
0.995 0.996
0.987 0.973
0.978 0.996
0.986 0.975
0.982 0.984
0.994 0.995
0.969 0.973
0.999 0.997
0.968 0.967
0.987 1.000
0.974 0.964
0.956 0.980
0.968 0.965
0.971 0.975
0.986 0.972
0.985 0.980
0.984 0.972
0.968 0.990
0.991 0.986
0.984 0.972
0.978 0.981
0.975 0.989
0.994 0.961
0.987 0.991
0.964 0.966
0.991 0.990
0.985 0.957
0.988 0.994
0.977 0.974
0.962 0.926
0.973 0.947
0.995 0.995
0.980 0.983
0.969 0.976
0.970 0.974
0.991 0.990
0.977 0.995
0.924 0.936
0.985 0.957
0.991 0.987
0.998 0.995
1.000 0.995
0.992 0.998
0.987 0.986
0.971 0.982
0.975 0.984
0.951 0.978
0.986 0.884
0.989 0.496
0.965 0.500
0.984 0.805
0.941 0.934
0.969 0.974
0.969 0.975
0.955 0.949
0.958 0.968
0.937 0.949
0.960 0.944
0.941 0.973
0.962 0.953
0.951 0.964
0.946 0.940
0.964 0.975
0.960 0.948
0.957 0.953
0.968 0.955
0.909 0.948
0.958 0.946
0.968 0.965
0.934 0.941
0.974 0.969
0.945 0.932
0.970 0.969
0.952 0.955
0.928 0.955
0.969 0.947
0.949 0.949
0.944 0.964
0.939 0.939
0.978 0.967
0.939 0.961
0.969 0.963
0.968 0.966
0.941 0.934
0.993 0.981
0.945 0.930
0.977 0.960
0.947 0.964
0.958 0.949
0.981 0.973
0.957 0.961
0.985 0.990
0.933 0.952
0.986 0.982
0.965 0.971
0.975 0.907
0.973 0.738
0.950 0.715
0.986 0.743
0.967 0.456
0.984 0.499
0.987 0.587
0.985 0.496
0.937 0.630
0.987 0.737
0.981 0.736
0.990 0.729
0.952 0.742
0.992 0.745
0.969 0.734
0.986 0.743
0.971 0.724
0.984 0.744
0.987 0.743
0.935 0.737
0.988 0.743
0.971 0.728
0.984 0.745
0.969 0.698
0.999 0.746
0.925 0.728
0.980 0.745
0.973 0.727
0.990 0.748
0.973 0.735
0.945 0.727
0.967 0.734
0.961 0.708
0.962 0.735
0.964 0.710
0.977 0.747
0.976 0.720
0.984 0.735
0.961 0.727
0.983 0.741
0.962 0.729
0.988 0.738
0.980 0.735
0.943 0.709
0.974 0.743
0.954 0.714
0.991 0.740
0.964 0.712
0.978 0.722
0.962 0.721
0.981 0.731
0.960 0.733
0.970 0.727
0.968 0.726
0.946 0.711
0.979 0.732
0.728 0.291
0.912 0.956
0.980 0.801
0.987 0.981
0.951 0.975
0.960 0.962
0.975 0.974
0.972 0.970
0.978 0.970
0.967 0.982
0.977 0.976
0.970 0.992
0.945 0.966
0.986 0.968
0.980 0.978
0.995 0.995
0.983 0.978
0.971 0.970
0.987 0.987
0.978 0.920
0.948 0.475
0.988 0.499
0.988 0.782
0.974 0.948
0.955 0.999
0.988 0.976
0.960 0.986
0.999 0.987
0.931 0.935
0.992 0.987
0.951 0.957
0.994 0.982
0.978 0.946
0.968 0.975
0.987 0.975
0.988 0.988
0.966 0.969
0.988 0.993
0.963 0.962
0.981 0.990
0.968 0.970
0.980 0.987
0.970 0.966
0.967 0.975
0.916 0.939
0.964 0.985
0.973 0.976
0.983 0.985
0.976 0.982
0.970 0.968
0.978 0.988
0.985 0.978
0.981 0.987
0.979 0.976
0.990 0.991
0.980 0.964
0.987 0.992
0.975 0.969
0.969 0.971
0.963 0.985
0.978 0.972
0.978 0.740
0.945 0.708
0.995 0.750
0.959 0.731
0.957 0.747
0.973 0.741
0.967 0.731
0.991 0.745
0.948 0.712
0.983 0.749
0.976 0.722
0.995 0.748
0.996 0.749
0.866 0.725
0.989 0.743
0.976 0.377
0.999 0.250
0.992 0.635
0.962 0.712
0.942 0.718
0.956 0.707
0.949 0.713
0.957 0.962
0.963 0.914
0.941 0.958
0.933 0.930
0.955 0.954
0.966 0.945
0.921 0.878
0.959 0.887
0.936 0.700
0.957 0.944
0.957 0.931
0.948 0.823
0.930 0.705
0.972 0.941
0.967 0.947
0.970 0.935
0.960 0.933
0.955 0.934
0.970 0.861
0.964 0.714
0.964 0.317
0.951 0.684
0.901 0.712
0.953 0.731
0.955 0.705
0.973 0.729
0.965 0.713
0.970 0.721
0.961 0.724
0.961 0.721
0.974 0.720
0.974 0.499
0.974 0.481
0.991 0.573
0.958 0.496
0.981 0.641
0.972 0.745
0.967 0.738
0.981 0.743
0.986 0.921
0.987 0.990
0.952 0.974
0.996 0.993
0.993 0.987
0.991 0.876
0.975 0.708
0.975 0.732
0.986 0.735
0.989 0.743
0.997 0.740
0.987 0.747
0.975 0.741
0.978 0.739
0.987 0.740
0.968 0.736
0.984 0.732
0.987 0.742
0.988 0.743
0.952 0.730
0.984 0.739
0.944 0.974
0.974 0.727
0.970 0.945
0.982 0.963
0.962 0.970
0.989 0.443
0.932 0.969
0.963 0.949
0.926 0.967
0.975 0.952
0.938 0.941
0.939 0.931
0.950 0.978
0.986 0.972
0.945 0.968
0.984 0.727
0.959 0.730
0.988 0.735
0.937 0.734
0.983 0.721
0.952 0.727
0.951 0.737
0.969 0.724
0.986 0.727
0.949 0.717
0.987 0.730
0.913 0.688
0.976 0.581
0.976 0.979
0.967 0.947
0.961 0.976
0.970 0.976
0.970 0.962
0.962 0.434
0.993 0.732
0.977 0.739
0.979 0.734
0.980 0.742
0.967 0.846
0.996 0.746
0.955 0.736
0.981 0.748
0.989 0.741
0.932 0.733
0.992 0.512
0.972 0.738
0.996 0.747
0.979 0.743
0.990 0.747
0.993 0.433
0.973 0.499
0.991 0.486
0.995 0.522
0.935 0.735
0.925 0.688
0.952 0.723
0.921 0.719
0.965 0.710
0.950 0.748
0.953 0.733
0.946 0.734
0.718 0.427
0.756 0.761
0.772 0.773
0.784 0.750
0.761 0.797
0.836 0.836
0.922 0.870
0.820 0.822
0.875 0.928
0.961 0.927
0.869 0.888
0.905 0.902
0.942 0.962
0.933 0.919
0.904 0.918
0.931 0.930
0.944 0.952
0.937 0.927
0.943 0.919
0.945 0.950
0.923 0.935
0.948 0.950
0.960 0.958
0.916 0.923
0.937 0.938
0.955 0.958
0.912 0.894
0.963 0.714
0.971 0.664
0.892 0.742
0.991 0.754
0.971 0.973
0.960 0.970
0.995 0.996
0.977 0.988
0.985 0.986
0.992 0.991
0.990 0.993
0.972 0.983
0.991 0.990
0.990 0.992
0.952 0.978
0.987 0.977
0.928 0.952
0.998 0.984
0.974 0.983
0.984 0.995
0.987 0.989
0.997 0.984
0.966 0.736
0.968 0.826
0.975 0.980
0.981 0.970
0.982 0.966
0.984 0.986
0.992 0.974
0.977 0.988
0.991 0.993
0.978 0.982
0.989 0.993
0.989 0.974
0.991 0.981
0.982 0.996
0.984 0.986
0.997 0.997
0.982 0.971
0.980 0.993
0.996 0.982
0.995 0.994
0.993 0.990
0.990 0.990
0.995 0.992
0.981 0.984
0.950 0.953
1.000 0.995
0.981 0.975
0.948 0.965
0.999 0.976
0.967 0.992
0.991 0.988
0.991 0.973
0.950 0.970
0.998 0.996
0.985 0.988
0.984 0.982
0.950 0.962
0.995 0.989
0.985 0.990
0.980 0.986
0.985 0.983
0.998 0.993
0.951 0.974
0.995 0.991
0.974 0.954
0.997 0.991
0.964 0.979
0.996 0.987
0.974 0.975
0.979 0.986
0.942 0.952
0.979 0.984
0.989 0.995
0.980 0.975
0.995 0.998
0.975 0.975
0.996 0.999
0.971 0.964
0.996 0.992
0.984 0.997
0.978 0.964
0.978 0.989
0.976 0.964
0.970 0.984
0.952 0.966
0.995 0.995
0.964 0.983
0.970 0.958
0.984 0.983
0.969 0.951
0.986 0.989
0.993 0.747
0.948 0.728
0.946 0.751
0.963 0.954
0.918 0.912
0.950 0.955
0.939 0.950
0.956 0.946
0.948 0.920
0.968 0.950
0.948 0.952
0.939 0.954
0.897 0.888
0.941 0.944
0.900 0.915
0.928 0.945
0.946 0.923
0.953 0.943
0.946 0.953
0.932 0.945
0.890 0.925
0.948 0.948
0.943 0.951
0.880 0.943
0.969 0.957
0.985 0.961
0.954 0.945
0.949 0.947
0.933 0.950
0.971 0.959
0.957 0.964
0.946 0.941
0.950 0.965
0.941 0.939
0.940 0.943
0.885 0.776
0.904 0.477
0.929 0.593
0.838 0.687
0.882 0.488
0.854 0.645
0.919 0.695
0.917 0.683
0.904 0.690
0.959 0.585
0.948 0.936
0.933 0.927
0.935 0.943
0.916 0.906
0.894 0.935
0.955 0.923
0.912 0.939
0.974 0.951
0.906 0.944
0.958 0.949
0.963 0.936
0.948 0.953
0.951 0.944
0.950 0.903
0.907 0.939
0.895 0.940
0.957 0.865
0.955 0.713
0.970 0.639
0.955 0.946
0.967 0.955
0.955 0.969
0.954 0.954
0.930 0.972
0.939 0.950
0.960 0.957
0.951 0.822
0.928 0.736
0.989 0.686
0.955 0.952
0.983 0.961
0.977 0.746
0.974 0.816
1.000 0.835
0.990 0.934
0.968 0.850
0.925 0.747
0.912 0.973
0.935 0.749
0.906 0.992
0.881 0.886
0.895 0.909
0.896 0.802
0.911 0.677
0.906 0.650
0.891 0.652
0.877 0.635
0.879 0.673
0.915 0.658
0.906 0.658
0.877 0.681
0.876 0.636
0.912 0.660
0.906 0.673
0.919 0.658
0.905 0.650
0.902 0.666
0.919 0.664
0.903 0.650
0.901 0.649
0.892 0.649
0.905 0.649
0.884 0.667
0.891 0.653
0.897 0.650
0.901 0.663
0.918 0.666
0.893 0.640
0.884 0.669
0.915 0.658
0.900 0.638
0.858 0.659
0.888 0.673
0.894 0.446
0.915 0.469
0.871 0.490
0.842 0.862
0.862 0.905
0.922 0.867
0.865 0.880
0.927 0.867
0.909 0.832
0.942 0.775
0.939 0.842
0.928 0.844
0.951 0.943
0.919 0.882
0.955 0.891
0.955 0.888
0.951 0.856
0.950 0.837
0.978 0.722
0.966 0.747
0.951 0.477
0.899 0.657
0.933 0.696
0.944 0.712
0.859 0.678
0.954 0.703
0.937 0.756
0.975 0.711
0.946 0.721
0.965 0.705
0.959 0.726
0.977 0.727
0.944 0.714
0.925 0.703
0.958 0.704
0.981 0.719
0.943 0.723
0.941 0.706
0.968 0.721
0.954 0.710
0.943 0.702
0.956 0.697
0.947 0.906
0.964 0.511
0.932 0.942
0.949 0.958
0.941 0.899
0.973 0.973
0.909 0.938
0.955 0.961
0.948 0.945
0.940 0.931
0.951 0.943
0.965 0.391
0.925 0.956
0.951 0.940
0.912 0.942
0.953 0.946
0.953 0.939
0.955 0.953
0.907 0.952
0.948 0.940
0.932 0.937
0.964 0.957
0.930 0.936
0.936 0.926
0.930 0.934
0.902 0.950
0.937 0.948
0.909 0.743
0.955 0.733
0.963 0.740
0.930 0.729
0.948 0.729
0.959 0.432
0.933 0.940
0.951 0.958
0.960 0.939
0.958 0.954
0.942 0.959
0.947 0.932
0.921 0.876
0.900 0.500
0.914 0.538
0.855 0.694
0.891 0.471
0.783 0.885
0.886 0.897
0.898 0.931
0.917 0.935
0.930 0.939
0.898 0.941
0.944 0.686
0.932 0.730
0.948 0.619
0.946 0.950
0.918 0.936
0.955 0.926
0.933 0.928
0.925 0.914
0.937 0.944
0.903 0.716
0.925 0.725
0.933 0.629
0.935 0.930
0.957 0.938
0.932 0.692
0.997 0.779
0.945 0.711
0.982 0.925
0.981 0.889
0.963 0.962
0.920 0.884
0.903 0.743
0.880 0.991
0.782 0.807
0.812 0.744
0.846 0.827
0.856 0.931
0.830 0.806
0.852 0.880
0.905 0.916
0.925 0.898
0.860 0.849
0.848 0.871
0.905 0.911
0.921 0.913
0.877 0.854
0.857 0.883
0.904 0.900
0.915 0.928
0.858 0.838
0.877 0.886
0.894 0.899
0.893 0.915
0.899 0.872
0.859 0.872
0.891 0.900
0.892 0.907
0.906 0.872
0.819 0.872
0.890 0.898
0.885 0.892
0.906 0.885
0.878 0.866
0.887 0.900
0.896 0.899
0.885 0.872
0.867 0.879
0.902 0.889
0.895 0.888
0.904 0.903
0.872 0.877
0.906 0.898
0.885 0.903
0.908 0.820
0.903 0.763
0.823 0.887
0.901 0.909
0.881 0.899
0.880 0.875
0.902 0.926
0.943 0.898
0.902 0.916
0.883 0.923
0.961 0.954
0.946 0.905
0.935 0.947
0.959 0.969
0.969 0.969
0.956 0.949
0.984 0.983
0.969 0.980
0.978 0.977
0.972 0.984
0.994 0.994
0.992 0.995
0.976 0.994
0.992 0.987
0.993 0.995
0.994 0.986
0.988 0.978
0.995 0.992
0.985 0.996
0.994 0.983
0.995 0.995
0.997 0.995
0.937 0.960
0.947 0.982
0.990 0.964
0.981 0.972
0.980 0.978
0.990 0.987
0.986 0.983
0.950 0.957
0.896 0.978
0.954 0.948
0.975 0.974
0.949 0.977
0.929 0.933
0.967 0.975
0.952 0.954
0.945 0.618
0.969 0.489
0.904 0.729
0.903 0.545
0.904 0.925
0.867 0.925
0.961 0.942
0.913 0.928
0.942 0.921
0.932 0.955
0.939 0.951
0.981 0.948
0.937 0.965
0.943 0.954
0.971 0.964
0.974 0.965
0.953 0.940
0.923 0.967
0.947 0.929
0.975 0.964
0.939 0.962
0.923 0.938
0.973 0.959
0.964 0.957
0.960 0.949
0.950 0.957
0.912 0.797
0.945 0.725
0.880 0.750
0.961 0.679
0.965 0.728
0.975 0.955
0.943 0.974
0.964 0.952
0.925 0.958
0.930 0.937
0.964 0.947
0.959 0.948
0.965 0.966
0.895 0.929
0.980 0.965
0.969 0.962
0.971 0.970
0.946 0.971
0.969 0.948
0.962 0.961
0.949 0.958
0.963 0.966
0.928 0.955
0.969 0.872
0.964 0.725
0.969 0.698
0.989 0.987
0.955 0.947
0.984 0.984
0.953 0.957
0.996 0.990
0.945 0.954
0.991 0.993
0.958 0.734
0.979 0.809
0.980 0.984
0.996 0.990
0.969 0.944
0.967 0.734
0.948 0.903
0.967 0.976
0.955 0.960
0.972 0.958
0.959 0.956
0.978 0.987
0.964 0.965
0.964 0.972
0.964 0.727
0.955 0.717
0.960 0.720
0.978 0.718
0.961 0.730
0.952 0.716
0.956 0.715
0.951 0.705
0.980 0.715
0.967 0.725
0.955 0.717
0.962 0.728
0.941 0.723
0.977 0.714
0.975 0.733
0.958 0.721
0.969 0.715
0.959 0.715
0.967 0.715
0.965 0.720
0.961 0.713
0.974 0.725
0.907 0.721
0.970 0.712
0.941 0.718
0.972 0.705
0.945 0.715
0.962 0.725
0.948 0.705
0.971 0.703
0.950 0.725
0.942 0.700
0.967 0.481
0.979 0.538
0.955 0.735
0.974 0.748
0.996 0.744
0.998 0.747
0.995 0.749
0.991 0.744
0.970 0.748
0.986 0.745
0.997 0.748
0.988 0.749
0.962 0.743
0.964 0.745
0.958 0.731
0.977 0.749
0.995 0.748
0.992 0.741
0.997 0.749
0.976 0.740
0.959 0.741
0.965 0.731
0.998 0.746
0.979 0.737
0.993 0.747
0.970 0.286
0.738 0.746
0.921 0.940
0.979 0.945
0.991 0.909
0.965 0.986
0.964 0.957
0.969 0.986
0.985 0.957
0.969 0.978
0.948 0.963
0.975 0.977
0.981 0.982
0.966 0.980
0.955 0.958
0.972 0.967
0.944 0.956
0.958 0.964
0.961 0.958
0.938 0.951
0.980 0.985
0.953 0.938
0.958 0.494
0.962 0.499
0.876 0.746
0.888 0.691
0.910 0.666
0.914 0.923
0.937 0.922
0.950 0.941
0.905 0.922
0.955 0.937
0.915 0.914
0.933 0.937
0.908 0.934
0.939 0.714
0.912 0.678
0.968 0.687
0.925 0.728
0.964 0.684
0.985 0.985
0.980 0.983
0.944 0.990
0.978 0.967
0.982 0.984
0.995 0.992
0.965 0.976
0.967 0.991
0.954 0.955
0.968 0.977
0.974 0.984
0.976 0.980
0.990 0.739
0.959 0.744
0.946 0.736
0.980 0.741
0.954 0.746
0.985 0.485
0.995 0.625
0.996 0.750
0.995 0.744
0.994 0.744
0.989 0.746
0.995 0.749
1.000 0.750
0.992 0.742
0.988 0.746
0.993 0.734
0.995 0.747
0.962 0.741
0.980 0.724
0.989 0.750
0.980 0.735
0.977 0.746
0.980 0.744
0.976 0.940
0.993 0.975
0.930 0.974
0.994 0.966
0.994 0.960
0.993 0.909
0.998 0.745
0.985 0.991
0.992 0.964
0.998 0.750
0.992 0.957
0.990 0.964
0.979 0.801
0.991 0.731
0.995 0.982
0.981 0.868
0.989 0.750
0.983 0.321
0.951 0.730
0.909 0.738
0.946 0.734
0.985 0.733
0.992 0.749
0.970 0.732
0.977 0.740
0.982 0.726
0.992 0.746
0.953 0.746
0.995 0.723
0.961 0.733
0.992 0.740
0.969 0.744
0.989 0.990
0.993 0.990
0.983 0.977
0.995 0.993
0.978 0.972
0.980 0.998
0.960 0.958
0.999 0.996
0.990 0.864
0.986 0.735
0.992 0.749
0.978 0.734
0.998 0.750
0.946 0.734
0.969 0.735
0.974 0.733
0.950 0.717
0.985 0.250
0.993 0.250
0.989 0.654
0.992 0.746
0.968 0.711
0.964 0.742
0.963 0.724
0.912 0.596
0.994 0.911
0.943 0.974
0.969 0.974
0.974 0.371
0.980 0.964
0.966 0.980
0.951 0.955
0.981 0.971
0.991 0.992
0.971 0.973
0.996 0.994
0.969 0.961
0.990 0.992
0.934 0.966
0.985 0.989
0.967 0.979
0.973 0.984
0.975 0.974
0.978 0.979
0.961 0.987
0.988 0.982
0.975 0.988
0.991 0.975
0.983 0.987
0.992 0.982
0.945 0.968
0.970 0.953
0.975 0.990
0.969 0.959
0.985 0.972
0.968 0.979
0.983 0.962
0.978 0.997
0.977 0.962
0.990 0.996
0.982 0.964
0.993 0.996
0.980 0.985
0.997 0.999
0.959 0.967
0.938 0.964
0.987 0.979
0.948 0.969
0.980 0.971
0.930 0.944
0.978 0.971
0.975 0.959
0.991 0.996
0.972 0.987
0.982 0.999
0.971 0.972
0.995 0.986
0.955 0.993
0.991 0.975
0.989 0.984
0.995 0.984
0.997 0.998
0.971 0.979
0.996 0.990
0.957 0.977
0.972 0.984
0.996 0.867
0.966 0.485
0.993 0.515
0.955 0.763
0.932 0.944
0.928 0.945
0.954 0.957
0.908 0.890
0.945 0.931
0.939 0.951
0.909 0.937
0.953 0.937
0.917 0.930
0.950 0.948
0.981 0.970
0.937 0.949
0.955 0.970
0.931 0.952
0.974 0.960
0.959 0.951
0.955 0.975
0.955 0.937
0.960 0.978
0.930 0.931
0.955 0.941
0.933 0.943
0.967 0.962
0.921 0.940
0.983 0.977
0.937 0.936
0.980 0.975
0.937 0.951
0.942 0.941
0.975 0.990
0.922 0.931
0.987 0.979
0.936 0.944
0.988 0.983
0.949 0.948
0.981 0.973
0.951 0.981
0.941 0.912
0.983 0.853
0.948 0.725
0.988 0.773
0.990 0.743
0.931 0.859
0.969 0.992
0.966 0.961
0.981 0.971
0.949 0.946
0.959 0.979
0.964 0.973
0.991 0.987
0.989 0.989
0.995 0.993
0.971 0.985
0.992 0.977
0.990 0.989
0.985 0.993
0.985 0.988
0.997 0.996
0.985 0.978
0.981 0.993
0.977 0.971
0.982 0.982
0.972 0.986
0.992 0.985
0.936 0.940
0.969 0.977
0.976 0.957
0.978 0.985
0.972 0.958
0.961 0.981
0.980 0.981
0.980 0.976
0.895 0.958
0.980 0.980
0.980 0.989
0.980 0.977
0.984 0.981
0.962 0.953
0.981 0.978
0.957 0.937
0.962 0.988
0.951 0.976
0.938 0.985
0.958 0.963
0.981 0.985
0.981 0.972
0.953 0.949
0.961 0.984
0.977 0.963
0.955 0.966
0.959 0.952
0.989 0.990
0.958 0.952
0.987 0.977
0.965 0.968
0.975 0.977
0.970 0.970
0.964 0.963
0.983 0.994
0.973 0.951
0.991 0.994
0.966 0.972
0.992 0.977
0.983 0.987
0.979 0.978
0.941 0.945
0.968 0.975
0.993 0.984
0.977 0.990
0.963 0.975
0.923 0.959
0.991 0.976
0.999 0.877
0.980 0.495
0.994 0.498
0.961 0.791
0.961 0.959
0.955 0.939
0.978 0.974
0.985 0.970
0.942 0.968
0.957 0.926
0.981 0.987
0.970 0.978
0.967 0.964
0.950 0.949
0.974 0.963
0.979 0.980
0.974 0.987
0.977 0.960
0.974 0.959
0.967 0.963
0.966 0.949
0.963 0.968
0.933 0.979
0.943 0.952
0.992 0.979
0.938 0.963
0.981 0.970
0.980 0.973
0.981 0.963
0.974 0.969
0.971 0.958
0.972 0.982
0.962 0.967
0.980 0.975
0.958 0.979
0.989 0.982
0.981 0.991
0.973 0.969
0.931 0.937
0.940 0.954
0.968 0.965
0.970 0.974
0.995 0.946
0.980 0.500
0.991 0.499
0.950 0.785
0.950 0.941
0.920 0.939
0.970 0.941
0.964 0.819
0.921 0.694
0.961 0.715
0.949 0.456
0.958 0.581
0.987 0.672
0.995 0.666
0.913 0.726
0.988 0.718
0.993 0.749
0.988 0.743
0.981 0.747
0.971 0.734
0.999 0.749
0.986 0.750
0.992 0.741
0.979 0.745
0.995 0.745
0.971 0.728
0.993 0.748
0.986 0.743
0.998 0.748
0.972 0.740
0.976 0.746
0.995 0.746
0.973 0.741
0.987 0.737
0.998 0.748
0.982 0.721
0.993 0.743
0.979 0.741
0.967 0.733
0.982 0.749
0.991 0.734
0.986 0.747
0.981 0.541
0.972 0.911
0.996 0.694
0.980 0.570
0.974 0.722
0.978 0.888
0.972 0.736
