0 0 0 0 0 0 0 0 0 0 0
0 0 0 0 0 0 0 0 0 0 0
0 0 0 0 0 0 0 0 0 0 0
0 0 0 0 0 0 0 0 0 0 0
0 14 0 0 2 8 0 7 2 8 7
0 47 0 0 7 12 0 24 7 12 23
0 67 0 0 17 24 0 34 17 24 33
0 89 0 0 25 35 0 45 25 35 44
0 94 0 0 36 49 0 45 36 49 49
0 102 0 0 54 52 0 48 54 52 54
0 93 0 0 52 68 0 42 52 68 51
0 82 0 0 56 86 0 27 56 86 55
0 57 0 0 52 103 0 26 52 103 31
0 43 0 0 65 109 0 22 65 109 21
0 43 0 0 69 113 0 11 69 113 32
0 49 0 0 63 123 0 24 63 123 25
0 40 0 0 72 131 0 12 72 131 28
0 50 0 0 65 145 0 23 65 145 27
0 52 0 0 62 159 0 17 62 159 35
0 51 0 0 67 172 0 23 67 172 28
0 42 0 0 72 183 0 12 72 183 30
0 16 0 0 81 188 0 0 81 188 16
0 1 0 0 75 192 0 0 75 192 1
0 0 0 0 56 203 0 0 56 203 0
0 1 0 0 56 203 0 0 56 203 1
0 2 0 0 55 208 0 0 55 208 2
0 3 0 0 58 212 0 0 58 212 3
0 1 0 0 55 218 0 1 55 218 0
0 1 0 0 70 216 0 0 70 216 1
0 15 0 0 77 228 0 7 77 228 8
0 8 0 0 98 236 0 4 98 236 4
0 20 0 0 109 240 0 7 109 240 13
0 35 0 0 95 254 0 15 95 254 20
0 34 0 0 99 268 0 16 99 268 18
0 47 0 0 95 283 0 18 95 283 29
0 46 0 0 105 292 0 17 105 292 29
0 47 0 0 110 304 0 21 110 304 26
0 62 0 0 102 312 0 26 102 312 36
0 66 0 0 106 320 0 24 106 320 42
0 51 0 0 117 334 0 21 117 334 30
0 65 0 0 103 344 0 28 103 344 37
0 76 0 0 102 355 0 30 102 355 46
0 74 0 0 111 362 0 33 111 362 41
0 78 0 0 112 366 0 33 112 366 45
0 72 0 0 123 368 0 28 123 368 44
0 74 0 0 118 381 0 34 118 381 40
0 76 0 0 120 386 0 32 120 386 44
0 74 0 0 128 392 0 34 128 392 40
0 79 0 0 115 406 0 34 115 406 45
0 67 0 0 128 424 0 29 128 424 38
0 76 0 0 126 442 0 36 126 442 40
0 82 0 0 126 449 0 35 126 449 47
0 79 0 0 129 465 0 37 129 465 42
0 83 0 0 130 479 0 38 130 479 45
0 93 0 0 130 491 0 41 130 491 52
0 93 0 0 128 500 0 46 128 500 47
0 95 0 0 133 498 0 44 133 498 51
0 90 0 0 134 498 0 43 134 498 47
0 84 0 0 135 496 0 44 135 496 40
0 45 0 0 129 499 0 23 129 499 22
0 23 0 0 137 498 0 11 137 498 12
0 26 0 0 134 500 0 14 134 500 12
0 28 0 0 140 498 0 16 140 498 12
0 36 0 0 142 496 0 22 142 496 14
0 32 0 0 148 498 0 19 148 498 13
0 28 0 0 148 500 0 18 148 500 10
0 35 0 0 145 500 0 19 145 500 16
0 43 0 0 143 500 0 25 143 500 18
0 39 0 0 148 498 0 21 148 498 18
0 36 0 0 145 496 0 22 145 496 14
0 33 0 0 153 470 0 19 153 470 14
0 34 0 0 160 443 0 21 160 443 13
0 38 0 0 162 416 0 22 162 416 16
0 46 0 0 160 387 0 28 160 387 18
0 48 0 0 179 346 0 28 179 346 20
0 51 0 0 180 310 0 30 180 310 21
0 42 0 0 180 280 0 26 180 280 16
0 43 0 0 180 256 0 25 180 256 18
0 47 0 0 182 230 0 28 182 230 19
0 59 0 0 180 231 0 35 180 231 24
0 54 0 0 187 233 0 32 187 233 22
0 49 0 0 198 232 0 27 198 232 22
0 50 0 0 209 228 0 29 209 228 21
0 59 0 0 202 234 0 33 202 234 26
0 62 0 0 213 225 0 38 213 225 24
0 61 0 0 229 215 0 35 229 215 26
0 61 0 0 226 182 0 36 226 182 25
0 57 0 0 237 153 0 37 237 153 20
0 59 0 0 236 123 0 32 236 123 27
0 63 0 0 243 90 0 38 243 90 25
0 59 0 0 259 57 0 32 259 57 27
0 70 0 0 255 23 0 41 255 23 29
0 63 0 0 258 0 0 36 258 0 27
0 34 0 0 263 0 0 19 263 0 15
0 23 0 0 268 0 0 12 268 0 11
0 17 0 0 275 0 0 9 275 0 8
0 15 0 0 285 0 0 7 285 0 8
0 18 0 0 284 2 0 9 284 2 9
0 29 0 0 287 0 0 14 287 0 15
0 44 0 0 290 10 0 23 290 10 21
0 48 0 0 305 8 0 26 305 8 22
0 64 0 0 313 17 0 35 313 17 29
0 73 0 0 324 25 0 41 324 25 32
0 68 0 0 333 39 0 39 333 39 29
0 70 0 0 346 47 0 39 346 47 31
0 66 0 0 352 68 0 38 352 68 28
0 73 0 0 360 75 0 38 360 75 35
0 74 0 0 372 89 0 43 372 89 31
0 77 0 0 386 86 1 44 386 86 34
0 82 0 0 392 90 1 45 392 90 38
0 65 0 0 405 96 1 39 405 96 27
0 54 0 0 416 108 1 26 416 108 29
0 41 0 0 415 115 1 25 415 115 17
0 19 0 0 425 117 1 14 425 117 6
0 2 0 0 438 123 1 3 438 123 0
0 11 0 0 450 109 2 8 450 109 5
0 18 0 0 458 109 2 13 458 109 7
0 0 0 0 464 119 2 2 464 119 0
0 18 0 0 461 119 2 10 461 119 10
0 5 0 0 467 123 2 4 467 123 3
0 1 0 0 486 114 2 2 486 114 1
0 3 0 0 496 120 2 3 496 120 2
0 1 0 0 508 124 2 2 508 124 1
0 5 0 0 518 120 2 5 518 120 2
0 12 0 0 524 124 2 8 524 124 6
0 6 0 0 533 130 2 6 533 130 2
0 11 0 0 551 114 2 9 551 114 4
0 15 0 0 561 117 2 9 561 117 8
0 19 0 0 567 118 2 13 567 118 8
0 14 0 0 575 126 2 11 575 126 5
0 4 0 0 587 130 2 4 587 130 2
0 8 0 0 605 120 2 6 605 120 4
0 12 0 0 617 122 2 9 617 122 5
0 14 0 0 629 123 2 9 629 123 7
0 8 0 0 646 125 2 6 646 125 4
0 23 0 0 651 121 2 14 651 121 11
0 22 0 0 659 123 2 14 659 123 10
0 23 0 0 673 120 2 14 673 120 11
0 27 0 0 684 117 2 14 684 117 15
0 16 0 0 701 119 2 11 701 119 7
0 21 0 0 709 123 2 12 709 123 11
0 19 0 0 726 117 2 12 726 117 9
0 18 0 0 742 121 2 12 742 121 8
0 20 0 0 753 127 2 10 753 127 12
0 26 0 0 770 115 2 17 770 115 11
0 28 0 0 780 119 2 15 780 119 15
0 36 0 0 788 119 2 22 788 119 16
0 29 0 0 804 118 2 16 804 118 15
0 38 0 0 813 115 2 22 813 115 18
0 30 0 0 818 126 2 18 818 126 14
0 22 0 0 824 137 2 13 824 137 11
0 33 0 0 830 127 2 20 830 127 15
0 32 0 0 844 117 2 16 844 117 18
0 29 0 0 853 128 2 18 853 128 13
0 34 0 0 864 121 2 16 864 121 20
0 28 0 0 881 120 2 17 881 120 13
0 33 0 0 884 129 2 15 884 129 20
0 30 0 0 894 129 2 18 894 129 14
0 31 0 0 917 115 2 16 917 115 17
0 35 0 0 929 117 2 20 929 117 17
0 40 0 0 947 113 2 20 947 113 22
0 38 0 0 960 118 2 21 960 118 19
0 33 0 0 981 122 2 19 981 122 16
0 28 0 0 991 137 2 14 991 137 16
0 25 0 0 999 136 2 15 999 136 12
0 39 0 0 1000 125 2 19 1000 125 22
0 42 0 0 998 127 2 24 998 127 20
0 49 0 0 999 129 2 23 999 129 28
0 42 0 0 1000 134 2 23 1000 134 21
0 46 0 0 998 129 2 23 998 129 25
0 55 0 0 998 127 2 29 998 127 28
0 45 0 0 999 127 2 23 999 127 24
0 51 0 0 999 120 2 25 999 120 28
0 57 0 0 1000 123 2 31 1000 123 28
0 64 0 0 999 112 2 31 999 112 35
0 54 0 0 999 127 2 31 999 127 25
0 51 0 0 996 143 2 26 996 143 27
0 50 0 0 998 134 2 29 998 134 23
0 51 0 0 999 126 2 26 999 126 27
0 69 0 0 999 120 2 38 999 120 33
0 67 0 0 1000 124 2 35 1000 124 34
0 66 0 0 1000 122 2 34 1000 122 34
0 67 0 0 998 126 2 39 998 126 30
0 63 0 0 998 132 2 32 998 132 33
0 72 0 0 1000 123 2 41 1000 123 33
0 70 0 0 1000 132 2 37 1000 132 35
0 84 0 0 965 122 2 47 965 122 39
0 81 0 0 933 117 2 48 933 117 35
0 79 0 0 912 113 2 42 912 113 39
0 81 0 0 881 119 2 48 881 119 35
0 75 0 0 846 120 2 46 846 120 31
0 40 0 0 816 124 2 24 816 124 18
0 13 0 0 783 135 2 13 783 135 2
0 8 0 0 759 130 2 5 759 130 5
0 13 0 0 719 132 2 10 719 132 5
0 7 0 0 697 134 2 6 697 134 3
0 19 0 0 675 128 2 12 675 128 9
0 24 0 0 669 130 2 17 669 130 9
0 18 0 0 669 143 2 13 669 143 7
0 20 0 0 667 141 2 16 667 141 6
0 28 0 0 664 136 2 21 664 136 9
0 22 0 0 673 140 2 15 673 140 9
0 20 0 0 678 142 2 15 678 142 7
0 30 0 0 671 132 2 21 671 132 11
0 45 0 0 661 128 2 29 661 128 18
0 36 0 0 669 141 2 25 669 141 13
0 40 0 0 669 138 2 27 669 138 15
0 43 0 0 670 129 2 30 670 129 15
0 48 0 0 672 130 2 32 672 130 18
0 34 0 0 680 137 2 24 680 137 12
0 42 0 0 662 144 2 28 662 144 16
0 41 0 0 669 137 2 29 669 137 14
0 39 0 0 678 136 2 26 678 136 15
0 35 0 0 676 141 2 24 676 141 13
0 34 0 0 675 142 2 23 675 142 13
0 40 0 0 683 126 2 28 683 126 14
0 38 0 0 671 131 2 25 671 131 15
0 50 0 0 639 130 2 32 639 130 20
0 53 0 0 610 133 2 37 610 133 18
0 58 0 0 619 138 2 39 619 138 21
0 63 0 0 629 129 2 43 629 129 22
0 53 0 0 644 136 2 36 644 136 19
0 60 0 0 656 132 2 39 656 132 23
0 56 0 0 665 144 2 38 665 144 20
0 56 0 0 676 137 2 37 676 137 21
0 63 0 0 680 139 2 42 680 139 23
0 65 0 0 687 137 2 42 687 137 25
0 68 0 0 698 127 2 45 698 127 25
0 68 0 0 710 127 2 45 710 127 25
0 67 0 0 719 132 3 44 719 132 26
0 67 0 0 730 131 3 46 730 131 24
0 68 0 0 738 133 3 44 738 133 27
0 47 0 0 752 140 4 29 752 140 22
0 29 0 0 773 129 4 20 773 129 13
0 41 0 0 787 127 4 27 787 127 18
0 30 0 0 801 140 4 21 801 140 13
0 41 0 0 811 139 4 26 811 139 19
0 40 0 0 822 142 4 29 822 142 15
0 37 0 0 823 138 4 24 823 138 17
0 41 0 0 814 134 4 29 814 134 16
0 56 0 0 777 135 4 35 777 135 25
0 66 0 0 734 138 4 41 734 138 29
0 66 0 0 704 133 4 41 704 133 29
0 50 0 0 674 137 4 30 674 137 24
0 57 0 0 640 143 4 37 640 143 24
0 69 0 0 594 144 4 40 594 144 33
0 62 0 0 569 136 4 39 569 136 27
0 60 0 0 531 145 4 39 531 145 25
0 62 0 0 504 139 4 37 504 139 29
0 51 0 0 475 149 4 35 475 149 20
0 51 0 0 462 148 4 30 462 148 25
0 65 0 0 459 139 4 43 459 139 26
0 67 0 0 458 145 4 40 458 145 31
0 60 0 0 467 146 4 39 467 146 25
0 68 0 0 473 136 4 43 473 136 29
0 68 0 0 479 136 4 42 479 136 30
0 62 0 0 482 147 4 41 482 147 25
0 75 0 0 481 138 4 43 481 138 36
0 69 0 0 494 136 4 46 494 136 27
0 60 0 0 496 150 4 36 496 150 28
0 68 0 0 490 154 4 43 490 154 29
0 76 0 0 496 142 4 48 496 142 32
0 78 0 0 498 143 4 46 498 143 36
0 81 0 0 489 143 4 53 489 143 32
0 68 0 0 495 148 4 42 495 148 30
0 68 0 0 506 142 4 41 506 142 31
0 57 0 0 494 146 4 40 494 146 21
0 37 0 0 488 138 4 24 488 138 17
0 14 0 0 495 139 4 13 495 139 5
0 7 0 0 500 146 4 9 500 146 2
0 3 0 0 489 152 4 6 489 152 1
0 7 0 0 487 145 4 10 487 145 1
0 15 0 0 481 142 4 13 481 142 6
0 6 0 0 481 155 4 7 481 155 3
0 18 0 0 476 141 4 15 476 141 7
0 8 0 0 479 150 4 9 479 150 3
0 13 0 0 475 143 4 11 475 143 6
0 15 0 0 470 143 4 12 470 143 7
0 15 0 0 466 144 4 14 466 144 5
0 14 0 0 469 145 4 12 469 145 6
0 16 0 0 439 156 4 14 439 156 6
0 20 0 0 417 144 4 16 417 144 8
0 23 0 0 385 148 4 19 385 148 8
0 31 0 0 357 143 4 23 357 143 12
0 29 0 0 328 144 4 23 328 144 10
0 29 0 0 303 147 4 23 303 147 10
0 23 0 0 276 153 5 18 276 153 10
0 33 0 0 236 155 5 27 236 155 11
0 38 0 0 202 153 5 28 202 153 15
0 26 0 0 170 145 6 15 170 145 17
0 28 0 0 134 147 6 22 134 147 12
0 25 0 0 102 144 6 14 102 144 17
0 6 0 0 69 151 6 9 69 151 3
0 20 0 0 35 147 6 17 35 147 9
0 9 0 0 6 152 6 10 6 152 5
0 0 0 0 0 136 6 6 0 136 0
0 17 0 0 6 123 6 15 6 123 8
0 20 0 0 5 123 6 15 5 123 11
0 30 0 0 2 134 6 21 2 134 15
0 21 0 0 0 148 6 16 0 148 11
0 23 0 0 0 158 6 19 0 158 10
0 19 0 0 11 151 6 15 11 151 10
0 30 0 0 7 149 6 20 7 149 16
0 28 0 0 10 149 6 18 10 149 16
0 14 0 0 29 147 6 13 29 147 7
0 22 0 0 20 150 6 17 20 150 11
0 33 0 0 10 153 6 22 10 153 17
0 32 0 0 11 157 6 21 11 157 17
0 28 0 0 16 154 6 19 16 154 15
0 28 0 0 24 151 6 19 24 151 15
0 32 0 0 19 155 6 20 19 155 18
0 33 0 0 17 154 6 22 17 154 17
0 40 0 0 27 144 6 23 27 144 23
0 35 0 0 30 147 6 23 30 147 18
0 33 0 0 30 150 6 20 30 150 19
0 31 0 0 33 152 6 22 33 152 15
0 34 0 0 33 153 6 21 33 153 19
0 27 0 0 41 154 6 19 41 154 14
0 30 0 0 46 149 6 20 46 149 16
0 41 0 0 38 149 6 25 38 149 22
0 47 0 0 35 146 6 27 35 146 26
0 35 0 0 35 156 6 23 35 156 18
0 44 0 0 39 152 6 26 39 152 24
0 37 0 0 47 153 6 23 47 153 20
0 30 0 0 57 150 6 20 57 150 16
0 38 0 0 49 152 6 22 49 152 22
0 36 0 0 59 150 6 21 59 150 21
0 33 0 0 56 154 6 19 56 154 20
0 40 0 0 55 153 6 23 55 153 23
0 39 0 0 60 150 6 21 60 150 24
0 44 0 0 55 153 6 26 55 153 24
0 39 0 0 56 157 6 21 56 157 24
0 33 0 0 66 157 6 20 66 157 19
0 32 0 0 70 159 6 19 70 159 19
0 43 0 0 66 151 6 26 66 151 23
0 42 0 0 76 145 6 23 76 145 25
0 41 0 0 71 153 6 24 71 153 23
0 41 0 0 83 146 6 24 83 146 23
0 44 0 0 75 152 6 25 75 152 25
0 48 0 0 69 157 6 27 69 157 27
0 42 0 0 77 157 6 24 77 157 24
0 34 0 0 79 163 6 21 79 163 19
0 53 0 0 68 158 6 28 68 158 31
0 51 0 0 86 142 6 28 86 142 29
0 51 0 0 87 148 6 27 87 148 30
0 47 0 0 86 157 6 26 86 157 27
0 57 0 0 84 152 6 30 84 152 33
0 54 0 0 81 158 6 29 81 158 31
0 60 0 0 78 159 6 34 78 159 32
0 62 0 0 79 162 6 32 79 162 36
0 53 0 0 90 162 6 33 90 162 26
0 52 0 0 91 164 6 28 91 164 30
0 55 0 0 100 157 6 33 100 157 28
0 62 0 0 100 151 6 34 100 151 34
0 65 0 0 97 155 6 37 97 155 34
0 74 0 0 87 162 6 41 87 162 39
0 75 0 0 86 163 6 40 86 163 41
0 71 0 0 95 161 6 41 95 161 36
0 78 0 0 104 153 6 42 104 153 42
0 89 0 0 102 146 6 51 102 146 44
0 77 0 0 102 155 6 43 102 155 40
0 77 0 0 118 149 6 42 118 149 41
0 71 0 0 110 161 6 40 110 161 37
0 56 0 0 117 161 6 24 117 161 38
0 58 0 0 118 157 6 37 118 157 27
0 60 0 0 125 152 6 30 125 152 36
0 58 0 0 124 162 6 30 124 162 34
0 70 0 0 126 153 6 38 126 153 38
0 62 0 0 135 158 6 28 135 158 40
0 67 0 0 137 157 6 40 137 157 33
0 67 0 0 139 160 6 31 139 160 42
0 68 0 0 143 165 6 39 143 165 35
0 75 0 0 148 159 6 39 148 159 42
0 80 0 0 143 166 6 38 143 166 48
0 73 0 0 156 164 6 42 156 164 37
0 84 0 0 170 146 6 40 170 146 50
0 87 0 0 177 147 6 44 177 147 49
0 83 0 0 179 158 6 46 179 158 43
0 81 0 0 179 161 6 38 179 161 49
0 62 0 0 192 168 6 34 192 168 34
0 54 0 0 202 161 6 21 202 161 39
0 77 0 0 193 156 6 38 193 156 45
0 70 0 0 202 158 6 34 202 158 42
0 65 0 0 212 162 6 26 212 162 45
0 69 0 0 224 157 6 36 224 157 39
0 59 0 0 235 161 6 25 235 161 40
0 67 0 0 235 165 6 35 235 165 38
0 65 0 0 247 158 6 29 247 158 42
0 81 0 0 258 144 6 39 258 144 48
0 77 0 0 262 153 6 37 262 153 46
0 79 0 0 258 165 6 34 258 165 51
0 64 0 0 276 166 6 34 276 166 36
0 41 0 0 292 161 6 29 292 161 18
0 31 0 0 293 158 6 22 293 158 15
0 24 0 0 298 161 6 19 298 161 11
0 33 0 0 303 160 6 22 303 160 17
0 32 0 0 312 158 6 26 312 158 12
0 33 0 0 319 163 6 22 319 163 17
0 31 0 0 321 168 6 25 321 168 12
0 30 0 0 332 170 6 20 332 170 16
0 26 0 0 343 162 6 21 343 162 11
0 35 0 0 352 156 6 24 352 156 17
0 34 0 0 361 156 6 26 361 156 14
0 36 0 0 366 166 6 25 366 166 17
0 36 0 0 375 162 6 26 375 162 16
0 37 0 0 382 166 6 26 382 166 17
0 32 0 0 391 166 6 22 391 166 16
0 44 0 0 401 158 6 31 401 158 19
0 33 0 0 416 167 6 23 416 167 16
0 38 0 0 422 169 6 27 422 169 17
0 36 0 0 436 166 6 23 436 166 19
0 25 0 0 456 166 6 21 456 166 10
0 41 0 0 469 156 6 26 469 156 21
0 46 0 0 484 152 6 32 484 152 20
0 34 0 0 494 165 6 23 494 165 17
0 37 0 0 499 172 6 27 499 172 16
0 32 0 0 517 168 6 21 517 168 17
0 31 0 0 529 168 6 23 529 168 14
0 36 0 0 541 167 6 24 541 167 18
0 50 0 0 536 169 6 33 536 169 23
0 44 0 0 545 171 6 26 545 171 24
0 36 0 0 556 169 6 25 556 169 17
0 38 0 0 563 173 6 24 563 173 20
0 49 0 0 569 169 6 33 569 169 22
0 45 0 0 576 170 6 28 576 170 23
0 48 0 0 582 168 6 32 582 168 22
0 58 0 0 588 162 6 32 588 162 32
0 58 0 0 601 158 6 38 601 158 26
0 52 0 0 609 164 6 30 609 164 28
0 50 0 0 616 164 6 33 616 164 23
0 53 0 0 618 171 6 32 618 171 27
0 62 0 0 628 157 6 36 628 157 32
0 43 0 0 642 166 6 30 642 166 19
0 59 0 0 649 164 6 33 649 164 32
0 52 0 0 668 163 6 36 668 163 22
0 61 0 0 682 158 6 33 682 158 34
0 58 0 0 693 160 6 39 693 160 25
0 60 0 0 700 170 6 33 700 170 33
0 47 0 0 714 173 6 32 714 173 21
0 53 0 0 727 170 6 32 727 170 27
0 56 0 0 732 177 6 35 732 177 27
0 62 0 0 748 166 6 38 748 166 30
0 65 0 0 756 173 6 37 756 173 34
0 66 0 0 765 172 6 44 765 172 28
0 65 0 0 773 178 6 36 773 178 35
0 65 0 0 781 177 6 45 781 177 26
0 69 0 0 785 177 6 39 785 177 36
0 73 0 0 797 172 6 47 797 172 32
0 74 0 0 810 170 6 47 810 170 33
0 80 0 0 831 155 6 45 831 155 41
0 84 0 0 841 156 6 57 841 156 33
0 80 0 0 850 164 6 47 850 164 39
0 63 0 0 870 174 6 41 870 174 28
0 82 0 0 871 172 6 55 871 172 33
0 50 0 0 881 179 6 34 881 179 22
0 17 0 0 888 184 6 19 888 184 4
0 16 0 0 906 168 6 16 906 168 6
0 23 0 0 920 155 6 20 920 155 9
0 30 0 0 933 158 6 27 933 158 9
0 27 0 0 944 169 6 22 944 169 11
0 22 0 0 950 178 6 21 950 178 7
0 19 0 0 922 175 6 18 922 175 7
0 23 0 0 888 171 6 21 888 171 8
0 16 0 0 861 181 6 16 861 181 6
0 22 0 0 830 174 6 18 830 174 10
0 25 0 0 805 169 6 21 805 169 10
0 26 0 0 780 167 6 22 780 167 10
0 32 0 0 746 171 6 25 746 171 13
0 35 0 0 706 177 6 29 706 177 12
0 44 0 0 682 177 6 33 682 177 17
0 41 0 0 687 179 6 34 687 179 13
0 40 0 0 690 187 6 32 690 187 14
0 47 0 0 690 177 6 37 690 177 16
0 48 0 0 690 176 6 38 690 176 16
0 35 0 0 703 182 6 28 703 182 13
0 45 0 0 693 174 6 34 693 174 17
0 50 0 0 685 177 6 38 685 177 18
0 48 0 0 692 180 6 37 692 180 17
0 51 0 0 695 181 6 38 695 181 19
0 52 0 0 703 164 6 40 703 164 18
0 58 0 0 703 166 6 44 703 166 20
0 69 0 0 699 158 6 52 699 158 23
0 63 0 0 699 165 6 46 699 165 23
0 49 0 0 696 176 6 38 696 176 17
0 50 0 0 664 177 6 37 664 177 19
0 55 0 0 631 176 7 42 631 176 20
0 70 0 0 601 159 7 53 601 159 24
0 60 0 0 563 172 8 41 563 172 27
0 32 0 0 537 175 8 22 537 175 18
0 27 0 0 507 178 8 23 507 178 12
0 21 0 0 481 172 8 18 481 172 11
0 30 0 0 445 169 8 25 445 169 13
0 31 0 0 445 166 8 23 445 166 16
0 30 0 0 455 167 8 21 455 167 17
0 31 0 0 463 169 8 22 463 169 17
0 34 0 0 472 169 8 23 472 169 19
0 29 0 0 486 175 8 23 486 175 14
0 37 0 0 495 168 8 23 495 168 22
0 40 0 0 500 173 8 28 500 173 20
0 31 0 0 517 175 8 21 517 175 18
0 47 0 0 533 152 8 31 533 152 24
0 33 0 0 548 163 8 23 548 163 18
0 36 0 0 555 178 8 26 555 178 18
0 29 0 0 564 183 8 22 564 183 15
0 31 0 0 577 178 8 22 577 178 17
0 46 0 0 586 170 8 30 586 170 24
0 46 0 0 579 175 8 29 579 175 25
0 37 0 0 546 185 8 26 546 185 19
0 40 0 0 515 180 8 25 515 180 23
0 30 0 0 486 184 8 23 486 184 15
0 37 0 0 488 174 8 24 488 174 21
0 49 0 0 496 167 8 32 496 167 25
0 50 0 0 506 172 8 29 506 172 29
0 40 0 0 526 170 8 27 526 170 21
0 29 0 0 538 187 8 20 538 187 17
0 46 0 0 541 182 8 30 541 182 24
0 50 0 0 552 175 8 27 552 175 31
0 34 0 0 539 185 8 25 539 185 17
0 34 0 0 507 185 8 21 507 185 21
0 34 0 0 479 193 8 26 479 193 16
0 46 0 0 447 180 8 26 447 180 28
0 46 0 0 419 178 8 32 419 178 22
0 27 0 0 395 184 8 18 395 184 17
0 35 0 0 358 194 8 26 358 194 17
0 38 0 0 333 181 8 24 333 181 22
0 48 0 0 333 174 8 32 333 174 24
0 43 0 0 328 184 8 24 328 184 27
0 41 0 0 331 185 8 29 331 185 20
0 57 0 0 324 177 8 30 324 177 35
0 57 0 0 318 182 8 35 318 182 30
0 42 0 0 332 185 8 24 332 185 26
0 53 0 0 330 177 8 33 330 177 28
0 48 0 0 330 181 8 26 330 181 30
0 63 0 0 323 177 8 37 323 177 34
0 49 0 0 329 181 8 30 329 181 27
0 52 0 0 328 185 8 30 328 185 30
0 61 0 0 320 188 8 37 320 188 32
0 52 0 0 331 187 8 27 331 187 33
0 52 0 0 343 183 8 32 343 183 28
0 51 0 0 351 190 8 27 351 190 32
0 48 0 0 363 183 8 31 363 183 25
0 54 0 0 362 179 8 30 362 179 32
0 56 0 0 363 178 8 35 363 178 29
0 57 0 0 354 182 8 33 354 182 32
0 54 0 0 362 184 8 32 362 184 30
0 66 0 0 355 176 8 40 355 176 34
0 72 0 0 347 182 8 36 347 182 44
0 58 0 0 369 177 8 36 369 177 30
0 53 0 0 378 179 8 30 378 179 31
0 68 0 0 383 180 8 38 383 180 38
0 80 0 0 387 182 8 46 387 182 42
0 76 0 0 405 174 8 41 405 174 43
0 72 0 0 416 177 8 43 416 177 37
0 76 0 0 410 188 8 43 410 188 41
0 74 0 0 413 195 8 42 413 195 40
0 78 0 0 419 183 8 48 419 183 38
0 81 0 0 427 183 8 44 427 183 45
0 84 0 0 432 180 8 51 432 180 41
0 84 0 0 438 180 8 48 438 180 44
0 91 0 0 437 178 8 49 437 178 50
0 89 0 0 435 183 8 54 435 183 43
0 88 0 0 433 184 8 51 433 184 45
0 74 0 0 443 186 8 43 443 186 39
0 66 0 0 452 188 8 42 452 188 32
0 51 0 0 448 183 8 30 448 183 29
0 35 0 0 451 179 8 34 451 179 9
0 26 0 0 443 191 8 19 443 191 15
0 14 0 0 450 196 8 20 450 196 2
0 30 0 0 454 185 8 23 454 185 15
0 30 0 0 456 186 8 28 456 186 10
0 19 0 0 468 192 8 18 468 192 9
0 22 0 0 474 181 8 21 474 181 9
0 26 0 0 468 188 8 25 468 188 9
0 22 0 0 480 191 8 20 480 191 10
0 30 0 0 473 188 8 27 473 188 11
0 37 0 0 474 186 8 29 474 186 16
0 41 0 0 485 179 8 33 485 179 16
0 40 0 0 475 191 8 31 475 191 17
0 44 0 0 484 184 8 35 484 184 17
0 51 0 0 479 183 8 37 479 183 22
0 49 0 0 479 191 8 40 479 191 17
0 51 0 0 482 189 8 37 482 189 22
0 47 0 0 492 185 8 39 492 185 16
0 65 0 0 489 174 8 47 489 174 26
0 67 0 0 485 176 8 51 485 176 24
0 56 0 0 492 184 8 41 492 184 23
0 46 0 0 508 183 8 36 508 183 18
0 41 0 0 508 187 8 32 508 187 17
0 55 0 0 499 185 8 41 499 185 22
0 69 0 0 498 176 8 50 498 176 27
0 66 0 0 493 188 8 49 493 188 25
0 55 0 0 499 194 8 41 499 194 22
0 61 0 0 500 188 8 45 500 188 24
0 47 0 0 512 195 8 35 512 195 20
0 52 0 0 499 201 8 38 499 201 22
0 59 0 0 508 187 8 44 508 187 23
0 60 0 0 513 185 8 43 513 185 25
0 63 0 0 506 190 8 46 506 190 25
0 55 0 0 504 202 8 40 504 202 23
0 76 0 0 499 184 8 52 499 184 32
0 64 0 0 508 188 8 48 508 188 24
0 60 0 0 516 189 8 41 516 189 27
0 63 0 0 508 194 8 46 508 194 25
0 64 0 0 518 187 8 45 518 187 27
0 61 0 0 514 195 8 43 514 195 26
0 66 0 0 512 193 8 48 512 193 26
0 78 0 0 501 192 8 52 501 192 34
0 66 0 0 507 196 8 46 507 196 28
0 74 0 0 515 185 8 50 515 185 32
0 58 0 0 518 201 8 41 518 201 25
0 70 0 0 518 183 8 48 518 183 30
0 79 0 0 513 185 8 55 513 185 32
0 61 0 0 515 200 8 41 515 200 28
0 67 0 0 516 192 8 47 516 192 28
0 71 0 0 510 199 8 49 510 199 30
0 62 0 0 517 201 8 42 517 201 28
0 66 0 0 522 193 8 46 522 193 28
0 65 0 0 524 193 8 44 524 193 29
0 68 0 0 514 199 8 49 514 199 27
0 71 0 0 515 196 8 46 515 196 33
0 64 0 0 530 192 8 44 530 192 28
0 79 0 0 515 191 8 53 515 191 34
0 73 0 0 523 189 8 49 523 189 32
0 62 0 0 536 191 8 45 536 191 25
0 81 0 0 528 182 8 52 528 182 37
0 69 0 0 536 177 8 49 536 177 28
0 66 0 0 524 194 8 45 524 194 29
0 63 0 0 526 197 8 42 526 197 29
0 32 0 0 530 195 8 30 530 195 10
0 18 0 0 531 182 8 21 531 182 5
0 10 0 0 527 193 8 13 527 193 5
0 9 0 0 524 197 8 15 524 197 2
0 21 0 0 512 202 8 21 512 202 8
0 23 0 0 517 195 8 23 517 195 8
0 24 0 0 521 196 8 23 521 196 9
0 27 0 0 522 191 8 26 522 191 9
0 21 0 0 530 197 8 22 530 197 7
0 27 0 0 518 202 8 25 518 202 10
0 26 0 0 517 202 8 25 517 202 9
0 22 0 0 525 205 8 23 525 205 7
0 18 0 0 535 195 9 20 535 195 7
0 23 0 0 527 198 9 23 527 198 9
0 13 0 0 527 212 9 16 527 212 6
0 5 0 0 531 195 10 13 531 195 2
0 14 0 0 536 187 10 18 536 187 6
0 10 0 0 529 192 10 14 529 192 6
0 5 0 0 532 191 10 13 532 191 2
0 7 0 0 530 197 10 14 530 197 3
0 12 0 0 531 196 10 15 531 196 7
0 16 0 0 528 195 10 19 528 195 7
0 20 0 0 529 190 10 21 529 190 9
0 22 0 0 525 195 10 20 525 195 12
0 13 0 0 536 193 10 17 536 193 6
0 10 0 0 541 198 10 15 541 198 5
0 20 0 0 530 200 10 20 530 200 10
0 14 0 0 527 205 10 18 527 205 6
0 8 0 0 543 203 10 14 543 203 4
0 7 0 0 553 199 10 13 553 199 4
0 9 0 0 543 208 10 14 543 208 5
0 12 0 0 548 203 10 14 548 203 8
0 13 0 0 547 203 10 18 547 203 5
0 13 0 0 557 200 10 16 557 200 7
0 28 0 0 548 192 10 23 548 192 15
0 26 0 0 567 181 10 23 567 181 13
0 27 0 0 553 191 10 23 553 191 14
0 28 0 0 549 199 10 25 549 199 13
0 32 0 0 550 195 10 23 550 195 19
0 26 0 0 554 203 10 24 554 203 12
0 27 0 0 563 197 10 21 563 197 16
0 27 0 0 568 195 10 22 568 195 15
0 38 0 0 562 194 10 28 562 194 20
0 30 0 0 566 200 10 23 566 200 17
0 25 0 0 571 204 10 23 571 204 12
0 27 0 0 572 205 10 20 572 205 17
0 35 0 0 570 201 10 28 570 201 17
0 31 0 0 578 199 10 21 578 199 20
0 34 0 0 574 203 10 26 574 203 18
0 25 0 0 585 205 10 20 585 205 15
0 31 0 0 586 202 10 24 586 202 17
0 34 0 0 590 204 10 26 590 204 18
0 37 0 0 593 200 10 26 593 200 21
0 37 0 0 597 203 10 28 597 203 19
0 31 0 0 606 201 10 22 606 201 19
0 30 0 0 621 194 10 25 621 194 15
0 37 0 0 620 190 10 24 620 190 23
0 30 0 0 622 199 10 26 622 199 14
0 31 0 0 614 212 10 22 614 212 19
0 38 0 0 629 195 10 29 629 195 19
0 45 0 0 621 200 10 27 621 200 28
0 34 0 0 631 206 10 27 631 206 17
0 29 0 0 645 205 10 22 645 205 17
0 35 0 0 644 203 10 26 644 203 19
0 40 0 0 642 209 10 25 642 209 25
0 42 0 0 648 205 10 29 648 205 23
0 45 0 0 663 198 10 27 663 198 28
0 49 0 0 673 187 10 33 673 187 26
0 43 0 0 671 201 10 27 671 201 26
0 37 0 0 678 209 10 27 678 209 20
0 48 0 0 676 204 10 30 676 204 28
0 44 0 0 696 196 10 31 696 196 23
0 48 0 0 696 202 10 30 696 202 28
0 54 0 0 704 196 10 35 704 196 29
0 35 0 0 717 206 10 25 717 206 20
0 62 0 0 702 199 10 39 702 199 33
0 53 0 0 713 202 10 33 713 202 30
0 58 0 0 716 207 10 37 716 207 31
0 52 0 0 728 207 10 33 728 207 29
0 54 0 0 732 211 10 35 732 211 29
0 58 0 0 735 210 10 37 735 210 31
0 67 0 0 744 202 10 41 744 202 36
0 66 0 0 765 190 10 43 765 190 33
0 64 0 0 782 190 10 40 782 190 34
0 63 0 0 774 206 10 41 774 206 32
0 68 0 0 784 206 10 44 784 206 34
0 72 0 0 792 204 10 45 792 204 37
0 76 0 0 799 202 10 49 799 202 37
0 85 0 0 805 198 10 53 805 198 42
0 76 0 0 811 208 10 47 811 208 39
0 90 0 0 813 202 10 57 813 202 43
0 76 0 0 826 207 10 48 826 207 38
0 70 0 0 844 203 10 48 844 203 32
0 77 0 0 853 200 10 52 853 200 35
0 51 0 0 855 199 10 39 855 199 22
0 30 0 0 865 193 10 33 865 193 7
0 31 0 0 879 193 10 29 879 193 12
0 22 0 0 889 203 10 24 889 203 8
0 28 0 0 897 204 10 28 897 204 10
0 35 0 0 896 207 10 32 896 207 13
0 32 0 0 907 208 10 30 907 208 12
0 18 0 0 922 209 10 21 922 209 7
0 34 0 0 924 205 10 31 924 205 13
0 43 0 0 935 200 10 38 935 200 15
0 43 0 0 938 204 10 36 938 204 17
0 37 0 0 951 210 10 34 951 210 13
0 51 0 0 962 195 10 41 962 195 20
0 44 0 0 970 205 10 39 970 205 15
0 42 0 0 983 204 10 35 983 204 17
0 41 0 0 1000 200 10 39 1000 200 12
0 46 0 0 1000 205 10 38 1000 205 18
0 48 0 0 997 213 10 42 997 213 16
0 54 0 0 997 210 10 44 997 210 20
0 58 0 0 999 207 10 48 999 207 20
0 48 0 0 1000 204 10 39 1000 204 19
0 49 0 0 999 208 10 43 999 208 16
0 60 0 0 998 210 10 47 998 210 23
0 63 0 0 999 200 10 50 999 200 23
0 51 0 0 998 214 10 41 998 214 20
0 61 0 0 999 208 10 48 999 208 23
0 61 0 0 999 211 10 50 999 211 21
0 68 0 0 997 207 10 51 997 207 27
0 65 0 0 1000 199 10 52 1000 199 23
0 63 0 0 999 195 10 48 999 195 25
0 56 0 0 1000 208 10 45 1000 208 21
0 57 0 0 1000 213 10 46 1000 213 21
0 63 0 0 1000 206 10 48 1000 206 25
0 58 0 0 1000 205 10 49 1000 205 19
0 75 0 0 998 200 10 53 998 200 32
0 66 0 0 998 203 10 52 998 203 24
0 56 0 0 1000 219 10 44 1000 219 22
0 65 0 0 1000 202 10 50 1000 202 25
0 58 0 0 999 216 10 50 999 216 18
0 53 0 0 998 217 10 40 998 217 23
0 59 0 0 999 211 10 48 999 211 21
0 72 0 0 999 203 10 51 999 203 31
0 66 0 0 998 206 10 52 998 206 24
0 72 0 0 999 200 10 52 999 200 30
0 69 0 0 1000 204 10 52 1000 204 27
0 71 0 0 996 207 10 54 996 207 27
0 76 0 0 998 204 10 54 998 204 32
0 66 0 0 999 206 10 51 999 206 25
0 57 0 0 1000 217 11 41 1000 217 27
0 56 0 0 970 216 11 45 970 216 22
0 78 0 0 936 201 11 55 936 201 34
0 57 0 0 903 210 12 39 903 210 30
0 41 0 0 876 208 12 36 876 208 17
0 38 0 0 846 214 12 30 846 214 20
0 43 0 0 816 198 12 32 816 198 23
0 32 0 0 783 200 12 28 783 200 16
0 29 0 0 748 213 12 25 748 213 16
0 26 0 0 721 216 12 23 721 216 15
0 23 0 0 731 211 12 22 731 211 13
0 32 0 0 719 213 12 25 719 213 19
0 30 0 0 727 209 12 26 727 209 16
0 40 0 0 725 204 12 29 725 204 23
0 36 0 0 718 215 12 28 718 215 20
0 33 0 0 722 216 12 26 722 216 19
0 42 0 0 718 213 12 31 718 213 23
0 47 0 0 710 216 12 32 710 216 27
0 43 0 0 711 216 12 32 711 216 23
0 52 0 0 725 199 12 34 725 199 30
0 39 0 0 728 209 12 30 728 209 21
0 27 0 0 722 227 12 24 722 227 15
0 43 0 0 717 215 12 31 717 215 24
0 49 0 0 725 204 12 33 725 204 28
0 47 0 0 725 206 12 33 725 206 26
0 41 0 0 722 215 12 31 722 215 22
0 49 0 0 717 215 12 33 717 215 28
0 42 0 0 722 215 12 31 722 215 23
0 58 0 0 724 200 12 37 724 200 33
0 50 0 0 729 200 12 33 729 200 29
0 58 0 0 720 201 12 38 720 201 32
0 58 0 0 716 205 12 35 716 205 35
0 58 0 0 708 199 12 38 708 199 32
0 49 0 0 678 208 12 30 678 208 31
0 48 0 0 648 215 12 33 648 215 27
0 62 0 0 609 210 12 36 609 210 38
0 50 0 0 581 214 12 33 581 214 29
0 52 0 0 549 214 12 34 549 214 30
0 55 0 0 514 217 12 34 514 217 33
0 53 0 0 485 213 12 36 485 213 29
0 60 0 0 453 208 12 35 453 208 37
0 56 0 0 413 220 12 37 413 220 31
0 57 0 0 376 220 12 33 376 220 36
0 53 0 0 343 222 12 36 343 222 29
0 52 0 0 314 214 12 31 314 214 33
0 55 0 0 281 216 12 36 281 216 31
0 66 0 0 248 207 12 38 248 207 40
0 58 0 0 216 213 12 35 216 213 35
0 61 0 0 181 215 12 38 181 215 35
0 62 0 0 159 208 12 36 159 208 38
0 64 0 0 121 214 12 40 121 214 36
0 69 0 0 84 210 12 37 84 210 44
0 67 0 0 43 220 12 40 43 220 39
0 65 0 0 9 217 12 39 9 217 38
0 53 0 0 0 201 12 33 0 201 32
0 39 0 0 8 206 12 30 8 206 21
0 53 0 0 13 217 12 34 13 217 31
0 67 0 0 24 211 12 41 24 211 38
0 77 0 0 24 211 12 41 24 211 48
0 74 0 0 39 209 12 45 39 209 41
0 64 0 0 52 214 12 36 52 214 40
0 64 0 0 66 215 12 41 66 215 35
0 63 0 0 75 224 12 38 75 224 37
0 76 0 0 82 217 12 43 82 217 45
0 78 0 0 93 215 12 47 93 215 43
0 69 0 0 109 213 12 41 109 213 40
0 65 0 0 123 218 12 41 123 218 36
0 61 0 0 141 225 12 37 141 225 36
0 78 0 0 153 216 12 47 153 216 43
0 82 0 0 162 216 12 48 162 216 46
0 86 0 0 178 213 12 50 178 213 48
0 88 0 0 180 222 12 53 180 222 47
0 81 0 0 186 222 12 44 186 222 49
0 81 0 0 191 221 12 50 191 221 43
0 83 0 0 213 209 12 50 213 209 45
0 61 0 0 222 216 12 37 222 216 36
0 33 0 0 228 226 12 33 228 226 12
0 19 0 0 233 227 12 18 233 227 13
0 15 0 0 244 224 12 26 244 224 1
0 36 0 0 252 213 12 31 252 213 17
0 26 0 0 264 220 12 28 264 220 10
0 25 0 0 277 220 12 26 277 220 11
0 28 0 0 277 232 12 28 277 232 12
0 39 0 0 282 222 12 36 282 222 15
0 29 0 0 296 224 12 28 296 224 13
0 29 0 0 313 217 12 31 313 217 10
0 49 0 0 324 208 12 39 324 208 22
0 36 0 0 339 218 12 36 339 218 12
0 42 0 0 351 215 12 35 351 215 19
0 42 0 0 361 222 12 39 361 222 15
0 50 0 0 366 222 12 39 366 222 23
0 48 0 0 374 219 12 43 374 219 17
0 47 0 0 388 218 12 38 388 218 21
0 41 0 0 400 220 12 38 400 220 15
0 46 0 0 413 220 12 36 413 220 22
0 44 0 0 421 225 12 40 421 225 16
0 41 0 0 435 228 12 34 435 228 19
0 52 0 0 437 222 12 44 437 222 20
0 65 0 0 437 222 12 48 437 222 29
0 45 0 0 451 221 12 39 451 221 18
0 48 0 0 460 225 12 38 460 225 22
0 49 0 0 474 223 12 41 474 223 20
0 57 0 0 483 218 12 45 483 218 24
0 63 0 0 496 211 12 49 496 211 26
0 59 0 0 505 221 12 46 505 221 25
0 55 0 0 519 221 12 42 519 221 25
0 56 0 0 532 221 12 45 532 221 23
0 50 0 0 546 227 12 39 546 227 23
0 60 0 0 555 220 12 48 555 220 24
0 60 0 0 573 215 12 43 573 215 29
0 58 0 0 580 225 12 46 580 225 24
0 71 0 0 584 223 12 50 584 223 33
0 57 0 0 593 231 12 45 593 231 24
0 61 0 0 602 222 12 46 602 222 27
0 60 0 0 609 230 12 44 609 230 28
0 52 0 0 623 225 12 42 623 225 22
0 76 0 0 627 215 12 51 627 215 37
0 69 0 0 632 222 12 53 632 222 28
0 74 0 0 639 223 12 50 639 223 36
0 64 0 0 654 222 12 47 654 222 29
0 58 0 0 670 220 12 45 670 220 25
0 67 0 0 678 224 12 44 678 224 35
0 67 0 0 686 226 12 53 686 226 26
0 58 0 0 693 233 12 39 693 233 31
0 60 0 0 706 224 12 48 706 224 24
0 71 0 0 715 217 12 48 715 217 35
0 67 0 0 720 225 12 45 720 225 34
0 67 0 0 717 227 12 52 717 227 27
0 83 0 0 699 226 12 52 699 226 43
0 62 0 0 707 233 12 49 707 233 25
0 76 0 0 714 216 12 54 714 216 34
0 59 0 0 718 224 12 39 718 224 32
0 20 0 0 721 232 12 24 721 232 8
0 2 0 0 720 231 12 13 720 231 1
0 13 0 0 684 233 12 19 684 233 6
0 21 0 0 649 228 12 25 649 228 8
0 18 0 0 620 224 12 23 620 224 7
0 20 0 0 593 217 12 25 593 217 7
0 16 0 0 574 225 12 23 574 225 5
0 23 0 0 576 218 12 27 576 218 8
0 15 0 0 579 226 12 21 579 226 6
0 20 0 0 580 228 12 24 580 228 8
0 26 0 0 581 223 12 27 581 223 11
0 21 0 0 582 237 12 24 582 237 9
0 23 0 0 587 225 12 26 587 225 9
0 36 0 0 590 212 12 35 590 212 13
0 32 0 0 601 225 12 34 601 225 10
0 36 0 0 591 226 12 36 591 226 12
0 30 0 0 590 237 12 33 590 237 9
0 29 0 0 599 233 12 30 599 233 11
0 28 0 0 612 228 12 29 612 228 11
0 35 0 0 599 225 12 33 599 225 14
0 41 0 0 602 227 12 39 602 227 14
0 47 0 0 602 224 12 41 602 224 18
0 34 0 0 609 236 12 35 609 236 11
0 38 0 0 603 231 12 35 603 231 15
0 41 0 0 568 232 12 39 568 232 14
0 45 0 0 538 225 12 39 538 225 18
0 58 0 0 503 223 12 50 503 223 20
0 40 0 0 515 233 12 36 515 233 16
0 34 0 0 539 228 12 32 539 228 14
0 32 0 0 550 232 12 31 550 232 13
0 36 0 0 562 232 12 34 562 232 14
0 40 0 0 577 226 12 34 577 226 18
0 45 0 0 583 229 12 40 583 229 17
0 48 0 0 597 229 12 39 597 229 21
0 38 0 0 612 230 12 36 612 230 14
0 49 0 0 627 224 13 41 627 224 21
0 47 0 0 635 225 13 43 635 225 17
0 40 0 0 654 223 14 32 654 223 22
0 25 0 0 661 230 14 28 661 230 11
0 18 0 0 659 237 14 21 659 237 11
0 11 0 0 633 227 14 19 633 227 6
0 8 0 0 606 229 14 17 606 229 5
0 19 0 0 578 223 14 23 578 223 10
0 27 0 0 540 230 14 26 540 230 15
0 20 0 0 514 228 14 23 514 228 11
0 20 0 0 489 234 14 25 489 234 9
0 11 0 0 500 238 14 19 500 238 6
0 17 0 0 513 233 14 21 513 233 10
0 29 0 0 521 229 14 27 521 229 16
0 27 0 0 536 226 14 26 536 226 15
0 41 0 0 545 217 14 33 545 217 22
0 40 0 0 553 221 14 32 553 221 22
0 37 0 0 564 224 14 32 564 224 19
0 31 0 0 536 233 14 28 536 233 17
0 24 0 0 506 234 14 25 506 234 13
0 34 0 0 471 233 14 28 471 233 20
0 36 0 0 433 234 14 31 433 234 19
0 37 0 0 395 238 14 29 395 238 22
0 32 0 0 365 232 14 29 365 232 17
0 37 0 0 328 235 14 30 328 235 21
0 40 0 0 295 229 14 32 295 229 22
0 34 0 0 266 227 14 29 266 227 19
0 28 0 0 237 235 14 26 237 235 16
0 38 0 0 204 229 14 30 204 229 22
0 46 0 0 169 224 14 33 169 224 27
0 40 0 0 142 230 14 31 142 230 23
0 42 0 0 118 224 14 31 118 224 25
0 34 0 0 129 233 14 27 129 233 21
0 41 0 0 135 231 14 30 135 231 25
0 45 0 0 141 234 14 31 141 234 28
0 43 0 0 151 233 14 31 151 233 26
0 52 0 0 152 232 14 35 152 232 31
0 55 0 0 154 231 14 37 154 231 32
0 30 0 0 177 236 14 25 177 236 19
0 23 0 0 190 241 14 24 190 241 13
0 48 0 0 186 233 14 33 186 233 29
0 64 0 0 186 226 14 39 186 226 39
0 46 0 0 202 228 14 33 202 228 27
0 37 0 0 216 236 14 28 216 236 23
0 47 0 0 219 233 14 33 219 233 28
0 45 0 0 227 238 14 31 227 238 28
0 45 0 0 242 233 14 32 242 233 27
0 49 0 0 254 228 14 33 254 228 30
0 40 0 0 266 228 14 29 266 228 25
0 37 0 0 237 235 14 29 237 235 22
0 44 0 0 233 228 14 31 233 228 27
0 40 0 0 238 229 14 29 238 229 25
0 41 0 0 226 239 14 30 226 239 25
0 52 0 0 224 231 14 35 224 231 31
0 47 0 0 221 244 14 32 221 244 29
0 52 0 0 225 235 14 36 225 235 30
0 51 0 0 185 248 14 34 185 248 31
0 50 0 0 151 242 14 35 151 242 29
0 64 0 0 119 232 14 40 119 232 38
0 58 0 0 126 239 14 38 126 239 34
0 54 0 0 139 238 14 37 139 238 31
0 53 0 0 150 239 14 38 150 239 29
0 51 0 0 169 240 14 35 169 240 30
0 63 0 0 170 243 14 41 170 243 36
0 69 0 0 152 233 14 44 152 233 39
0 65 0 0 164 233 14 41 164 233 38
0 72 0 0 172 234 14 44 172 234 42
0 73 0 0 182 239 14 46 182 239 41
0 83 0 0 165 237 14 52 165 237 45
0 83 0 0 147 238 14 51 147 238 46
0 80 0 0 113 236 14 50 113 236 44
0 83 0 0 98 236 14 52 98 236 45
0 84 0 0 106 230 14 52 106 230 46
0 73 0 0 112 238 14 50 112 238 37
0 75 0 0 104 245 14 48 104 245 41
0 82 0 0 101 244 14 53 101 244 43
0 82 0 0 110 239 14 54 110 239 42
0 94 0 0 116 224 14 59 116 224 49
0 85 0 0 109 235 14 58 109 235 41
0 85 0 0 108 240 14 56 108 240 43
0 94 0 0 105 236 14 63 105 236 45
0 67 0 0 108 241 14 52 108 241 29
0 25 0 0 120 236 14 31 120 236 8
0 15 0 0 123 243 14 26 123 243 3
0 8 0 0 139 235 14 18 139 235 4
0 14 0 0 125 243 14 21 125 243 7
0 20 0 0 115 248 14 29 115 248 5
0 21 0 0 119 248 14 28 119 248 7
0 31 0 0 126 237 14 33 126 237 12
0 37 0 0 133 231 14 38 133 231 13
0 24 0 0 141 237 14 30 141 237 8
0 1 0 0 134 244 14 15 134 244 0
0 0 0 0 123 229 14 14 123 229 0
0 1 0 0 124 227 14 15 124 227 0
0 1 0 0 127 220 14 15 127 220 0
0 1 0 0 130 221 14 15 130 221 0
0 1 0 0 126 232 14 15 126 232 0
0 9 0 0 129 228 14 19 129 228 4
0 0 0 0 141 227 14 14 141 227 0
0 0 0 0 142 242 14 14 142 242 0
0 13 0 0 132 244 14 22 132 244 5
0 3 0 0 149 234 14 16 149 234 1
0 7 0 0 146 238 14 20 146 238 1
0 10 0 0 146 240 14 23 146 240 1
0 1 0 0 155 245 14 14 155 245 1
0 2 0 0 153 244 14 15 153 244 1
0 3 0 0 148 245 14 16 148 245 1
0 2 0 0 165 239 14 15 165 239 1
0 9 0 0 157 236 14 19 157 236 4
0 18 0 0 155 231 14 26 155 231 6
0 11 0 0 158 243 14 23 158 243 2
0 8 0 0 167 241 14 20 167 241 2
0 9 0 0 164 241 14 20 164 241 3
0 15 0 0 159 238 14 25 159 238 4
0 14 0 0 156 248 14 24 156 248 4
0 19 0 0 163 243 14 27 163 243 6
0 19 0 0 169 235 15 26 169 235 8
0 19 0 0 172 238 15 27 172 238 7
0 24 0 0 171 231 15 32 171 231 7
0 18 0 0 154 246 16 23 154 246 11
0 8 0 0 169 241 16 22 169 241 2
0 0 0 0 177 237 16 16 177 237 0
0 8 0 0 160 238 16 20 160 238 4
0 8 0 0 157 247 16 21 157 247 3
0 8 0 0 165 244 16 21 165 244 3
0 10 0 0 169 238 16 21 169 238 5
0 13 0 0 170 235 16 24 170 235 5
0 12 0 0 165 247 16 22 165 247 6
0 7 0 0 170 245 16 20 170 245 3
0 13 0 0 164 247 16 24 164 247 5
0 23 0 0 164 238 16 28 164 238 11
0 18 0 0 169 241 16 25 169 241 9
0 11 0 0 166 251 16 23 166 251 4
0 11 0 0 172 246 16 22 172 246 5
0 19 0 0 159 251 16 26 159 251 9
0 27 0 0 156 245 16 31 156 245 12
0 26 0 0 167 238 16 29 167 238 13
0 18 0 0 171 241 16 28 171 241 6
0 15 0 0 167 252 16 23 167 252 8
0 19 0 0 167 248 17 27 167 248 9
0 15 0 0 180 240 17 26 180 240 6
0 13 0 0 167 243 17 23 167 243 7
0 13 0 0 158 248 17 24 158 248 6
0 17 0 0 157 250 17 25 157 250 9
0 14 0 0 176 233 17 23 176 233 8
0 4 0 0 176 247 17 19 176 247 2
0 13 0 0 161 255 17 22 161 255 8
0 12 0 0 177 245 17 23 177 245 6
0 18 0 0 171 247 17 26 171 247 9
0 32 0 0 165 238 17 32 165 238 17
0 30 0 0 163 246 17 32 163 246 15
0 35 0 0 162 242 17 35 162 242 17
0 32 0 0 169 240 17 33 169 240 16
0 36 0 0 166 241 17 34 166 241 19
0 28 0 0 166 254 17 32 166 254 13
0 30 0 0 174 244 17 30 174 244 17
0 38 0 0 174 239 17 37 174 239 18
0 29 0 0 175 247 17 29 175 247 17
0 37 0 0 165 251 17 37 165 251 17
0 34 0 0 172 247 17 30 172 247 21
0 39 0 0 172 245 17 38 172 245 18
0 35 0 0 174 246 17 31 174 246 21
0 38 0 0 177 245 17 38 177 245 17
0 39 0 0 170 254 17 33 170 254 23
0 50 0 0 163 249 17 44 163 249 23
0 46 0 0 172 245 17 35 172 245 28
0 43 0 0 175 247 17 40 175 247 20
0 31 0 0 187 248 17 28 187 248 20
0 31 0 0 189 249 17 34 189 249 14
0 32 0 0 187 250 17 31 187 250 18
0 31 0 0 194 249 17 32 194 249 16
0 53 0 0 183 238 17 41 183 238 29
0 48 0 0 181 247 17 41 181 247 24
0 45 0 0 185 247 17 36 185 247 26
0 40 0 0 192 249 17 37 192 249 20
0 38 0 0 191 255 17 33 191 255 22
0 58 0 0 180 248 17 45 180 248 30
0 49 0 0 187 250 17 37 187 250 29
0 43 0 0 198 247 17 37 198 247 23
0 46 0 0 194 255 17 36 194 255 27
0 44 0 0 202 251 17 38 202 251 23
0 53 0 0 207 240 17 39 207 240 31
0 50 0 0 200 251 17 40 200 251 27
0 41 0 0 210 254 17 34 210 254 24
0 56 0 0 204 250 17 43 204 250 30
0 46 0 0 213 252 17 37 213 252 26
0 55 0 0 221 242 17 42 221 242 30
0 59 0 0 219 240 17 43 219 240 33
0 43 0 0 227 253 17 35 227 253 25
0 55 0 0 223 250 17 43 223 250 29
0 49 0 0 222 261 17 37 222 261 29
0 54 0 0 234 248 17 42 234 248 29
0 57 0 0 240 244 17 39 240 244 35
0 48 0 0 247 249 17 40 247 249 25
0 54 0 0 243 251 17 38 243 251 33
0 58 0 0 247 249 17 44 247 249 31
0 58 0 0 251 246 17 40 251 246 35
0 63 0 0 247 252 17 45 247 252 35
0 58 0 0 257 249 17 43 257 249 32
0 61 0 0 264 251 17 42 264 251 36
0 56 0 0 280 244 17 45 280 244 28
0 59 0 0 279 245 17 39 279 245 37
0 53 0 0 288 249 17 44 288 249 26
0 54 0 0 289 250 17 39 289 250 32
0 60 0 0 296 245 17 46 296 245 31
0 66 0 0 294 246 17 46 294 246 37
0 65 0 0 299 250 17 46 299 250 36
0 55 0 0 304 259 17 44 304 259 28
0 69 0 0 297 256 17 47 297 256 39
0 79 0 0 308 242 17 55 308 242 41
0 76 0 0 321 241 17 54 321 241 39
0 85 0 0 317 247 17 56 317 247 46
0 53 0 0 332 257 17 49 332 257 21
0 35 0 0 335 260 17 42 335 260 10
0 32 0 0 339 255 17 37 339 255 12
0 29 0 0 333 265 17 39 333 265 7
0 32 0 0 348 255 17 38 348 255 11
0 42 0 0 358 242 17 45 358 242 14
0 30 0 0 378 253 17 37 378 253 10
0 41 0 0 378 240 17 39 378 240 19
0 51 0 0 374 245 17 52 374 245 16
0 59 0 0 376 251 17 55 376 251 21
0 54 0 0 385 253 17 56 385 253 15
0 55 0 0 384 268 17 54 384 268 18
0 47 0 0 402 255 17 49 402 255 15
0 51 0 0 420 237 17 50 420 237 18
0 50 0 0 437 241 17 52 437 241 15
0 52 0 0 433 255 17 50 433 255 19
0 59 0 0 427 253 17 57 427 253 19
0 64 0 0 437 250 17 58 437 250 23
0 63 0 0 441 257 17 61 441 257 19
0 55 0 0 464 253 17 52 464 253 20
0 52 0 0 473 261 17 51 473 261 18
0 54 0 0 484 255 17 50 484 255 21
0 40 0 0 504 256 17 43 504 256 14
0 46 0 0 505 259 17 43 505 259 20
0 54 0 0 504 250 17 51 504 250 20
0 64 0 0 505 255 17 54 505 255 27
0 66 0 0 524 246 17 61 524 246 22
0 63 0 0 537 249 17 58 537 249 22
0 65 0 0 550 252 17 57 550 252 25
0 70 0 0 553 256 17 63 553 256 24
0 74 0 0 560 259 17 65 560 259 26
0 81 0 0 567 251 17 72 567 251 26
0 84 0 0 569 250 17 74 569 250 27
0 81 0 0 573 253 17 73 573 253 25
0 65 0 0 596 256 17 62 596 256 20
0 57 0 0 614 250 17 58 614 250 16
0 52 0 0 621 250 18 60 621 250 10
0 47 0 0 633 251 18 52 633 251 13
0 32 0 0 644 259 18 43 644 259 7
0 31 0 0 646 258 19 40 646 258 10
0 29 0 0 653 256 19 40 653 256 8
0 27 0 0 660 255 19 38 660 255 8
0 25 0 0 668 256 19 38 668 256 6
0 2 0 0 675 257 19 21 675 257 0
0 2 0 0 682 254 19 20 682 254 1
0 6 0 0 695 248 19 24 695 248 1
0 20 0 0 708 243 19 33 708 243 6
0 30 0 0 712 243 19 39 712 243 10
0 13 0 0 732 257 19 29 732 257 3
0 24 0 0 743 250 19 31 743 250 12
0 11 0 0 751 264 19 27 751 264 3
0 16 0 0 761 258 19 30 761 258 5
0 7 0 0 773 263 19 24 773 263 2
0 10 0 0 787 255 19 27 787 255 2
0 26 0 0 787 254 19 36 787 254 9
0 29 0 0 800 249 19 38 800 249 10
0 36 0 0 809 252 19 43 809 252 12
0 36 0 0 808 261 19 45 808 261 10
0 35 0 0 816 265 19 43 816 265 11
0 27 0 0 832 260 20 39 832 260 8
0 21 0 0 847 259 20 33 847 259 8
0 26 0 0 864 247 20 37 864 247 9
0 10 0 0 875 255 20 27 875 255 3
0 12 0 0 879 266 20 28 879 266 4
0 28 0 0 882 263 20 37 882 263 11
0 24 0 0 895 265 20 35 895 265 9
0 34 0 0 900 262 20 40 900 262 14
0 41 0 0 913 252 20 47 913 252 14
0 44 0 0 917 257 20 47 917 257 17
0 46 0 0 923 257 21 51 923 257 16
0 49 0 0 932 253 21 51 932 253 19
0 38 0 0 946 256 21 43 946 256 16
0 22 0 0 963 248 21 29 963 248 14
0 15 0 0 986 253 21 30 986 253 6
0 26 0 0 988 258 22 37 988 258 11
0 25 0 0 997 257 22 36 997 257 11
0 15 0 0 997 262 22 29 997 262 8
0 4 0 0 1000 265 23 25 1000 265 2
0 1 0 0 1000 259 23 23 1000 259 1
0 6 0 0 998 257 24 27 998 257 3
0 9 0 0 998 258 24 26 998 258 7
0 4 0 0 997 251 24 25 997 251 3
0 2 0 0 998 251 25 25 998 251 2
0 3 0 0 998 255 25 26 998 255 2
0 0 0 0 999 249 25 25 999 249 0
0 5 0 0 999 250 25 25 999 250 5
0 4 0 0 999 251 25 27 999 251 2
0 1 0 0 999 255 25 25 999 255 1
0 3 0 0 995 262 25 26 995 262 2
0 0 0 0 1000 258 25 25 1000 258 0
0 1 0 0 983 264 25 26 983 264 0
0 0 0 0 953 258 25 25 953 258 0
0 3 0 0 919 252 25 26 919 252 2
0 2 0 0 885 256 25 26 885 256 1
0 2 0 0 845 261 25 26 845 261 1
0 6 0 0 801 262 25 28 801 262 3
0 1 0 0 767 260 25 25 767 260 1
0 1 0 0 731 263 25 25 731 263 1
0 0 0 0 710 255 25 25 710 255 0
0 3 0 0 708 254 25 26 708 254 2
0 0 0 0 709 254 25 25 709 254 0
0 0 0 0 708 259 25 25 708 259 0
0 5 0 0 709 253 25 26 709 253 4
0 4 0 0 703 257 25 26 703 257 3
0 7 0 0 700 260 25 26 700 260 6
0 7 0 0 700 259 25 26 700 259 6
0 5 0 0 700 264 25 26 700 264 4
0 1 0 0 703 267 25 25 703 267 1
0 3 0 0 706 258 25 26 706 258 2
0 0 0 0 713 252 25 25 713 252 0
0 2 0 0 711 254 25 26 711 254 1
0 4 0 0 712 251 25 27 712 251 2
0 4 0 0 708 254 25 26 708 254 3
0 7 0 0 704 258 25 27 704 258 5
0 1 0 0 705 261 25 25 705 261 1
0 3 0 0 697 267 25 26 697 267 2
0 8 0 0 694 263 26 28 694 263 6
0 8 0 0 682 260 26 27 682 260 7
0 1 0 0 655 255 26 25 655 255 2
0 0 0 0 626 249 26 25 626 249 1
0 1 0 0 630 242 26 26 630 242 1
0 0 0 0 622 255 26 25 622 255 1
0 1 0 0 619 260 26 25 619 260 2
0 3 0 0 624 245 26 26 624 245 3
0 0 0 0 629 240 26 25 629 240 1
0 3 0 0 630 250 26 27 630 250 2
0 1 0 0 627 258 26 25 627 258 2
0 2 0 0 629 251 26 26 629 251 2
0 2 0 0 627 261 26 26 627 261 2
0 2 0 0 639 252 26 26 639 252 2
0 3 0 0 641 252 26 27 641 252 2
0 1 0 0 645 260 26 25 645 260 2
0 9 0 0 648 254 26 29 648 254 6
0 3 0 0 653 262 26 26 653 262 3
0 4 0 0 660 257 26 27 660 257 3
0 0 0 0 669 256 26 25 669 256 1
0 3 0 0 675 263 27 26 675 263 4
0 6 0 0 686 255 27 28 686 255 5
0 1 0 0 667 251 27 25 667 251 3
0 0 0 0 626 253 27 25 626 253 2
0 1 0 0 586 257 27 26 586 257 2
0 0 0 0 554 248 27 25 554 248 2
0 0 0 0 525 240 27 25 525 240 2
0 0 0 0 484 248 27 25 484 248 2
0 0 0 0 466 255 27 25 466 255 2
0 7 0 0 434 259 27 30 434 259 4
0 0 0 0 404 262 27 25 404 262 2
0 2 0 0 370 261 27 27 370 261 2
0 7 0 0 336 263 27 29 336 263 5
0 1 0 0 320 262 27 26 320 262 2
0 2 0 0 313 268 27 26 313 268 3
0 1 0 0 309 278 27 26 309 278 2
0 10 0 0 317 263 27 31 317 263 6
0 12 0 0 319 258 27 31 319 258 8
0 10 0 0 319 263 27 32 319 263 5
0 19 0 0 314 264 27 38 314 264 8
0 14 0 0 324 263 27 34 324 263 7
0 10 0 0 321 270 27 31 321 270 6
0 21 0 0 310 270 27 37 310 270 11
0 19 0 0 321 264 27 37 321 264 9
0 27 0 0 323 256 27 42 323 256 12
0 27 0 0 321 270 27 42 321 270 12
0 22 0 0 339 268 27 40 339 268 9
0 35 0 0 340 263 27 47 340 263 15
0 38 0 0 352 257 27 52 352 257 13
0 39 0 0 363 265 27 49 363 265 17
0 34 0 0 373 265 27 47 373 265 14
0 36 0 0 372 263 27 46 372 263 17
0 37 0 0 364 271 27 50 364 271 14
0 45 0 0 368 261 27 53 368 261 19
0 47 0 0 366 262 27 58 366 262 16
0 49 0 0 370 269 27 56 370 269 20
0 50 0 0 378 266 27 59 378 266 18
0 50 0 0 397 264 27 58 397 264 19
0 48 0 0 410 265 27 58 410 265 17
0 57 0 0 417 262 27 62 417 262 22
0 66 0 0 419 255 27 70 419 255 23
0 64 0 0 428 259 27 68 428 259 23
0 59 0 0 429 270 27 64 429 270 22
0 68 0 0 424 262 27 68 424 262 27
0 71 0 0 432 258 27 75 432 258 23
0 72 0 0 436 268 27 75 436 268 24
0 76 0 0 438 265 27 74 438 265 29
0 76 0 0 434 271 27 77 434 271 26
0 71 0 0 444 271 28 73 444 271 26
0 70 0 0 449 271 28 73 449 271 25
0 61 0 0 451 275 28 66 451 275 23
0 61 0 0 457 270 29 65 457 270 25
0 60 0 0 459 266 29 67 459 266 22
0 56 0 0 461 277 29 65 461 277 20
0 62 0 0 457 273 29 65 457 273 26
0 60 0 0 466 272 29 67 466 272 22
0 63 0 0 464 275 29 65 464 275 27
0 60 0 0 468 277 29 66 468 277 23
0 67 0 0 471 267 29 66 471 267 30
0 80 0 0 472 258 29 78 472 258 31
0 83 0 0 473 262 29 82 473 262 30
0 80 0 0 477 261 29 80 477 261 29
0 76 0 0 486 269 29 80 486 269 25
0 61 0 0 499 273 29 68 499 273 22
0 54 0 0 483 275 29 70 483 275 13
0 54 0 0 482 265 29 69 482 265 14
0 51 0 0 487 266 29 67 487 266 13
0 31 0 0 507 265 29 51 507 265 9
0 25 0 0 506 270 29 46 506 270 8
0 17 0 0 501 275 29 40 501 275 6
0 16 0 0 506 268 29 37 506 268 8
0 7 0 0 504 275 30 32 504 275 5
0 4 0 0 501 280 30 30 501 280 4
0 8 0 0 495 281 30 33 495 281 5
0 0 0 0 502 268 30 28 502 268 2
0 14 0 0 497 258 30 37 497 258 7
0 23 0 0 504 262 30 44 504 262 9
0 23 0 0 518 265 30 43 518 265 10
0 28 0 0 518 262 30 46 518 262 12
0 34 0 0 513 266 30 51 513 266 13
0 47 0 0 512 262 30 59 512 262 18
0 46 0 0 513 269 31 62 513 269 15
0 50 0 0 519 267 31 64 519 267 17
0 40 0 0 526 265 31 56 526 265 15
0 13 0 0 530 267 31 36 530 267 8
0 17 0 0 536 262 31 40 536 262 8
0 30 0 0 526 261 32 50 526 261 12
0 35 0 0 519 269 32 50 519 269 17
0 10 0 0 526 276 33 37 526 276 6
0 19 0 0 519 269 33 43 519 269 9
0 18 0 0 518 263 33 38 518 263 13
0 0 0 0 529 263 34 32 529 263 2
0 3 0 0 519 274 34 34 519 274 3
0 0 0 0 513 272 35 33 513 272 2
0 3 0 0 514 270 35 34 514 270 4
0 1 0 0 510 270 35 33 510 270 3
0 0 0 0 513 256 46 44 513 256 2
0 0 0 0 508 251 46 44 508 251 2
0 0 0 0 510 254 46 44 510 254 2
0 0 0 0 507 254 46 44 507 254 2
0 1 0 0 506 253 46 44 506 253 3
0 0 0 0 511 261 46 44 511 261 2
0 0 0 0 509 268 46 44 509 268 2
0 3 0 0 516 262 46 45 516 262 4
0 4 0 0 514 267 46 46 514 267 4
0 0 0 0 515 267 46 44 515 267 2
0 1 0 0 521 268 46 44 521 268 3
0 1 0 0 535 259 46 44 535 259 3
0 6 0 0 532 262 46 46 532 262 6
0 1 0 0 533 264 46 44 533 264 3
0 0 0 0 539 261 46 44 539 261 2
0 4 0 0 534 266 46 46 534 266 4
0 7 0 0 540 259 46 46 540 259 7
0 1 0 0 543 261 46 44 543 261 3
0 0 0 0 535 268 46 44 535 268 2
0 3 0 0 537 266 46 45 537 266 4
0 3 0 0 535 268 46 45 535 268 4
0 1 0 0 535 270 46 44 535 270 3
0 2 0 0 533 267 46 44 533 267 4
0 4 0 0 539 265 46 45 539 265 5
0 0 0 0 539 269 46 44 539 269 2
0 0 0 0 542 265 46 44 542 265 2
0 0 0 0 542 265 46 44 542 265 2
0 3 0 0 531 273 46 45 531 273 4
0 1 0 0 533 274 46 44 533 274 3
0 0 0 0 542 266 46 44 542 266 2
0 2 0 0 541 265 46 44 541 265 4
0 2 0 0 544 264 46 45 544 264 3
0 4 0 0 544 266 46 45 544 266 5
0 1 0 0 534 276 46 44 534 276 3
0 4 0 0 542 266 46 45 542 266 5
0 4 0 0 542 267 46 45 542 267 5
0 2 0 0 539 273 46 45 539 273 3
0 2 0 0 541 272 46 45 541 272 3
0 0 0 0 546 269 46 44 546 269 2
0 3 0 0 546 271 46 45 546 271 4
0 2 0 0 545 273 47 44 545 273 5
0 1 0 0 549 271 47 44 549 271 4
0 1 0 0 534 266 47 44 534 266 4
0 0 0 0 533 264 47 44 533 264 3
0 5 0 0 523 272 47 46 523 272 6
0 5 0 0 527 259 47 45 527 259 7
0 0 0 0 533 258 47 44 533 258 3
0 6 0 0 528 263 47 46 528 263 7
0 3 0 0 537 260 47 45 537 260 5
0 1 0 0 532 266 47 45 532 266 3
0 2 0 0 535 273 47 45 535 273 4
0 5 0 0 533 271 47 46 533 271 6
0 1 0 0 540 269 47 44 540 269 4
0 2 0 0 545 269 47 45 545 269 4
0 4 0 0 549 269 47 46 549 269 5
0 5 0 0 559 265 47 46 559 265 6
0 2 0 0 572 268 47 45 572 268 4
0 3 0 0 569 279 47 46 569 279 4
0 9 0 0 571 274 47 48 571 274 8
0 2 0 0 575 277 47 45 575 277 4
0 3 0 0 579 280 47 45 579 280 5
0 2 0 0 583 278 47 45 583 278 4
0 10 0 0 582 279 47 49 582 279 8
0 10 0 0 583 282 47 48 583 282 9
0 13 0 0 590 278 47 50 590 278 10
0 14 0 0 588 285 47 52 588 285 9
0 22 0 0 597 273 47 54 597 273 15
0 20 0 0 594 281 47 54 594 281 13
0 28 0 0 591 280 47 59 591 280 16
0 28 0 0 595 285 47 57 595 285 18
0 35 0 0 597 281 47 63 597 281 19
0 26 0 0 606 282 47 57 606 282 16
0 49 0 0 601 275 47 72 601 275 24
0 43 0 0 617 266 47 67 617 266 23
0 35 0 0 634 270 47 64 634 270 18
0 34 0 0 630 278 47 63 630 278 18
0 51 0 0 620 279 47 72 620 279 26
0 58 0 0 626 273 47 76 626 273 29
0 59 0 0 629 279 47 79 629 279 27
0 62 0 0 640 273 47 79 640 273 30
0 61 0 0 654 266 47 83 654 266 25
0 75 0 0 645 265 47 87 645 265 35
0 80 0 0 641 273 47 94 641 273 33
0 74 0 0 649 282 47 90 649 282 31
0 84 0 0 644 287 47 95 644 287 36
0 83 0 0 653 271 47 98 653 271 32
0 80 0 0 666 280 47 96 666 280 31
0 82 0 0 678 280 47 95 678 280 34
0 73 0 0 686 273 47 95 686 273 25
0 40 0 0 681 281 47 70 681 281 17
0 30 0 0 688 277 47 68 688 277 9
0 23 0 0 699 279 47 59 699 279 11
0 12 0 0 702 285 47 53 702 285 6
0 19 0 0 709 274 47 57 709 274 9
0 16 0 0 712 278 47 54 712 278 9
0 11 0 0 709 290 47 51 709 290 7
0 9 0 0 723 284 47 49 723 284 7
0 7 0 0 731 283 47 49 731 283 5
0 10 0 0 726 285 47 50 726 285 7
0 11 0 0 740 283 47 51 740 283 7
0 5 0 0 754 285 47 47 754 285 5
0 10 0 0 755 284 47 49 755 284 8
0 13 0 0 761 285 47 52 761 285 8
0 21 0 0 772 275 47 57 772 275 11
0 18 0 0 779 279 47 57 779 279 8
0 21 0 0 779 294 47 56 779 294 12
0 21 0 0 784 289 47 59 784 289 9
0 24 0 0 794 285 47 59 794 285 12
0 21 0 0 800 293 47 57 800 293 11
0 21 0 0 814 286 47 58 814 286 10
0 25 0 0 824 282 47 58 824 282 14
0 41 0 0 826 279 47 70 826 279 18
0 42 0 0 834 283 48 71 834 283 19
0 50 0 0 840 279 48 78 840 279 20
0 56 0 0 845 280 48 82 845 280 22
0 26 0 0 862 294 49 59 862 294 16
0 28 0 0 868 293 49 64 868 293 13
0 31 0 0 877 290 49 62 877 290 18
0 36 0 0 893 279 49 68 893 279 17
0 33 0 0 910 283 49 67 910 283 15
0 42 0 0 923 274 49 72 923 274 19
0 55 0 0 925 278 49 81 925 278 23
0 62 0 0 919 289 49 85 919 289 26
0 59 0 0 929 275 49 84 929 275 24
0 51 0 0 945 275 49 78 945 275 22
0 45 0 0 959 279 49 74 959 279 20
0 43 0 0 979 282 49 73 979 282 19
0 50 0 0 993 278 49 77 993 278 22
0 51 0 0 1000 282 49 78 1000 282 22
0 58 0 0 998 281 49 82 998 281 25
0 59 0 0 1000 281 49 85 1000 281 23
0 61 0 0 1000 287 49 82 1000 287 28
0 56 0 0 999 289 49 82 999 289 23
0 74 0 0 998 274 49 91 998 274 32
0 72 0 0 997 275 49 93 997 275 28
0 68 0 0 1000 279 50 88 1000 279 30
0 58 0 0 1000 288 50 84 1000 288 24
0 58 0 0 1000 290 50 82 1000 290 26
0 45 0 0 997 282 50 64 997 282 31
0 38 0 0 1000 278 50 72 1000 278 16
0 43 0 0 999 286 50 64 999 286 29
0 35 0 0 999 287 50 72 999 287 13
0 45 0 0 1000 281 50 67 1000 281 28
0 54 0 0 998 282 50 81 998 282 23
0 52 0 0 1000 289 50 71 1000 289 31
0 42 0 0 998 289 51 74 998 289 19
0 51 0 0 998 287 51 74 998 287 28
0 32 0 0 1000 289 51 65 1000 289 18
0 20 0 0 999 286 51 57 999 286 14
0 32 0 0 1000 283 51 66 1000 283 17
0 30 0 0 999 292 52 62 999 292 20
0 20 0 0 999 292 52 58 999 292 14
0 23 0 0 998 283 52 57 998 283 18
0 21 0 0 1000 282 52 57 1000 282 16
0 7 0 0 1000 295 52 52 1000 295 7
0 26 0 0 1000 281 52 59 1000 281 19
0 22 0 0 999 293 52 59 999 293 15
0 25 0 0 997 292 52 58 997 292 19
0 27 0 0 998 289 52 61 998 289 18
0 29 0 0 996 289 52 59 996 289 22
0 28 0 0 1000 279 52 61 1000 279 19
0 17 0 0 1000 287 52 55 1000 287 14
0 18 0 0 997 295 52 57 997 295 13
0 19 0 0 971 295 52 57 971 295 14
0 30 0 0 936 288 52 61 936 288 21
0 33 0 0 896 298 52 63 896 298 22
0 26 0 0 866 295 52 59 866 295 19
0 25 0 0 831 296 52 61 831 296 16
0 24 0 0 798 297 52 58 798 297 18
0 32 0 0 772 285 52 63 772 285 21
0 31 0 0 747 294 52 61 747 294 22
0 22 0 0 758 292 52 57 758 292 17
0 18 0 0 760 289 52 56 760 289 14
0 29 0 0 748 289 52 61 748 289 20
0 40 0 0 743 288 52 64 743 288 28
0 45 0 0 748 282 52 66 748 282 31
0 38 0 0 745 290 52 64 745 290 26
0 34 0 0 746 297 52 62 746 297 24
0 31 0 0 757 289 52 62 757 289 21
0 37 0 0 753 285 52 64 753 285 25
0 40 0 0 750 286 52 65 750 286 27
0 45 0 0 750 284 52 67 750 284 30
0 35 0 0 754 290 52 63 754 290 24
0 34 0 0 751 292 52 62 751 292 24
0 30 0 0 755 292 52 60 755 292 22
0 33 0 0 747 294 52 61 747 294 24
0 44 0 0 742 292 52 65 742 292 31
0 47 0 0 746 288 52 64 746 288 35
0 32 0 0 757 294 52 60 757 294 24
0 44 0 0 746 288 52 65 746 288 31
0 43 0 0 754 282 53 64 754 282 32
0 52 0 0 752 277 53 69 752 277 36
0 50 0 0 749 281 53 65 749 281 38
0 34 0 0 735 292 53 68 735 292 19
0 3 0 0 713 278 53 50 713 278 6
0 2 0 0 689 281 53 50 689 281 5
0 3 0 0 659 287 53 50 659 287 6
0 11 0 0 625 289 53 54 625 289 10
0 11 0 0 594 289 53 55 594 289 9
0 15 0 0 565 285 53 57 565 285 11
0 14 0 0 537 283 53 56 537 283 11
0 11 0 0 503 289 53 54 503 289 10
0 11 0 0 473 294 53 55 473 294 9
0 15 0 0 436 291 53 56 436 291 12
0 26 0 0 399 293 53 63 399 293 16
0 24 0 0 366 286 53 61 366 286 16
0 26 0 0 338 278 53 61 338 278 18
0 17 0 0 315 287 53 59 315 287 11
0 16 0 0 286 292 53 57 286 292 12
0 25 0 0 257 289 53 62 257 289 16
0 24 0 0 225 290 53 61 225 290 16
0 31 0 0 191 287 53 64 191 287 20
0 35 0 0 152 292 53 68 152 292 20
0 33 0 0 118 296 53 66 118 296 20
0 35 0 0 92 285 53 69 92 285 19
0 32 0 0 60 294 53 65 60 294 20
0 28 0 0 35 291 53 66 35 291 15
0 37 0 0 0 296 53 68 0 296 22
0 27 0 0 0 275 53 65 0 275 15
0 30 0 0 18 273 53 64 18 273 19
0 33 0 0 40 279 53 68 40 279 18
0 42 0 0 54 289 53 72 54 289 23
0 42 0 0 68 294 53 74 68 294 21
0 45 0 0 89 287 53 73 89 287 25
0 46 0 0 103 290 53 78 103 290 21
0 44 0 0 122 292 53 73 122 292 24
0 51 0 0 128 297 53 80 128 297 24
0 50 0 0 146 298 53 80 146 298 23
0 59 0 0 157 297 53 84 157 297 28
0 65 0 0 169 292 53 88 169 292 30
0 73 0 0 176 289 53 94 176 289 32
0 66 0 0 188 302 53 89 188 302 30
0 71 0 0 202 292 53 92 202 292 32
0 66 0 0 219 296 53 88 219 296 31
0 67 0 0 232 298 53 90 232 298 30
0 65 0 0 249 297 53 88 249 297 30
0 85 0 0 255 289 53 98 255 289 40
0 79 0 0 265 283 53 99 265 283 33
0 75 0 0 280 294 53 99 280 294 29
0 89 0 0 283 289 53 102 283 289 40
0 47 0 0 294 299 53 84 294 299 16
0 31 0 0 309 296 53 72 309 296 12
0 33 0 0 311 291 53 72 311 291 14
0 32 0 0 317 298 53 72 317 298 13
0 32 0 0 328 293 53 70 328 293 15
0 33 0 0 333 296 53 71 333 296 15
0 33 0 0 343 292 53 70 343 292 16
0 32 0 0 354 291 53 71 354 291 14
0 35 0 0 360 289 53 74 360 289 14
0 39 0 0 364 296 53 76 364 296 16
0 38 0 0 379 286 54 76 379 286 16
0 37 0 0 388 291 54 76 388 291 15
0 41 0 0 397 290 54 79 397 290 16
0 39 0 0 410 288 55 77 410 288 17
0 21 0 0 418 294 55 67 418 294 9
0 15 0 0 428 299 55 57 428 299 13
0 3 0 0 430 304 55 53 430 304 5
0 13 0 0 440 296 55 59 440 296 9
0 12 0 0 448 293 55 58 448 293 9
0 10 0 0 454 302 55 58 454 302 7
0 24 0 0 460 291 55 64 460 291 15
0 24 0 0 469 287 55 65 469 287 14
0 20 0 0 476 292 55 61 476 292 14
0 23 0 0 486 289 55 63 486 289 15
0 14 0 0 501 298 55 60 501 298 9
0 0 0 0 519 305 55 51 519 305 4
0 22 0 0 525 295 55 63 525 295 14
0 22 0 0 536 296 55 65 536 296 12
0 28 0 0 539 300 55 67 539 300 16
0 27 0 0 548 299 55 67 548 299 15
0 17 0 0 568 297 55 59 568 297 13
0 15 0 0 587 294 55 59 587 294 11
0 17 0 0 603 296 55 60 603 296 12
0 19 0 0 615 303 56 62 615 303 13
0 17 0 0 629 308 56 61 629 308 12
0 18 0 0 642 291 56 60 642 291 14
0 10 0 0 656 295 56 57 656 295 9
0 20 0 0 659 293 56 62 659 293 14
0 19 0 0 661 293 56 59 661 293 16
0 15 0 0 661 298 56 62 661 298 9
0 19 0 0 660 297 56 60 660 297 15
0 20 0 0 657 300 56 61 657 300 15
0 23 0 0 657 300 56 65 657 300 14
0 27 0 0 658 294 56 65 658 294 18
0 36 0 0 657 289 56 72 657 289 20
0 34 0 0 660 289 56 69 660 289 21
0 20 0 0 660 302 56 63 660 302 13
0 17 0 0 626 308 56 60 626 308 13
0 32 0 0 597 300 56 67 597 300 21
0 24 0 0 568 302 56 64 568 302 16
0 39 0 0 529 303 56 70 529 303 25
0 30 0 0 500 301 56 68 500 301 18
0 24 0 0 470 311 56 63 470 311 17
0 36 0 0 446 296 56 71 446 296 21
0 35 0 0 463 288 56 69 463 288 22
0 38 0 0 462 291 56 72 462 291 22
0 33 0 0 460 302 56 68 460 302 21
0 38 0 0 456 296 56 71 456 296 23
0 45 0 0 461 295 56 74 461 295 27
0 45 0 0 467 293 56 76 467 293 25
0 43 0 0 465 297 56 72 465 297 27
0 43 0 0 469 295 56 74 469 295 25
0 53 0 0 477 293 56 76 477 293 33
0 42 0 0 471 297 56 73 471 297 25
0 48 0 0 455 309 56 75 455 309 29
0 52 0 0 463 297 56 79 463 297 29
0 49 0 0 473 299 56 73 473 299 32
0 40 0 0 481 300 56 73 481 300 23
0 46 0 0 490 295 56 71 490 295 31
0 58 0 0 490 294 56 82 490 294 32
0 50 0 0 475 309 56 73 475 309 33
0 46 0 0 494 295 56 76 494 295 26
0 34 0 0 513 301 56 66 513 301 24
0 47 0 0 517 304 56 76 517 304 27
0 49 0 0 531 303 56 72 531 303 33
0 51 0 0 536 303 56 78 536 303 29
0 55 0 0 544 303 56 76 544 303 35
0 47 0 0 555 306 56 75 555 306 28
0 56 0 0 562 297 56 77 562 297 35
0 56 0 0 576 295 56 77 576 295 35
0 43 0 0 587 309 56 72 587 309 27
0 46 0 0 581 307 56 73 581 307 29
0 46 0 0 550 308 56 73 550 308 29
0 54 0 0 524 299 56 76 524 299 34
0 59 0 0 490 297 56 79 490 297 36
0 62 0 0 479 295 56 79 479 295 39
0 65 0 0 482 291 56 83 482 291 38
0 57 0 0 485 297 56 76 485 297 37
0 54 0 0 488 300 56 78 488 300 32
0 58 0 0 485 301 56 77 485 301 37
0 42 0 0 497 308 56 72 497 308 26
0 56 0 0 487 305 56 78 487 305 34
0 70 0 0 483 298 56 82 483 298 44
0 61 0 0 480 303 56 82 480 303 35
0 60 0 0 455 300 56 78 455 300 38
0 71 0 0 416 302 56 87 416 302 40
0 68 0 0 386 296 56 81 386 296 43
0 67 0 0 347 311 56 83 347 311 40
0 81 0 0 321 300 56 91 321 300 46
0 76 0 0 321 294 56 82 321 294 50
0 69 0 0 325 300 56 84 325 300 41
0 72 0 0 324 299 56 86 324 299 42
0 41 0 0 336 300 56 70 336 300 27
0 13 0 0 338 298 56 60 338 298 9
0 12 0 0 328 304 56 60 328 304 8
0 7 0 0 332 308 56 54 332 308 9
0 17 0 0 329 299 56 64 329 299 9
0 17 0 0 335 291 56 60 335 291 13
0 14 0 0 342 297 56 60 342 297 10
0 10 0 0 338 308 56 58 338 308 8
0 12 0 0 345 305 56 58 345 305 10
0 17 0 0 345 302 56 61 345 302 12
0 28 0 0 335 307 56 70 335 307 14
0 25 0 0 339 308 56 66 339 308 15
0 21 0 0 354 303 56 66 354 303 11
0 20 0 0 370 312 56 63 370 312 13
0 29 0 0 380 305 56 68 380 305 17
0 36 0 0 388 302 56 75 388 302 17
0 34 0 0 402 300 56 72 402 300 18
0 35 0 0 398 307 56 75 398 307 16
0 37 0 0 404 304 56 72 404 304 21
0 38 0 0 402 304 56 76 402 304 18
0 36 0 0 415 300 56 72 415 300 20
0 33 0 0 419 302 56 73 419 302 16
0 38 0 0 418 304 56 74 418 304 20
0 42 0 0 420 301 56 77 420 301 21
0 49 0 0 415 303 56 81 415 303 24
0 48 0 0 417 302 56 80 417 302 24
0 48 0 0 421 302 56 81 421 302 23
0 45 0 0 438 296 56 78 438 296 23
0 45 0 0 431 302 56 78 431 302 23
0 46 0 0 439 299 56 77 439 299 25
0 42 0 0 441 302 56 77 441 302 21
0 41 0 0 442 307 56 74 442 307 23
0 55 0 0 444 292 56 85 444 292 26
0 48 0 0 450 293 56 77 450 293 27
0 52 0 0 443 304 56 82 443 304 26
0 58 0 0 446 297 56 83 446 297 31
0 61 0 0 443 303 56 87 443 303 30
0 62 0 0 443 301 56 86 443 301 32
0 64 0 0 449 294 56 85 449 294 35
0 50 0 0 458 305 56 83 458 305 23
0 48 0 0 453 317 56 75 453 317 29
0 49 0 0 461 308 56 82 461 308 23
0 62 0 0 460 301 56 83 460 301 35
0 56 0 0 463 303 56 85 463 303 27
0 56 0 0 466 304 56 80 466 304 32
0 52 0 0 473 305 56 82 473 305 26
0 44 0 0 473 315 56 76 473 315 24
0 37 0 0 483 313 56 73 483 313 20
0 49 0 0 473 314 56 78 473 314 27
0 50 0 0 469 318 56 80 469 318 26
0 43 0 0 484 313 56 74 484 313 25
0 71 0 0 483 288 56 89 483 288 38
0 69 0 0 479 291 56 90 479 291 35
0 59 0 0 490 295 56 81 490 295 34
0 56 0 0 484 305 56 84 484 305 28
0 52 0 0 488 308 56 79 488 308 29
0 56 0 0 487 310 56 83 487 310 29
0 56 0 0 480 317 56 81 480 317 31
0 56 0 0 484 317 56 81 484 317 31
0 69 0 0 480 310 56 89 480 310 36
0 65 0 0 478 316 56 83 478 316 38
0 55 0 0 489 312 56 84 489 312 27
0 64 0 0 497 303 56 84 497 303 36
0 63 0 0 493 310 56 88 493 310 31
0 55 0 0 500 313 56 81 500 313 30
0 61 0 0 494 313 56 83 494 313 34
0 77 0 0 492 302 56 94 492 302 39
0 77 0 0 497 297 56 92 497 297 41
0 69 0 0 502 301 56 90 502 301 35
0 68 0 0 492 314 56 90 492 314 34
0 42 0 0 491 311 56 77 491 311 21
0 15 0 0 503 303 56 63 503 303 8
0 14 0 0 495 313 56 61 495 313 9
0 15 0 0 504 305 56 61 504 305 10
0 11 0 0 505 307 56 60 505 307 7
0 13 0 0 518 294 56 60 518 294 9
0 17 0 0 509 296 56 63 509 296 10
0 21 0 0 507 298 56 66 507 298 11
0 20 0 0 499 315 56 64 499 315 12
0 24 0 0 491 320 56 67 491 320 13
0 22 0 0 512 305 56 66 512 305 12
0 33 0 0 503 304 56 71 503 304 18
0 35 0 0 496 308 56 76 496 308 15
0 41 0 0 503 303 56 77 503 303 20
0 44 0 0 498 307 56 81 498 307 19
0 35 0 0 502 310 56 73 502 310 18
0 33 0 0 507 307 56 74 507 307 15
0 44 0 0 498 305 56 78 498 305 22
0 46 0 0 502 303 56 82 502 303 20
0 49 0 0 503 304 56 81 503 304 24
0 43 0 0 503 311 56 81 503 311 18
0 51 0 0 505 305 56 82 505 305 25
0 48 0 0 512 299 56 84 512 299 20
0 42 0 0 505 315 56 77 505 315 21
0 40 0 0 502 317 56 78 502 317 18
0 49 0 0 510 303 56 83 510 303 22
0 52 0 0 508 302 56 86 508 302 22
0 48 0 0 503 314 56 83 503 314 21
0 55 0 0 504 307 56 86 504 307 25
0 53 0 0 502 313 56 87 502 313 22
0 54 0 0 507 307 56 83 507 307 27
0 52 0 0 507 310 56 88 507 310 20
0 53 0 0 512 308 56 81 512 308 28
0 54 0 0 512 304 56 88 512 304 22
0 59 0 0 504 311 56 85 504 311 30
0 54 0 0 512 308 56 86 512 308 24
0 56 0 0 506 313 56 87 506 313 25
0 62 0 0 507 307 56 88 507 307 30
0 56 0 0 517 305 56 90 517 305 22
0 44 0 0 530 305 57 76 530 305 25
0 42 0 0 518 313 57 80 518 313 19
0 48 0 0 509 314 58 77 509 314 29
0 43 0 0 500 314 58 76 500 314 25
0 35 0 0 508 314 58 72 508 314 21
0 32 0 0 502 320 58 67 502 320 23
0 16 0 0 515 311 58 61 515 311 13
0 13 0 0 529 307 58 59 529 307 12
0 22 0 0 527 304 58 64 527 304 16
0 17 0 0 531 308 58 61 531 308 14
0 24 0 0 530 306 58 65 530 306 17
0 30 0 0 528 304 58 65 528 304 23
0 27 0 0 530 307 58 66 530 307 19
0 26 0 0 529 310 58 66 529 310 18
0 37 0 0 519 314 58 72 519 314 23
0 34 0 0 523 314 58 70 523 314 22
0 41 0 0 526 305 58 72 526 305 27
0 30 0 0 533 313 58 68 533 313 20
0 31 0 0 532 315 58 67 532 315 22
0 33 0 0 534 314 58 70 534 314 21
0 32 0 0 543 311 58 67 543 311 23
0 31 0 0 544 315 58 69 544 315 20
0 34 0 0 545 313 58 67 545 313 25
0 26 0 0 547 322 58 66 547 322 18
0 28 0 0 543 324 58 66 543 324 20
0 41 0 0 550 311 58 73 550 311 26
0 51 0 0 548 306 58 75 548 306 34
0 28 0 0 555 327 58 67 555 327 19
0 26 0 0 565 321 58 64 565 321 20
0 28 0 0 575 311 58 65 575 311 21
0 39 0 0 566 311 58 71 566 311 26
0 31 0 0 574 317 58 66 574 317 23
0 44 0 0 571 308 58 74 571 308 28
0 38 0 0 580 307 58 69 580 307 27
0 45 0 0 580 308 58 74 580 308 29
0 29 0 0 591 313 58 65 591 313 22
0 41 0 0 587 311 58 72 587 311 27
0 46 0 0 580 318 58 72 580 318 32
0 48 0 0 584 315 58 75 584 315 31
0 45 0 0 585 320 58 72 585 320 31
0 39 0 0 591 329 58 70 591 329 27
0 43 0 0 606 311 58 71 606 311 30
0 41 0 0 597 329 58 71 597 329 28
0 44 0 0 608 319 58 72 608 319 30
0 47 0 0 613 315 58 72 613 315 33
0 45 0 0 619 317 58 71 619 317 32
0 33 0 0 631 323 58 67 631 323 24
0 44 0 0 632 317 58 71 632 317 31
0 52 0 0 634 318 58 75 634 318 35
0 45 0 0 651 312 58 71 651 312 32
0 44 0 0 657 313 58 71 657 313 31
0 51 0 0 654 314 58 76 654 314 33
0 42 0 0 655 325 58 68 655 325 32
0 42 0 0 665 325 58 72 665 325 28
0 50 0 0 666 320 58 74 666 320 34
0 45 0 0 685 317 58 73 685 317 30
0 51 0 0 680 318 58 75 680 318 34
0 55 0 0 686 320 58 77 686 320 36
0 60 0 0 690 319 58 81 690 319 37
0 55 0 0 697 324 58 76 697 324 37
0 60 0 0 712 313 58 82 712 313 36
0 59 0 0 721 316 58 75 721 316 42
0 64 0 0 718 321 58 84 718 321 38
0 66 0 0 726 316 58 81 726 316 43
0 61 0 0 743 317 58 80 743 317 39
0 64 0 0 744 319 58 82 744 319 40
0 66 0 0 753 319 58 82 753 319 42
0 69 0 0 758 322 58 87 758 322 40
0 63 0 0 758 332 58 79 758 332 42
0 73 0 0 770 321 58 89 770 321 42
0 74 0 0 777 323 58 87 777 323 45
0 80 0 0 791 312 58 88 791 312 50
0 79 0 0 802 320 58 92 802 320 45
0 91 0 0 797 316 58 96 797 316 53
0 78 0 0 801 316 58 93 801 316 43
0 69 0 0 815 315 58 89 815 315 38
0 71 0 0 826 311 58 88 826 311 41
0 45 0 0 834 316 58 81 834 316 22
0 24 0 0 843 315 58 70 843 315 12
0 21 0 0 861 309 58 68 861 309 11
0 11 0 0 875 327 58 59 875 327 10
0 12 0 0 886 321 58 62 886 321 8
0 14 0 0 903 324 58 62 903 324 10
0 21 0 0 912 323 58 65 912 323 14
0 22 0 0 910 336 58 67 910 336 13
0 33 0 0 919 324 58 73 919 324 18
0 35 0 0 932 318 58 75 932 318 18
0 25 0 0 947 327 58 69 947 327 14
0 23 0 0 965 327 58 67 965 327 14
0 28 0 0 981 318 58 71 981 318 15
0 37 0 0 986 317 58 75 986 317 20
0 43 0 0 987 320 58 81 987 320 20
0 41 0 0 995 328 58 78 995 328 21
0 50 0 0 998 312 58 85 998 312 23
0 49 0 0 999 312 58 82 999 312 25
0 59 0 0 996 318 58 90 996 318 27
0 51 0 0 998 323 58 83 998 323 26
0 44 0 0 999 319 58 83 999 319 19
0 37 0 0 1000 322 58 75 1000 322 20
0 43 0 0 1000 318 58 81 1000 318 20
0 44 0 0 999 324 58 78 999 324 24
0 56 0 0 995 326 58 87 995 326 27
0 68 0 0 1000 320 58 95 1000 320 31
0 52 0 0 998 320 58 85 998 320 25
0 46 0 0 999 325 58 82 999 325 22
0 59 0 0 999 324 58 87 999 324 30
0 57 0 0 996 325 58 89 996 325 26
0 57 0 0 1000 325 58 85 1000 325 30
0 69 0 0 999 319 58 96 999 319 31
0 58 0 0 998 317 58 88 998 317 28
0 63 0 0 998 319 58 90 998 319 31
0 61 0 0 999 317 58 91 999 317 28
0 53 0 0 1000 321 58 84 1000 321 27
0 41 0 0 1000 329 58 79 1000 329 20
0 57 0 0 996 329 58 84 996 329 31
0 73 0 0 995 323 58 98 995 323 33
0 71 0 0 999 316 58 93 999 316 36
0 56 0 0 1000 325 58 85 1000 325 29
0 63 0 0 1000 319 58 92 1000 319 29
0 40 0 0 997 316 58 77 997 316 21
0 14 0 0 999 324 58 64 999 324 8
0 8 0 0 999 323 58 59 999 323 7
0 1 0 0 1000 329 58 55 1000 329 4
0 6 0 0 998 325 58 59 998 325 5
0 17 0 0 997 318 58 64 997 318 11
0 10 0 0 999 329 58 62 999 329 6
0 9 0 0 999 326 59 61 999 326 7
0 15 0 0 986 318 59 64 986 318 10
0 11 0 0 958 322 59 62 958 322 8
0 3 0 0 929 315 60 58 929 315 5
0 7 0 0 890 323 60 59 890 323 8
0 1 0 0 863 309 60 57 863 309 4
0 1 0 0 832 307 60 57 832 307 4
0 5 0 0 797 317 60 58 797 317 7
0 7 0 0 784 320 60 59 784 320 8
0 1 0 0 786 321 60 57 786 321 4
0 1 0 0 785 327 60 57 785 327 4
0 1 0 0 785 327 60 57 785 327 4
0 4 0 0 790 321 60 58 790 321 6
0 10 0 0 786 319 60 63 786 319 7
0 7 0 0 784 326 60 59 784 326 8
0 9 0 0 786 324 60 60 786 324 9
0 7 0 0 785 327 60 61 785 327 6
0 4 0 0 793 324 60 58 793 324 6
0 10 0 0 795 316 60 59 795 316 11
0 4 0 0 793 325 60 58 793 325 6
0 14 0 0 787 324 60 63 787 324 11
0 11 0 0 794 320 60 61 794 320 10
0 10 0 0 794 320 60 61 794 320 9
0 6 0 0 796 324 60 59 796 324 7
0 0 0 0 795 332 60 56 795 332 4
0 15 0 0 788 326 60 64 788 326 11
0 21 0 0 787 320 60 66 787 320 15
0 18 0 0 783 327 60 63 783 327 15
0 7 0 0 800 320 60 59 800 320 8
0 4 0 0 802 325 60 58 802 325 6
0 7 0 0 800 320 60 59 800 320 8
0 18 0 0 792 322 60 65 792 322 13
0 17 0 0 768 326 60 63 768 326 14
0 24 0 0 730 321 60 67 730 321 17
0 12 0 0 734 324 60 61 734 324 11
0 19 0 0 742 322 60 64 742 322 15
0 16 0 0 749 334 60 63 749 334 13
0 29 0 0 755 323 60 68 755 323 21
0 26 0 0 771 315 60 67 771 315 19
0 20 0 0 784 320 60 64 784 320 16
0 19 0 0 803 319 60 64 803 319 15
