0.000 0.000 0.000 0.000 
46551.000 45388.000 45623.000 45843.000 
69535.000 69466.000 67920.000 68032.000 
101538.000 101462.000 101402.000 101362.000 
152237.000 150641.000 150573.000 150667.000 
203112.000 200773.000 199799.000 200638.000 
248594.000 220517.000 235938.000 248480.000 
277846.000 251241.000 253071.000 279299.000 
302448.000 272790.000 289018.000 305229.000 
295136.000 284763.000 316776.000 336551.000 
291792.000 297428.000 344298.000 353699.000 
291792.000 300847.000 376922.000 353699.000 
291792.000 309703.000 404918.000 353699.000 
291792.000 278160.000 454154.000 353699.000 
291792.000 289889.000 485189.000 353699.000 
291792.000 318741.000 498794.000 245146.000 
291792.000 329214.000 522499.000 221054.000 
291792.000 352576.000 544648.000 205405.000 
291792.000 323179.000 579479.000 201673.000 
291792.000 312920.000 618721.000 211762.000 
291792.000 298464.000 640739.000 223322.000 
291792.000 307268.000 676876.000 217401.000 
291792.000 334515.000 691905.000 205890.000 
271443.000 368473.000 716409.000 200543.000 
271443.000 356748.000 732542.000 189008.000 
238433.000 323674.000 753330.000 191201.000 
196250.000 289627.000 763707.000 191310.000 
160562.000 291834.000 769865.000 193618.000 
158117.000 296201.000 787515.000 193572.000 
145020.000 303774.000 803758.000 195943.000 
150039.000 330863.000 810800.000 196006.000 
148073.000 352387.000 839064.000 198260.000 
164977.000 413417.000 860475.000 198410.000 
163994.000 447625.000 881860.000 200685.000 
178536.000 452409.000 911540.000 200865.000 
190128.000 468548.000 939738.000 209169.000 
195064.000 442156.000 981296.000 215089.000 
190784.000 445392.000 1015298.000 212203.000 
204046.000 464462.000 1034744.000 210936.000 
218220.000 467465.000 1060138.000 225608.000 
214532.000 494095.000 1089615.000 232966.000 
220612.000 494293.000 1119416.000 223132.000 
230086.000 464623.000 1153136.000 233259.000 
248584.000 470408.000 1165395.000 253592.000 
259171.000 464754.000 1188114.000 261036.000 
251177.000 461450.000 1201311.000 255152.000 
257411.000 488078.000 1210979.000 259820.000 
251574.000 499365.000 1242693.000 254678.000 
247064.000 541305.000 1257145.000 246615.000 
255532.000 530932.000 1283658.000 258604.000 
240087.000 529293.000 1334905.000 242417.000 
226499.000 536826.000 1366435.000 228678.000 
239909.000 538606.000 1398379.000 239248.000 
246529.000 541342.000 1435036.000 249874.000 
244941.000 527224.000 1478357.000 245042.000 
249368.000 557932.000 1507813.000 250299.000 
265137.000 525067.000 1539562.000 265547.000 
272058.000 553250.000 1560307.000 272168.000 
276410.000 547229.000 1592215.000 275143.000 
276410.000 547964.000 1620525.000 275143.000 
276410.000 533650.000 1642322.000 275143.000 
221938.000 540891.000 1676607.000 275143.000 
170326.000 523248.000 1706821.000 172044.000 
176326.000 516974.000 1743186.000 168687.000 
184107.000 513385.000 1762675.000 181312.000 
188149.000 526704.000 1782830.000 185123.000 
175428.000 552769.000 1809282.000 174970.000 
175992.000 560515.000 1815579.000 172989.000 
187935.000 565721.000 1815579.000 185192.000 
193439.000 571506.000 1815579.000 187922.000 
190035.000 559589.000 1815579.000 187543.000 
182503.000 552829.000 1815579.000 180114.000 
184253.000 551201.000 1815579.000 179756.000 
184092.000 572721.000 1815579.000 177880.000 
188988.000 574334.000 1815579.000 187711.000 
203001.000 595944.000 1815579.000 197408.000 
204312.000 642753.000 1815579.000 202840.000 
199282.000 681347.000 1815579.000 196728.000 
193465.000 702343.000 1815579.000 184558.000 
198878.000 718040.000 1815579.000 193776.000 
213329.000 703214.000 1815579.000 207008.000 
222683.000 709271.000 1815579.000 220024.000 
207880.000 714821.000 1815579.000 204511.000 
204866.000 699726.000 1815579.000 202779.000 
213825.000 688224.000 1815579.000 210136.000 
220869.000 683168.000 1815579.000 219897.000 
231974.000 712133.000 1815579.000 230051.000 
231308.000 726798.000 1815579.000 231192.000 
228689.000 767256.000 1815579.000 224410.000 
225831.000 795101.000 1815579.000 220152.000 
220256.000 797002.000 1815579.000 219007.000 
226457.000 810865.000 1815579.000 220897.000 
228467.000 834442.000 1815579.000 227578.000 
234446.000 849045.000 1815579.000 233716.000 
234923.000 853670.000 1815579.000 207815.000 
205650.000 848499.000 1815579.000 164476.000 
203171.000 846054.000 1815579.000 158804.000 
203266.000 845590.000 1815579.000 150666.000 
203204.000 858669.000 1815579.000 150640.000 
203178.000 847933.000 1815579.000 161799.000 
203157.000 828265.000 1126800.000 172862.000 
203137.000 850942.000 214665.000 186335.000 
206408.000 877844.000 177577.000 204478.000 
222320.000 907978.000 204861.000 222547.000 
240777.000 924820.000 255628.000 237947.000 
243248.000 972896.000 296945.000 242399.000 
237830.000 996871.000 342095.000 236858.000 
231636.000 1020816.000 413710.000 230630.000 
242132.000 1030039.000 469802.000 242103.000 
246106.000 1068597.000 504751.000 244072.000 
266202.000 1108885.000 497177.000 263193.000 
264631.000 1150707.000 428302.000 272124.000 
264631.000 1185951.000 424211.000 272124.000 
264631.000 1195989.000 420246.000 272124.000 
202493.000 1203207.000 438584.000 227209.000 
145811.000 1210737.000 478397.000 144196.000 
147024.000 1250433.000 496987.000 134844.000 
147024.000 1269096.000 486000.000 154168.000 
143794.000 1279617.000 483728.000 139614.000 
148705.000 1288319.000 496995.000 141391.000 
145936.000 1284382.000 492548.000 148312.000 
131116.000 1321396.000 499576.000 131158.000 
132915.000 1343586.000 513322.000 129131.000 
131133.000 1362895.000 530641.000 129780.000 
137020.000 1397623.000 533330.000 136163.000 
144972.000 1413289.000 521384.000 143632.000 
149990.000 1419715.000 533354.000 148132.000 
140186.000 1462853.000 537462.000 142203.000 
150895.000 1501086.000 525686.000 150140.000 
151452.000 1544311.000 510145.000 151683.000 
160422.000 1561548.000 511354.000 161842.000 
143834.000 1594511.000 523860.000 141458.000 
139685.000 1609793.000 528795.000 138830.000 
143920.000 1644669.000 551029.000 144710.000 
148304.000 1681307.000 556269.000 144940.000 
149424.000 1719899.000 560952.000 142902.000 
152295.000 1755446.000 560274.000 150856.000 
167249.000 1793473.000 543060.000 166060.000 
159059.000 1839068.000 550762.000 160418.000 
162634.000 1879273.000 539494.000 162336.000 
161777.000 1899889.000 523263.000 161600.000 
163261.000 1922399.000 511446.000 162408.000 
163337.000 1947208.000 507769.000 162252.000 
155586.000 1993593.000 496410.000 157373.000 
153331.000 2017882.000 515924.000 153014.000 
158324.000 2050170.000 531451.000 158786.000 
164651.000 2090952.000 508660.000 163349.000 
173304.000 2124923.000 513325.000 173434.000 
175331.000 2160961.000 509329.000 176071.000 
177172.000 2161257.000 483283.000 177748.000 
191029.000 2181916.000 475501.000 194449.000 
168639.000 2201513.000 522294.000 167323.000 
165896.000 2221156.000 536239.000 169738.000 
181896.000 2255979.000 547555.000 179970.000 
175771.000 2282753.000 565101.000 176969.000 
177999.000 2315247.000 575344.000 176380.000 
176084.000 2333979.000 555676.000 177065.000 
172788.000 2363334.000 533670.000 172006.000 
176369.000 2377878.000 552215.000 177298.000 
172324.000 2403586.000 542070.000 172753.000 
176960.000 2456121.000 516037.000 177578.000 
186085.000 2510310.000 499134.000 187794.000 
189979.000 2565048.000 458791.000 190039.000 
183707.000 2615186.000 427410.000 183657.000 
174748.000 2656788.000 458782.000 173519.000 
161542.000 2688013.000 513700.000 168822.000 
166363.000 2732378.000 538128.000 166055.000 
188475.000 2749208.000 556142.000 191760.000 
209403.000 2757432.000 573290.000 208668.000 
204218.000 2784475.000 606883.000 206710.000 
197660.000 2795268.000 594923.000 197880.000 
208104.000 2797288.000 555301.000 209029.000 
207229.000 2826161.000 564886.000 207056.000 
201849.000 2872321.000 534342.000 202255.000 
220641.000 2879976.000 516184.000 223095.000 
229799.000 2907190.000 475122.000 231396.000 
234111.000 2940886.000 467653.000 234914.000 
217216.000 2968149.000 489090.000 213572.000 
200177.000 2974956.000 528655.000 200666.000 
201488.000 3025516.000 536816.000 199085.000 
209422.000 3074507.000 538475.000 213168.000 
237618.000 3108808.000 543476.000 236153.000 
249474.000 3144863.000 517130.000 248378.000 
233434.000 3189736.000 483513.000 232841.000 
221967.000 3189736.000 494088.000 219453.000 
234119.000 3189736.000 503252.000 231984.000 
230595.000 3189736.000 523368.000 230564.000 
252340.000 3189736.000 526808.000 249993.000 
260261.000 3189736.000 513943.000 259961.000 
272793.000 3189736.000 483550.000 271448.000 
270025.000 3189736.000 469813.000 270122.000 
270025.000 3189736.000 435402.000 270122.000 
270025.000 3189736.000 430145.000 270122.000 
270025.000 3189736.000 457072.000 270122.000 
169510.000 3189736.000 490121.000 184221.000 
148383.000 3189736.000 507881.000 139981.000 
160252.000 3189736.000 534846.000 144304.000 
163485.000 3189736.000 559541.000 145793.000 
178595.000 3189736.000 574244.000 161629.000 
184106.000 3189736.000 582646.000 158084.000 
170238.000 3189736.000 592045.000 157857.000 
173863.000 3189736.000 611624.000 165819.000 
182393.000 3189736.000 604726.000 171280.000 
182057.000 3189736.000 625798.000 157457.000 
181698.000 3189736.000 631150.000 159997.000 
199738.000 3189736.000 593591.000 185875.000 
205241.000 3189736.000 588906.000 191847.000 
190327.000 3189736.000 589725.000 184203.000 
203101.000 3189736.000 574229.000 195614.000 
214765.000 3189736.000 535650.000 205972.000 
210715.000 3189736.000 549324.000 195028.000 
201878.000 3189736.000 584865.000 183964.000 
200096.000 3189736.000 571965.000 192783.000 
201525.000 3189736.000 570264.000 188058.000 
203890.000 3189736.000 581457.000 184317.000 
204349.000 3189736.000 611971.000 181456.000 
205565.000 3189736.000 620501.000 179143.000 
206092.000 3189736.000 582864.000 181950.000 
207958.000 3189736.000 575839.000 191080.000 
217949.000 3189736.000 550584.000 206522.000 
229423.000 3189736.000 536066.000 213409.000 
232087.000 3189736.000 514466.000 223928.000 
228530.000 3189736.000 528488.000 224128.000 
220743.000 3189736.000 512252.000 216455.000 
222284.000 3189736.000 539208.000 218228.000 
222341.000 3189736.000 543876.000 217151.000 
215208.000 3189736.000 561580.000 215286.000 
229767.000 3189736.000 574907.000 225422.000 
238996.000 3189736.000 571434.000 236380.000 
238991.000 3189736.000 565996.000 238219.000 
246469.000 3189736.000 535742.000 244583.000 
238862.000 3189736.000 508955.000 238609.000 
239504.000 3189736.000 489403.000 238218.000 
239504.000 3189736.000 502315.000 237098.000 
239504.000 3189736.000 519331.000 199352.000 
239504.000 3189736.000 510494.000 177459.000 
180677.000 3189736.000 518055.000 179787.000 
175551.000 3189736.000 535596.000 175157.000 
190533.000 3189736.000 543036.000 187214.000 
189640.000 3189736.000 542570.000 186274.000 
187117.000 3189736.000 556286.000 185617.000 
200441.000 3189736.000 559080.000 197978.000 
227846.000 3189736.000 547403.000 221920.000 
245343.000 3189736.000 544109.000 244289.000 
232786.000 3189736.000 522153.000 230916.000 
216084.000 3189736.000 545479.000 216330.000 
218951.000 3189736.000 561971.000 217245.000 
234225.000 3189736.000 562089.000 233029.000 
239582.000 3189736.000 570150.000 236292.000 
229576.000 3189736.000 574872.000 227322.000 
222520.000 3189736.000 609337.000 219098.000 
204262.000 3189736.000 621265.000 200182.000 
208991.000 3189736.000 625458.000 206420.000 
231757.000 3189736.000 632554.000 227579.000 
237955.000 3189736.000 643376.000 234050.000 
228345.000 3189736.000 636803.000 228344.000 
235223.000 3189736.000 616614.000 232919.000 
232101.000 3189736.000 594205.000 228685.000 
225596.000 3189736.000 593464.000 223095.000 
234550.000 3189736.000 553405.000 234788.000 
231556.000 3189736.000 561864.000 229083.000 
220619.000 3189736.000 589274.000 221104.000 
242448.000 3189736.000 604689.000 237780.000 
249600.000 3189736.000 599178.000 246896.000 
266447.000 3189736.000 590461.000 265978.000 
267914.000 3189736.000 623165.000 265722.000 
266583.000 3189736.000 619642.000 262524.000 
266583.000 3189736.000 598326.000 262524.000 
256659.000 3189736.000 581080.000 257932.000 
189473.000 3189736.000 567096.000 193285.000 
169559.000 3189736.000 554624.000 146184.000 
160336.000 3189736.000 562659.000 132161.000 
162440.000 3189736.000 585857.000 135125.000 
166687.000 3189736.000 566353.000 146513.000 
169650.000 3189736.000 599021.000 142208.000 
172089.000 3189736.000 612212.000 148754.000 
174430.000 3189736.000 634118.000 146212.000 
177870.000 3189736.000 623553.000 141805.000 
180870.000 3189736.000 610277.000 144826.000 
183508.000 3189736.000 608739.000 156308.000 
186093.000 3189736.000 582331.000 155265.000 
188573.000 3189736.000 598887.000 157610.000 
190986.000 3189736.000 595651.000 148470.000 
193423.000 3189736.000 597678.000 153012.000 
204575.000 3189736.000 599673.000 167613.000 
210230.000 3189736.000 611689.000 169190.000 
205503.000 3189736.000 610450.000 172604.000 
204650.000 3189736.000 604480.000 168878.000 
200944.000 3189736.000 610625.000 173855.000 
200944.000 3189736.000 634372.000 177357.000 
201033.000 3189736.000 637401.000 184724.000 
199170.000 3189736.000 635603.000 181231.000 
199170.000 3189736.000 635567.000 180108.000 
156136.000 3189736.000 632222.000 156847.000 
147649.000 3189736.000 614123.000 149869.000 
158824.000 3189736.000 592163.000 157946.000 
134796.000 3189736.000 583204.000 135357.000 
134864.000 752784.000 549981.000 136296.000 
156624.000 181594.000 536049.000 156097.000 
165233.000 150104.000 494362.000 166093.000 
169069.000 133107.000 488663.000 169813.000 
157246.000 139177.000 510220.000 158797.000 
152289.000 153006.000 546087.000 152092.000 
165298.000 151578.000 572538.000 166030.000 
178565.000 151622.000 600461.000 178708.000 
161073.000 187362.000 625672.000 160400.000 
145558.000 226316.000 643337.000 147206.000 
166209.000 202309.000 625751.000 167292.000 
182595.000 158322.000 627329.000 183891.000 
176277.000 164220.000 634972.000 176516.000 
168169.000 188371.000 649745.000 168501.000 
174925.000 191339.000 650798.000 175060.000 
178205.000 170013.000 682220.000 178823.000 
185593.000 191585.000 669752.000 185348.000 
189792.000 213823.000 657053.000 190334.000 
186295.000 213589.000 635332.000 186298.000 
184173.000 215409.000 620484.000 185647.000 
183887.000 213326.000 623349.000 184260.000 
178916.000 228467.000 611330.000 179918.000 
167269.000 250227.000 622935.000 166999.000 
184785.000 260373.000 624086.000 186488.000 
201957.000 247019.000 615948.000 205104.000 
206241.000 235204.000 606706.000 205878.000 
199726.000 219311.000 606446.000 198727.000 
196513.000 232078.000 607102.000 196849.000 
178015.000 265028.000 610589.000 178568.000 
175892.000 292585.000 613309.000 176301.000 
187716.000 305507.000 617753.000 189128.000 
181494.000 330956.000 623746.000 182197.000 
177894.000 320046.000 618797.000 181484.000 
185519.000 324409.000 606579.000 185702.000 
192236.000 302201.000 604340.000 194512.000 
200709.000 293740.000 605295.000 201648.000 
191929.000 307396.000 618061.000 192491.000 
171934.000 327273.000 637975.000 176057.000 
182442.000 339313.000 618232.000 186761.000 
191404.000 387885.000 605827.000 197031.000 
192110.000 387944.000 596582.000 194160.000 
191450.000 393714.000 584358.000 192540.000 
195466.000 422326.000 557011.000 196765.000 
200042.000 377672.000 563268.000 200732.000 
203209.000 377501.000 571047.000 206359.000 
188469.000 358678.000 601885.000 192215.000 
191436.000 355918.000 640211.000 189109.000 
207413.000 371069.000 624939.000 211683.000 
214398.000 392073.000 619385.000 215658.000 
205371.000 399213.000 613099.000 205335.000 
204704.000 416668.000 613775.000 205782.000 
213924.000 426840.000 589158.000 219126.000 
225216.000 390095.000 575775.000 227676.000 
226788.000 356311.000 602585.000 226175.000 
225574.000 368352.000 631129.000 228816.000 
200797.000 382935.000 654607.000 200652.000 
195901.000 423678.000 651645.000 203589.000 
203398.000 454310.000 671644.000 203776.000 
211055.000 486883.000 660100.000 212467.000 
227387.000 482332.000 665222.000 226977.000 
238017.000 424839.000 664233.000 239582.000 
246110.000 401196.000 674280.000 246809.000 
239701.000 403217.000 661234.000 238684.000 
255284.000 410604.000 627055.000 255816.000 
259457.000 436304.000 630525.000 258387.000 
265734.000 476356.000 593478.000 254087.000 
265734.000 492210.000 596780.000 245596.000 
265734.000 507194.000 588726.000 235990.000 
228212.000 507350.000 603536.000 228574.000 
219210.000 535608.000 600184.000 219348.000 
219888.000 531491.000 610978.000 223502.000 
226784.000 524996.000 618246.000 231137.000 
231367.000 547725.000 607084.000 231258.000 
220058.000 558790.000 616739.000 229442.000 
223366.000 568964.000 601014.000 221281.000 
224580.000 556298.000 629232.000 233834.000 
239657.000 568863.000 628735.000 240759.000 
252311.000 555840.000 633552.000 252234.000 
253007.000 537202.000 678155.000 257834.000 
253234.000 556656.000 644589.000 254127.000 
262276.000 574821.000 621734.000 263692.000 
268488.000 603050.000 596975.000 270564.000 
270679.000 598043.000 612574.000 269413.000 
270679.000 635920.000 630196.000 249916.000 
242133.000 680004.000 607910.000 227750.000 
231945.000 698737.000 618146.000 234233.000 
240602.000 674319.000 634890.000 245156.000 
242781.000 688736.000 663604.000 242756.000 
227880.000 695240.000 662778.000 240429.000 
222467.000 741412.000 649575.000 226202.000 
220166.000 747665.000 632685.000 229473.000 
221726.000 768631.000 646362.000 231910.000 
239874.000 774678.000 627579.000 242431.000 
249557.000 806761.000 596708.000 253806.000 
266128.000 829641.000 596081.000 270153.000 
246442.000 846554.000 608366.000 270153.000 
237442.000 874315.000 596683.000 270153.000 
213162.000 898204.000 583248.000 218149.000 
182067.000 894998.000 598707.000 182185.000 
181284.000 912248.000 623719.000 176191.000 
186231.000 934426.000 611657.000 185800.000 
189720.000 923190.000 600597.000 188301.000 
184234.000 938073.000 610289.000 183870.000 
184144.000 948482.000 628959.000 177339.000 
176522.000 977177.000 651881.000 176711.000 
178405.000 994701.000 660020.000 177079.000 
185596.000 1007789.000 652673.000 185745.000 
187886.000 1005085.000 670263.000 188009.000 
182459.000 1030350.000 670696.000 182041.000 
185431.000 1035731.000 664319.000 185392.000 
177411.000 1071030.000 656509.000 177854.000 
182133.000 1096137.000 632184.000 182297.000 
191156.000 1131177.000 650548.000 186250.000 
173022.000 1154433.000 670847.000 174635.000 
186391.000 1183745.000 658481.000 184650.000 
164026.000 1231701.000 678364.000 162964.000 
171841.000 1272083.000 652122.000 171367.000 
200548.000 1309644.000 633724.000 201511.000 
199837.000 1339447.000 621153.000 199765.000 
189619.000 1354958.000 623994.000 189139.000 
193242.000 1379637.000 622253.000 191190.000 
186187.000 1427578.000 608965.000 186573.000 
178608.000 1464795.000 628861.000 180240.000 
198428.000 1482209.000 635684.000 197740.000 
209999.000 1501328.000 675102.000 209581.000 
195380.000 1514425.000 688660.000 196159.000 
181642.000 1552721.000 693397.000 181764.000 
192215.000 1556209.000 713105.000 193058.000 
207610.000 1562458.000 710542.000 206052.000 
207238.000 1586425.000 708386.000 207799.000 
211326.000 1609820.000 698585.000 211602.000 
225748.000 1590515.000 673134.000 226226.000 
226451.000 1604696.000 653837.000 225894.000 
220920.000 1616825.000 626105.000 222464.000 
215261.000 1613381.000 630453.000 214991.000 
228627.000 1631265.000 617314.000 229095.000 
216635.000 1664281.000 623398.000 214564.000 
211457.000 1701372.000 616332.000 211117.000 
212815.000 1719149.000 613239.000 213763.000 
221242.000 1744767.000 602675.000 220311.000 
216866.000 1789218.000 580522.000 216884.000 
221282.000 1817027.000 596241.000 219787.000 
215456.000 1863796.000 617294.000 218744.000 
206610.000 1907451.000 630426.000 204836.000 
206652.000 1941150.000 652426.000 208345.000 
215405.000 1978183.000 664998.000 215031.000 
221614.000 2002415.000 690392.000 219742.000 
223308.000 2045650.000 705803.000 221526.000 
227667.000 2075557.000 731528.000 226438.000 
227328.000 2109545.000 727701.000 227778.000 
226816.000 2139276.000 746555.000 224672.000 
234652.000 2173855.000 756820.000 233285.000 
240179.000 2201659.000 751196.000 237401.000 
242000.000 2254409.000 726388.000 242095.000 
258064.000 2306788.000 682296.000 259402.000 
274270.000 2341046.000 633615.000 271767.000 
269196.000 2378587.000 601832.000 265185.000 
269196.000 2427592.000 608149.000 265185.000 
269196.000 2452105.000 607978.000 265185.000 
204256.000 2495878.000 645189.000 205583.000 
161620.000 2525143.000 681884.000 151968.000 
160747.000 2525143.000 687748.000 154821.000 
177165.000 2525143.000 675246.000 171461.000 
186612.000 2525143.000 659276.000 171619.000 
171818.000 2525143.000 680442.000 167747.000 
171808.000 2525143.000 671094.000 156804.000 
174441.000 2525143.000 643848.000 163030.000 
178618.000 2525143.000 664159.000 158286.000 
181445.000 2525143.000 690487.000 151646.000 
183942.000 2525143.000 712406.000 163872.000 
186428.000 2525143.000 720832.000 166283.000 
196229.000 2525143.000 702976.000 174558.000 
200106.000 2525143.000 703386.000 173257.000 
202945.000 2525143.000 728647.000 183029.000 
217158.000 2525143.000 721117.000 195376.000 
212955.000 2525143.000 739568.000 191212.000 
202122.000 2525143.000 748998.000 197516.000 
215558.000 2525143.000 766591.000 207648.000 
218201.000 2525143.000 789287.000 193202.000 
206029.000 2525143.000 799522.000 183791.000 
207962.000 2525143.000 789094.000 198428.000 
217832.000 2525143.000 779402.000 208243.000 
219106.000 2525143.000 806571.000 198174.000 
214286.000 2525143.000 748992.000 210088.000 
215521.000 2525143.000 744362.000 209359.000 
228008.000 2525143.000 683825.000 223590.000 
244318.000 2525143.000 653078.000 238025.000 
236351.000 2525143.000 634929.000 224268.000 
220056.000 2525143.000 612013.000 207266.000 
217492.000 2525143.000 628022.000 209566.000 
217522.000 2525143.000 612476.000 225288.000 
217522.000 2525143.000 622759.000 237560.000 
229625.000 2525143.000 641071.000 239430.000 
229625.000 2525143.000 663423.000 179643.000 
190818.000 2525143.000 667187.000 164982.000 
164251.000 2525143.000 647716.000 159862.000 
172604.000 2525143.000 647741.000 172599.000 
173576.000 2525143.000 662412.000 173339.000 
177629.000 2525143.000 651534.000 179010.000 
181508.000 2525143.000 634464.000 182083.000 
178390.000 2525143.000 615996.000 179708.000 
185001.000 2525143.000 606752.000 185030.000 
192608.000 2525143.000 599605.000 192279.000 
184136.000 2525143.000 624880.000 184163.000 
187804.000 2525143.000 609556.000 188741.000 
193588.000 2525143.000 597438.000 193015.000 
176999.000 2525143.000 598754.000 175945.000 
181842.000 2525143.000 618895.000 182937.000 
171189.000 2525143.000 652286.000 171762.000 
178700.000 2525143.000 634385.000 181671.000 
199784.000 2525143.000 634990.000 199888.000 
195021.000 2525143.000 666495.000 195635.000 
188410.000 2525143.000 696923.000 188316.000 
183921.000 2525143.000 707583.000 185110.000 
181731.000 2525143.000 692154.000 180305.000 
194501.000 2525143.000 663807.000 199583.000 
209224.000 2525143.000 660978.000 208936.000 
203544.000 2525143.000 646124.000 203434.000 
176879.000 2525143.000 649483.000 176319.000 
176429.000 2525143.000 668557.000 178930.000 
205173.000 2525143.000 636978.000 204619.000 
200651.000 2525143.000 663189.000 206453.000 
184425.000 2598166.000 687833.000 184335.000 
179198.000 2598166.000 724462.000 181932.000 
180451.000 2598166.000 760759.000 180958.000 
200228.000 2598166.000 771317.000 204126.000 
190782.000 2598166.000 756063.000 188627.000 
175436.000 2598166.000 777204.000 175937.000 
183317.000 2598166.000 805248.000 183289.000 
187812.000 2598166.000 789894.000 190858.000 
193164.000 2598166.000 778330.000 194556.000 
194323.000 2598166.000 757011.000 197627.000 
202962.000 2598166.000 747395.000 202533.000 
220030.000 2598166.000 750200.000 222973.000 
213425.000 2598166.000 738985.000 212332.000 
198646.000 2598166.000 729406.000 200630.000 
204225.000 2598166.000 724373.000 204103.000 
208116.000 2598166.000 733238.000 213520.000 
225149.000 2598166.000 701213.000 225405.000 
216365.000 2598166.000 707089.000 216377.000 
216828.000 2598166.000 712064.000 216779.000 
226546.000 2598166.000 719799.000 227329.000 
214609.000 2598166.000 700465.000 215235.000 
213296.000 2598166.000 711820.000 213744.000 
202050.000 2598166.000 722040.000 208131.000 
195967.000 2598166.000 733569.000 196079.000 
202030.000 2598166.000 721540.000 212548.000 
209492.000 2598166.000 727427.000 210784.000 
204887.000 2598166.000 712580.000 213356.000 
220342.000 2598166.000 703959.000 224279.000 
232723.000 2598166.000 689566.000 231923.000 
231280.000 1503373.000 673896.000 246644.000 
210432.000 1333701.000 665139.000 212188.000 
209695.000 1356943.000 671382.000 213673.000 
233397.000 1370085.000 659550.000 236761.000 
259134.000 1385344.000 643261.000 258722.000 
262239.000 1398375.000 639964.000 266904.000 
250321.000 1387637.000 651837.000 250115.000 
247086.000 1333227.000 683648.000 247425.000 
244340.000 1308558.000 706199.000 245017.000 
247139.000 1300567.000 705337.000 247133.000 
247312.000 1295930.000 711276.000 250262.000 
250577.000 1295503.000 709643.000 249624.000 
261432.000 1319354.000 727555.000 261015.000 
262927.000 1344952.000 713388.000 264732.000 
281171.000 1350279.000 677492.000 278255.000 
280263.000 1367197.000 670595.000 279782.000 
280263.000 1424204.000 676986.000 280782.000 
280263.000 1449693.000 674937.000 280782.000 
280263.000 1468258.000 667543.000 280782.000 
188744.000 1444608.000 683786.000 212832.000 
169571.000 1435486.000 703281.000 169290.000 
170473.000 1453879.000 721482.000 161651.000 
182719.000 1463029.000 716223.000 181072.000 
185076.000 1467723.000 737206.000 167570.000 
159582.000 1499452.000 737480.000 152601.000 
171775.000 1495484.000 733552.000 166507.000 
177171.000 1510514.000 755478.000 161913.000 
169825.000 1526589.000 745671.000 162688.000 
182071.000 1516228.000 733176.000 176231.000 
192964.000 1548314.000 729736.000 185349.000 
192993.000 1565578.000 709712.000 191234.000 
198690.000 1581539.000 708444.000 194399.000 
198795.000 1573171.000 716192.000 195829.000 
206637.000 1567405.000 704937.000 203227.000 
220072.000 1563544.000 700710.000 212476.000 
207893.000 1579548.000 716907.000 206274.000 
214687.000 1613342.000 700164.000 213686.000 
240295.000 1610326.000 666731.000 235308.000 
241890.000 1643192.000 655597.000 240743.000 
219671.000 1657999.000 656264.000 213985.000 
205828.000 1700703.000 634831.000 199878.000 
199279.000 1684164.000 637257.000 195436.000 
215780.000 1696759.000 632460.000 214052.000 
235832.000 1654772.000 650937.000 232803.000 
229686.000 1663075.000 683608.000 226959.000 
219105.000 1648400.000 706120.000 218759.000 
219160.000 1653159.000 719122.000 208081.000 
209775.000 1658097.000 753375.000 205617.000 
209758.000 1657206.000 762552.000 206901.000 
219818.000 1679488.000 750918.000 215728.000 
223941.000 1703171.000 766716.000 223159.000 
219634.000 1708160.000 801002.000 212290.000 
227181.000 1699761.000 789338.000 223065.000 
238681.000 1687762.000 781705.000 235912.000 
240077.000 1717168.000 754985.000 236587.000 
221470.000 1703746.000 737735.000 221539.000 
228774.000 1681566.000 755679.000 228720.000 
228778.000 1654568.000 768007.000 227495.000 
229169.000 1661799.000 776328.000 227097.000 
237630.000 1649615.000 756632.000 235930.000 
244585.000 1635581.000 777317.000 243269.000 
249136.000 1653060.000 771051.000 248432.000 
232291.000 1654119.000 795284.000 222567.000 
224495.000 1652262.000 773757.000 224006.000 
238889.000 1664447.000 764136.000 238275.000 
249479.000 1648768.000 762850.000 242092.000 
231414.000 1632148.000 766760.000 232979.000 
241707.000 1623954.000 766941.000 240032.000 
242914.000 1622081.000 776865.000 242045.000 
229700.000 1646920.000 795551.000 229325.000 
225649.000 1663323.000 761164.000 223125.000 
226461.000 1656574.000 789956.000 226246.000 
235187.000 1651116.000 816387.000 233144.000 
231939.000 1665627.000 796719.000 231179.000 
234849.000 1673863.000 795918.000 235008.000 
246834.000 1665812.000 784257.000 245996.000 
240784.000 1713093.000 754425.000 240504.000 
239035.000 1745293.000 740051.000 235007.000 
255270.000 1781695.000 691508.000 254961.000 
265295.000 1793629.000 665011.000 265141.000 
265295.000 1800187.000 670675.000 265141.000 
265295.000 1808944.000 683312.000 265141.000 
188680.000 1828185.000 665838.000 197203.000 
159428.000 1846510.000 670851.000 153104.000 
159716.000 1856798.000 691743.000 148423.000 
163540.000 1844986.000 740986.000 144197.000 
177293.000 1852840.000 770028.000 155434.000 
180887.000 1848812.000 782901.000 156108.000 
190448.000 1812473.000 762813.000 171856.000 
192059.000 1819810.000 773637.000 166756.000 
181207.000 1826045.000 805434.000 163503.000 
183780.000 1790138.000 829099.000 167512.000 
186392.000 1790389.000 850905.000 162852.000 
188818.000 1816733.000 819174.000 162240.000 
188736.000 1764446.000 816113.000 167210.000 
188736.000 1753487.000 834044.000 156050.000 
176501.000 1732408.000 859924.000 130958.000 
176501.000 1742682.000 852908.000 137948.000 
148604.000 1740591.000 827354.000 145291.000 
143091.000 1727961.000 796521.000 139290.000 
137159.000 1709814.000 776996.000 139260.000 
141985.000 1704380.000 773187.000 142577.000 
151007.000 1719872.000 748945.000 150750.000 
163118.000 1731071.000 697282.000 163767.000 
169816.000 1724293.000 696127.000 169965.000 
161825.000 1720774.000 715235.000 162293.000 
143485.000 1721769.000 714746.000 143439.000 
157779.000 1715714.000 726385.000 156701.000 
169631.000 1705651.000 738870.000 173085.000 
150447.000 1709031.000 760398.000 151653.000 
143609.000 1725281.000 763916.000 143503.000 
142146.000 1726840.000 787768.000 143529.000 
141158.000 1734593.000 828042.000 140873.000 
150090.000 1738841.000 833786.000 150728.000 
145169.000 1739111.000 859689.000 148671.000 
161223.000 1722814.000 839691.000 160809.000 
174154.000 1754226.000 798764.000 179665.000 
175497.000 1757228.000 753445.000 175462.000 
174658.000 1765058.000 754424.000 178672.000 
174555.000 1751789.000 711860.000 175246.000 
173397.000 1755142.000 716750.000 173859.000 
174875.000 1760783.000 695688.000 174756.000 
168444.000 1794847.000 696843.000 169633.000 
175218.000 1808038.000 703230.000 177091.000 
181666.000 1797966.000 729441.000 181636.000 
169623.000 1809738.000 741470.000 169288.000 
164678.000 1829404.000 756769.000 164834.000 
179120.000 1833940.000 758883.000 180687.000 
187299.000 1822079.000 747303.000 188279.000 
186885.000 1792323.000 768656.000 187632.000 
174494.000 1788619.000 790602.000 175732.000 
170191.000 1787067.000 812667.000 169729.000 
177338.000 1769248.000 818674.000 178269.000 
183971.000 1778354.000 812610.000 184139.000 
187698.000 1733089.000 799642.000 190182.000 
185871.000 1746677.000 804037.000 185430.000 
177715.000 1767259.000 795796.000 181283.000 
184240.000 1792942.000 762075.000 184897.000 
183275.000 1831720.000 732358.000 186559.000 
172349.000 1834594.000 761331.000 172304.000 
175872.000 1832808.000 752575.000 180760.000 
192333.000 1824764.000 748447.000 192909.000 
197888.000 1833657.000 750567.000 198236.000 
177048.000 1849882.000 758093.000 178871.000 
174759.000 1864865.000 782931.000 178661.000 
186798.000 1865663.000 806974.000 187267.000 
190095.000 1890487.000 837248.000 192638.000 
193294.000 1890988.000 815637.000 194590.000 
206316.000 1927750.000 792967.000 209732.000 
205704.000 1948326.000 794963.000 206532.000 
188620.000 1960663.000 798147.000 195314.000 
197684.000 1961432.000 795571.000 197609.000 
202191.000 1992625.000 776028.000 204723.000 
197903.000 2026752.000 754063.000 198058.000 
204487.000 2053424.000 733809.000 204063.000 
196964.000 2088859.000 733997.000 202111.000 
201294.000 2116185.000 749216.000 203504.000 
215315.000 2106911.000 745549.000 215922.000 
219015.000 2110670.000 731360.000 218240.000 
211761.000 2093212.000 745821.000 213157.000 
211895.000 2126196.000 769738.000 213172.000 
210959.000 2123741.000 791661.000 211099.000 
230846.000 2132632.000 807352.000 230052.000 
241271.000 2171523.000 786573.000 241259.000 
237292.000 2230784.000 765522.000 236969.000 
233231.000 2236926.000 756680.000 233463.000 
232366.000 2251639.000 753300.000 232209.000 
229461.000 2278617.000 748341.000 229014.000 
238860.000 2310811.000 713839.000 238541.000 
245615.000 2333747.000 710150.000 243625.000 
242801.000 2365365.000 725736.000 242987.000 
252628.000 2367233.000 755701.000 252306.000 
258453.000 2367030.000 779199.000 257979.000 
253135.000 2414278.000 792045.000 252896.000 
253135.000 2439135.000 782615.000 252896.000 
253135.000 2450272.000 771966.000 252896.000 
250714.000 2487900.000 749019.000 251806.000 
193931.000 2482188.000 725970.000 191601.000 
177800.000 2489567.000 708421.000 177034.000 
171443.000 2502880.000 695454.000 166610.000 
175906.000 2468769.000 702075.000 172555.000 
188465.000 2478932.000 711073.000 183808.000 
182800.000 2508378.000 733018.000 167207.000 
177258.000 2511812.000 741643.000 173324.000 
192045.000 2533556.000 767571.000 185406.000 
201207.000 2537224.000 778119.000 195641.000 
196440.000 2564584.000 796212.000 190687.000 
198854.000 2592427.000 789940.000 196166.000 
211767.000 2616676.000 774634.000 207518.000 
206283.000 2624636.000 754229.000 205917.000 
200650.000 2609015.000 739161.000 196720.000 
203221.000 2631877.000 735419.000 195852.000 
205957.000 2634624.000 756889.000 200670.000 
212670.000 2632992.000 774096.000 201769.000 
227736.000 2614400.000 770703.000 225261.000 
226426.000 2635667.000 779495.000 224777.000 
215871.000 2647002.000 776969.000 213653.000 
215880.000 2662769.000 802826.000 211910.000 
229254.000 2688267.000 798828.000 223660.000 
231007.000 2722773.000 805420.000 224834.000 
225374.000 2705893.000 803627.000 222220.000 
229044.000 2695732.000 793520.000 226904.000 
242564.000 2715177.000 791311.000 238823.000 
248247.000 2735207.000 790042.000 244248.000 
246823.000 2765509.000 755664.000 246935.000 
231614.000 2798003.000 741777.000 229064.000 
222857.000 2820105.000 763588.000 217760.000 
220971.000 2847678.000 756709.000 217124.000 
222498.000 2875742.000 741398.000 217470.000 
239309.000 2903701.000 726450.000 235340.000 
245465.000 2936085.000 721860.000 245561.000 
245819.000 2965280.000 756737.000 237530.000 
234631.000 2970994.000 775821.000 233417.000 
227013.000 3009115.000 781827.000 224915.000 
226572.000 3053469.000 787146.000 212842.000 
214104.000 3074664.000 806385.000 210708.000 
222331.000 3100381.000 811459.000 217301.000 
238677.000 3137623.000 814141.000 236876.000 
237777.000 3162641.000 813589.000 236269.000 
237326.000 3199635.000 773442.000 234780.000 
234781.000 3237346.000 791334.000 234179.000 
238466.000 3251583.000 768627.000 235891.000 
243454.000 3251583.000 733412.000 243231.000 
230429.000 3251583.000 752580.000 222836.000 
222465.000 3251583.000 763835.000 212545.000 
222465.000 3251583.000 767394.000 222098.000 
222465.000 3251583.000 778540.000 237328.000 
232844.000 3251583.000 787988.000 225375.000 
232844.000 3251583.000 798467.000 181198.000 
221262.000 3251583.000 802620.000 204817.000 
196200.000 3251583.000 792560.000 198394.000 
173897.000 3251583.000 783012.000 171164.000 
166463.000 3251583.000 770047.000 167770.000 
160797.000 3251583.000 785940.000 167739.000 
167670.000 3251583.000 791685.000 169406.000 
173048.000 3251583.000 789385.000 174425.000 
177629.000 3251583.000 773939.000 177506.000 
186188.000 3251583.000 781140.000 188346.000 
183763.000 3251583.000 812628.000 184500.000 
184596.000 3251583.000 813154.000 186213.000 
199242.000 3251583.000 804890.000 202363.000 
201325.000 3251583.000 825779.000 201280.000 
203167.000 3251583.000 805381.000 203879.000 
210112.000 3251583.000 789212.000 212313.000 
180464.000 3251583.000 822675.000 184425.000 
176683.000 3251583.000 848641.000 176729.000 
192292.000 3251583.000 828775.000 196061.000 
197908.000 3251583.000 806432.000 203163.000 
193355.000 3251583.000 820248.000 197819.000 
195716.000 3251583.000 797860.000 198279.000 
195349.000 3251583.000 817929.000 199699.000 
200904.000 3251583.000 831517.000 202844.000 
208928.000 3251583.000 760695.000 210369.000 
214285.000 3251583.000 732015.000 214737.000 
227586.000 3251583.000 724045.000 228777.000 
234414.000 3251583.000 692609.000 236960.000 
215785.000 3251583.000 671139.000 216512.000 
205324.000 3251583.000 664833.000 205705.000 
217196.000 3251583.000 671075.000 219604.000 
217989.000 3251583.000 698937.000 222853.000 
208121.000 3251583.000 710897.000 207500.000 
211221.000 3251583.000 742728.000 214631.000 
213218.000 3251583.000 760516.000 214462.000 
219210.000 3251583.000 774974.000 219172.000 
221354.000 3251583.000 793900.000 223886.000 
224899.000 3251583.000 810277.000 225632.000 
212252.000 3251583.000 842450.000 215932.000 
204429.000 3251583.000 849510.000 205363.000 
206593.000 3251583.000 856715.000 209764.000 
226244.000 3251583.000 835344.000 229054.000 
229600.000 3251583.000 825818.000 231419.000 
223842.000 3251583.000 831157.000 224268.000 
222834.000 3251583.000 829439.000 224273.000 
229211.000 3251583.000 798209.000 232646.000 
238790.000 3251583.000 764545.000 238040.000 
248290.000 3251583.000 771000.000 249850.000 
248988.000 3251583.000 769127.000 251512.000 
236667.000 3251583.000 765907.000 241537.000 
199232.000 3251583.000 732715.000 232647.000 
189503.000 1788956.000 740414.000 203952.000 
207872.000 285698.000 756550.000 210341.000 
235013.000 290198.000 745065.000 240016.000 
252475.000 305693.000 742979.000 258156.000 
247256.000 337426.000 730924.000 250949.000 
226922.000 375209.000 743493.000 227691.000 
216251.000 409461.000 767126.000 217507.000 
227561.000 427635.000 805350.000 231363.000 
243330.000 448054.000 802884.000 246227.000 
258551.000 479141.000 790924.000 259654.000 
238033.000 528107.000 800550.000 241331.000 
215708.000 570727.000 824552.000 221648.000 
223356.000 602346.000 844788.000 224046.000 
235903.000 635184.000 836610.000 234411.000 
255344.000 663866.000 816477.000 256555.000 
257758.000 690819.000 808775.000 261428.000 
276106.000 701637.000 811849.000 277058.000 
279607.000 719259.000 825051.000 281449.000 
279607.000 748847.000 818451.000 283299.000 
279607.000 783812.000 777237.000 283299.000 
279607.000 815063.000 792112.000 278012.000 
174274.000 833779.000 810145.000 187629.000 
159155.000 855416.000 830578.000 158634.000 
171302.000 871736.000 832867.000 166937.000 
182176.000 906860.000 821642.000 180820.000 
175061.000 933000.000 817801.000 174352.000 
169145.000 952126.000 841523.000 165785.000 
183995.000 959014.000 874079.000 182905.000 
187238.000 989075.000 901732.000 182771.000 
169187.000 1033345.000 886423.000 167885.000 
186422.000 1061754.000 840163.000 182068.000 
197218.000 1087480.000 837177.000 193345.000 
182631.000 1133199.000 847229.000 180225.000 
190926.000 1162578.000 844100.000 188574.000 
199006.000 1179720.000 853022.000 197373.000 
211265.000 1203461.000 814029.000 210997.000 
217139.000 1225469.000 799877.000 211884.000 
203190.000 1263451.000 792154.000 203427.000 
196073.000 1299044.000 809250.000 193400.000 
195668.000 1322728.000 828709.000 194703.000 
198624.000 1344909.000 845918.000 192125.000 
199439.000 1377773.000 867994.000 197170.000 
219599.000 1381757.000 872883.000 216699.000 
231533.000 1392889.000 870104.000 228593.000 
206037.000 1425930.000 883256.000 204082.000 
199898.000 1454398.000 902894.000 198894.000 
204979.000 1491763.000 905791.000 203894.000 
222203.000 1521084.000 876134.000 222047.000 
232841.000 1553362.000 847646.000 231354.000 
221140.000 1578288.000 837266.000 220417.000 
221552.000 1614216.000 813038.000 219635.000 
213741.000 1643976.000 815432.000 211570.000 
210819.000 1682211.000 812239.000 209986.000 
218497.000 1712217.000 781130.000 215792.000 
223565.000 1746161.000 785398.000 223014.000 
228122.000 1760842.000 809839.000 225948.000 
227440.000 1777030.000 837539.000 227481.000 
219625.000 1807015.000 839436.000 219066.000 
221792.000 1817889.000 862688.000 219422.000 
216561.000 1817889.000 883958.000 216015.000 
221372.000 1817889.000 870388.000 221049.000 
238717.000 1817889.000 867249.000 239919.000 
258451.000 1817889.000 877902.000 255989.000 
242187.000 1817889.000 865992.000 242378.000 
239943.000 1817889.000 839615.000 236483.000 
227726.000 1817889.000 815755.000 227215.000 
232505.000 1817889.000 801714.000 233195.000 
236491.000 1817889.000 818794.000 232615.000 
220154.000 1817889.000 833906.000 221238.000 
233011.000 1817889.000 831203.000 230520.000 
240026.000 1817889.000 824877.000 239624.000 
241608.000 1817889.000 830423.000 242826.000 
250902.000 1817889.000 840773.000 249605.000 
256725.000 1817889.000 869649.000 257685.000 
260215.000 1817889.000 868114.000 264970.000 
260215.000 1817889.000 836205.000 264970.000 
244347.000 1817889.000 829047.000 258724.000 
153001.000 1817889.000 853252.000 151281.000 
148275.000 1817889.000 881136.000 139657.000 
171753.000 1817889.000 889392.000 157168.000 
167488.000 1817889.000 890206.000 158571.000 
171979.000 1817889.000 848536.000 165675.000 
173732.000 1817889.000 845546.000 163504.000 
168194.000 1817889.000 847443.000 159613.000 
171943.000 1817889.000 834430.000 155472.000 
165539.000 1817889.000 828848.000 153795.000 
168706.000 1817889.000 806937.000 162122.000 
172064.000 1817889.000 816613.000 157845.000 
172265.000 1817889.000 832615.000 155553.000 
180536.000 1817889.000 834197.000 166901.000 
193862.000 1817889.000 827301.000 178624.000 
187632.000 1817889.000 836252.000 181192.000 
186745.000 1817889.000 864711.000 182621.000 
183948.000 1817889.000 884078.000 171996.000 
181756.000 1817889.000 885678.000 169158.000 
184089.000 1817889.000 891743.000 172557.000 
191986.000 1817889.000 863824.000 186799.000 
209508.000 1817889.000 852111.000 201507.000 
204431.000 1817889.000 885769.000 196214.000 
190238.000 1817889.000 913607.000 180596.000 
194527.000 1817889.000 926260.000 189856.000 
198962.000 1817889.000 896689.000 194466.000 
213386.000 1817889.000 867284.000 209636.000 
222693.000 1817889.000 845565.000 212267.000 
203207.000 1817889.000 859939.000 187457.000 
191305.000 1817889.000 868299.000 176122.000 
191216.000 1817889.000 901732.000 176616.000 
191216.000 1817889.000 892266.000 180658.000 
191873.000 1817889.000 877470.000 188280.000 
197118.000 1817889.000 870104.000 194682.000 
197688.000 1817889.000 877948.000 195824.000 
197006.000 1817889.000 898957.000 192250.000 
199633.000 1817889.000 891486.000 203005.000 
199633.000 1817889.000 881444.000 205933.000 
196233.000 1817889.000 867477.000 197442.000 
196233.000 1817889.000 874644.000 164219.000 
157207.000 1817889.000 871740.000 159129.000 
143640.000 1817889.000 857814.000 143647.000 
144452.000 1817889.000 851468.000 145856.000 
164301.000 1817889.000 826676.000 166527.000 
164435.000 1817889.000 840067.000 164778.000 
157816.000 1817889.000 847788.000 160237.000 
154506.000 1817889.000 874751.000 157977.000 
146318.000 1817889.000 888653.000 147681.000 
162452.000 1817889.000 871258.000 166374.000 
168044.000 1817889.000 877685.000 168211.000 
177570.000 1817889.000 851013.000 179364.000 
193100.000 1817889.000 849401.000 194621.000 
191832.000 1817889.000 834894.000 191351.000 
191397.000 1817889.000 821971.000 191453.000 
175751.000 1817889.000 813315.000 175364.000 
175068.000 1817889.000 795608.000 176061.000 
189305.000 1817889.000 796948.000 190183.000 
187976.000 1817889.000 819577.000 188060.000 
176690.000 1817889.000 843314.000 181405.000 
179946.000 1817889.000 868802.000 181490.000 
193390.000 1817889.000 891421.000 196794.000 
193892.000 1817889.000 887432.000 195672.000 
185601.000 1817889.000 890582.000 185289.000 
178397.000 1817889.000 898631.000 180610.000 
190273.000 1817889.000 869070.000 191052.000 
202797.000 1817889.000 853751.000 203786.000 
194669.000 1817889.000 830781.000 195604.000 
187872.000 1817889.000 823540.000 190717.000 
186673.000 1817889.000 813435.000 186785.000 
197996.000 1817889.000 822975.000 199884.000 
204436.000 1817889.000 826735.000 205536.000 
200934.000 631537.000 816496.000 202314.000 
218257.000 609823.000 828424.000 221290.000 
212706.000 639314.000 837957.000 217900.000 
163983.000 683475.000 860367.000 186462.000 
176920.000 739821.000 888693.000 178769.000 
211005.000 769652.000 869850.000 216550.000 
232458.000 838952.000 861521.000 237876.000 
196172.000 886944.000 869251.000 196677.000 
186722.000 937475.000 870259.000 188888.000 
195662.000 937475.000 884485.000 197882.000 
194043.000 937475.000 901899.000 195572.000 
199201.000 937475.000 889502.000 202010.000 
197138.000 937475.000 858395.000 204580.000 
186230.000 937475.000 855637.000 193451.000 
187390.000 937475.000 867922.000 190703.000 
192874.000 937475.000 859010.000 196268.000 
187225.000 937475.000 854814.000 191536.000 
198067.000 937475.000 832155.000 201861.000 
208297.000 937475.000 833473.000 211339.000 
204607.000 937475.000 850612.000 206407.000 
209418.000 937475.000 864448.000 211339.000 
202882.000 937475.000 909064.000 205824.000 
208902.000 937475.000 910196.000 210009.000 
220945.000 937475.000 925907.000 223542.000 
219677.000 937475.000 949673.000 224636.000 
210519.000 937475.000 962802.000 211497.000 
207226.000 937475.000 959674.000 209487.000 
210992.000 937475.000 984554.000 213036.000 
227698.000 937475.000 961665.000 228774.000 
238258.000 937475.000 954227.000 238847.000 
236536.000 937475.000 901188.000 235733.000 
239946.000 937475.000 905820.000 241703.000 
248754.000 939375.000 896463.000 249410.000 
258959.000 939375.000 903556.000 258679.000 
263347.000 939375.000 898161.000 265501.000 
259849.000 939375.000 901032.000 260443.000 
258735.000 939375.000 865292.000 258873.000 
249392.000 939375.000 871057.000 252102.000 
240088.000 939375.000 885518.000 240143.000 
236006.000 939375.000 911020.000 239268.000 
245741.000 939375.000 925524.000 246337.000 
252100.000 939375.000 900550.000 251557.000 
264666.000 939375.000 882557.000 266618.000 
271535.000 536954.000 893156.000 271409.000 
271535.000 503513.000 887299.000 271409.000 
271535.000 455475.000 912661.000 271409.000 
268345.000 443845.000 918018.000 271409.000 
175784.000 434075.000 917111.000 271409.000 
160156.000 487896.000 890655.000 271409.000 
158333.000 520455.000 883108.000 271409.000 
164892.000 530882.000 918921.000 271409.000 
173976.000 513382.000 959678.000 271409.000 
173614.000 523540.000 963719.000 271409.000 
194305.000 476797.000 936251.000 271409.000 
197026.000 491525.000 916228.000 271409.000 
177748.000 512557.000 937844.000 271409.000 
181269.000 525433.000 911720.000 253983.000 
183843.000 503339.000 893643.000 238235.000 
186267.000 482475.000 830505.000 224831.000 
188641.000 450143.000 764272.000 187260.000 
191094.000 442031.000 759059.000 153498.000 
193465.000 444195.000 757892.000 144600.000 
195904.000 471427.000 714213.000 147800.000 
198336.000 488625.000 723627.000 143366.000 
198457.000 494528.000 751706.000 140891.000 
200692.000 502321.000 770913.000 140578.000 
203002.000 527300.000 794443.000 137379.000 
203102.000 514021.000 818162.000 142222.000 
205313.000 526847.000 848614.000 135031.000 
205534.000 539559.000 869156.000 130716.000 
207670.000 543964.000 902361.000 136894.000 
207992.000 560110.000 919012.000 131354.000 
209978.000 583968.000 915750.000 131795.000 
210243.000 607936.000 880424.000 147995.000 
211708.000 597902.000 889935.000 151717.000 
212685.000 613012.000 887629.000 146147.000 
212727.000 639010.000 897230.000 141395.000 
212629.000 649658.000 880448.000 144686.000 
212731.000 613818.000 870721.000 155827.000 
212765.000 603772.000 879744.000 151733.000 
212640.000 631507.000 861945.000 159830.000 
212675.000 636866.000 875823.000 155620.000 
212675.000 658704.000 877108.000 161925.000 
200599.000 644526.000 873957.000 164378.000 
200599.000 645704.000 883526.000 146725.000 
155802.000 692412.000 874817.000 135513.000 
132485.000 696082.000 870540.000 132522.000 
147544.000 653832.000 875330.000 145455.000 
137556.000 640050.000 874280.000 137233.000 
136523.000 643621.000 893896.000 135320.000 
149769.000 664158.000 878798.000 148877.000 
148751.000 629531.000 902386.000 147721.000 
145609.000 628216.000 900417.000 145185.000 
143629.000 651823.000 901626.000 142473.000 
157091.000 656875.000 905360.000 156559.000 
162710.000 662377.000 902712.000 160970.000 
152938.000 656345.000 900225.000 150746.000 
142251.000 649961.000 911440.000 141613.000 
152673.000 659551.000 930235.000 150934.000 
169626.000 620258.000 945937.000 169269.000 
172261.000 626383.000 957556.000 172564.000 
168120.000 637260.000 929952.000 168743.000 
155712.000 640199.000 932879.000 155465.000 
155743.000 632837.000 948336.000 154626.000 
155743.000 631585.000 958361.000 153166.000 
152302.000 670026.000 952392.000 155934.000 
146837.000 677377.000 948719.000 147999.000 
156741.000 642875.000 965818.000 156904.000 
162054.000 647765.000 921902.000 161286.000 
135829.000 670131.000 914586.000 141524.000 
144263.000 655748.000 944679.000 145428.000 
152643.000 634594.000 950788.000 152540.000 
148002.000 661671.000 938565.000 149365.000 
166366.000 676983.000 922213.000 165546.000 
181377.000 695489.000 924133.000 185440.000 
189669.000 647535.000 905675.000 188914.000 
184974.000 647089.000 878036.000 188132.000 
185594.000 652224.000 882713.000 184201.000 
184445.000 607780.000 893376.000 184976.000 
176440.000 616107.000 870672.000 176302.000 
184691.000 619155.000 859509.000 186636.000 
183727.000 638346.000 850564.000 183130.000 
178688.000 638973.000 870999.000 178942.000 
186150.000 634951.000 877403.000 185938.000 
186988.000 650952.000 891327.000 188361.000 
183964.000 645001.000 906704.000 183856.000 
184433.000 655068.000 916784.000 185301.000 
189991.000 638879.000 924662.000 189753.000 
193058.000 627891.000 926159.000 193170.000 
211862.000 610316.000 930543.000 211381.000 
211721.000 603064.000 951595.000 213374.000 
186846.000 622319.000 942534.000 185006.000 
167990.000 637052.000 940424.000 170864.000 
177465.000 649828.000 950770.000 177704.000 
171562.000 684351.000 970505.000 177242.000 
190212.000 704167.000 938533.000 191540.000 
211850.000 722739.000 934318.000 214719.000 
210138.000 716586.000 917322.000 209613.000 
197350.000 733610.000 924143.000 198579.000 
183618.000 715270.000 936017.000 182960.000 
195022.000 696455.000 934964.000 199078.000 
216852.000 647809.000 931474.000 217327.000 
210200.000 656339.000 929751.000 210611.000 
195931.000 675306.000 931062.000 195973.000 
194733.000 671224.000 953686.000 197788.000 
206820.000 678683.000 955106.000 207312.000 
206744.000 680258.000 959662.000 211532.000 
199991.000 691207.000 974572.000 202171.000 
205749.000 711363.000 976249.000 206271.000 
201542.000 723575.000 969628.000 202771.000 
194941.000 729139.000 973693.000 194789.000 
215238.000 748911.000 940575.000 218119.000 
217746.000 748876.000 945461.000 218628.000 
203664.000 749564.000 930852.000 203533.000 
203689.000 758623.000 956984.000 204128.000 
201844.000 762029.000 983511.000 202250.000 
215232.000 780978.000 968512.000 215791.000 
213048.000 804649.000 950803.000 216408.000 
202467.000 806688.000 953486.000 202255.000 
205854.000 817673.000 951972.000 210064.000 
217228.000 834635.000 947708.000 217373.000 
227237.000 826849.000 969693.000 228553.000 
229497.000 848611.000 950956.000 230721.000 
226478.000 854921.000 938532.000 226311.000 
220608.000 883153.000 906032.000 221552.000 
217528.000 906543.000 908583.000 217092.000 
216122.000 916985.000 920174.000 220224.000 
209569.000 938474.000 907068.000 209330.000 
210717.000 972619.000 898058.000 214448.000 
223908.000 997075.000 886234.000 224822.000 
236838.000 1006583.000 874331.000 237340.000 
221328.000 1042349.000 899825.000 232600.000 
222039.000 1046353.000 914239.000 222701.000 
241781.000 1055692.000 907943.000 244521.000 
256256.000 1097622.000 897205.000 259321.000 
260689.000 1078957.000 885303.000 260281.000 
249910.000 1084095.000 883104.000 260281.000 
231015.000 1078490.000 916531.000 236284.000 
198474.000 1092243.000 935231.000 190941.000 
188730.000 1052317.000 967970.000 180976.000 
192860.000 1054110.000 999527.000 174659.000 
201476.000 1059076.000 951113.000 187014.000 
208570.000 1089633.000 950963.000 175572.000 
206274.000 1125316.000 962465.000 181412.000 
214367.000 1155627.000 956638.000 200638.000 
231724.000 1136483.000 962718.000 210785.000 
238763.000 1154464.000 925240.000 218912.000 
228589.000 1158806.000 950330.000 218553.000 
228277.000 1141837.000 985191.000 204126.000 
229641.000 1193395.000 917662.000 209709.000 
235404.000 1218329.000 910506.000 204820.000 
240942.000 1251344.000 914009.000 203994.000 
246609.000 1268101.000 930359.000 214435.000 
258892.000 1270507.000 947816.000 225551.000 
267524.000 1281022.000 960072.000 230199.000 
275999.000 1272714.000 961935.000 226474.000 
275499.000 1311137.000 970937.000 211217.000 
279972.000 1324214.000 931652.000 204250.000 
286272.000 1365397.000 935937.000 198597.000 
293873.000 1425524.000 978548.000 185429.000 
301949.000 1451437.000 987396.000 196733.000 
309972.000 1462405.000 979522.000 217107.000 
318107.000 1499847.000 966099.000 225758.000 
326413.000 1549352.000 963607.000 224560.000 
335183.000 1570451.000 942863.000 221860.000 
349847.000 1545168.000 935032.000 235569.000 
360830.000 1542326.000 928998.000 237122.000 
375569.000 1564456.000 935444.000 251002.000 
398176.000 1595393.000 904587.000 258438.000 
417003.000 1613176.000 908802.000 272254.000 
419372.000 1638509.000 916336.000 277618.000 
419372.000 1688315.000 909767.000 277618.000 
419372.000 1706192.000 905120.000 277618.000 
419372.000 1701318.000 903163.000 246114.000 
419372.000 1719379.000 916026.000 208712.000 
419372.000 1720535.000 917219.000 190409.000 
419372.000 1712966.000 912041.000 180123.000 
419372.000 1720414.000 909064.000 180347.000 
419372.000 1741032.000 927636.000 176009.000 
378745.000 1772593.000 927477.000 165907.000 
233777.000 1781963.000 931785.000 136838.000 
210282.000 1804267.000 928184.000 140225.000 
212917.000 1820925.000 925429.000 153653.000 
215133.000 1836847.000 887509.000 168204.000 
219080.000 1871753.000 877396.000 170018.000 
221837.000 1911928.000 866595.000 157222.000 
224483.000 1946934.000 883607.000 158533.000 
226911.000 1983802.000 892318.000 150862.000 
229454.000 2013830.000 895674.000 144612.000 
231791.000 2057548.000 898353.000 144503.000 
233984.000 2088335.000 913122.000 154512.000 
236526.000 2095794.000 913157.000 174433.000 
238776.000 2079285.000 932642.000 181496.000 
240577.000 2091142.000 951894.000 188352.000 
241468.000 2110343.000 962582.000 186240.000 
243851.000 2132709.000 991235.000 179830.000 
244760.000 2174905.000 995571.000 162404.000 
244760.000 2215393.000 970546.000 162473.000 
243931.000 2258598.000 942277.000 169290.000 
173635.000 2285601.000 959037.000 148443.000 
176115.000 2313943.000 978213.000 160117.000 
181253.000 2340321.000 1001998.000 171013.000 
186051.000 2367370.000 1017248.000 171619.000 
197152.000 2390925.000 1020308.000 185539.000 
207986.000 2438815.000 986222.000 193757.000 
211098.000 2446048.000 978866.000 201493.000 
209693.000 2465478.000 953328.000 207506.000 
209693.000 2492263.000 971114.000 209041.000 
193767.000 2537555.000 938635.000 194101.000 
160927.000 2591700.000 906128.000 155127.000 
156727.000 2645855.000 903357.000 155009.000 
156727.000 2645455.000 897629.000 165622.000 
158556.000 2679377.000 893087.000 166760.000 
153988.000 2712441.000 932121.000 136182.000 
150468.000 2752855.000 927311.000 142290.000 
134751.000 2781429.000 924286.000 133883.000 
134751.000 2805455.000 931378.000 139846.000 
132696.000 2825256.000 943883.000 139083.000 
133413.000 2847813.000 943598.000 136335.000 
132738.000 2888222.000 945817.000 132741.000 
130540.000 2911382.000 914379.000 133953.000 
131107.000 2938343.000 894521.000 136661.000 
131291.000 2959430.000 864170.000 141065.000 
131579.000 2959430.000 851287.000 132816.000 
130846.000 2959430.000 860414.000 136175.000 
130889.000 2959430.000 858310.000 138209.000 
130026.000 2959430.000 874686.000 137571.000 
130399.000 2959430.000 897780.000 138556.000 
129805.000 2959430.000 884218.000 140887.000 
129397.000 2959430.000 898773.000 141779.000 
138383.000 2959430.000 910144.000 152885.000 
131926.000 2959430.000 936934.000 153881.000 
136834.000 2959430.000 939899.000 145827.000 
130764.000 2959430.000 955599.000 148186.000 
129788.000 2959430.000 945778.000 150286.000 
130586.000 2959430.000 930969.000 150536.000 
131593.000 2959430.000 912780.000 152970.000 
132150.000 2959430.000 924385.000 154561.000 
130589.000 2959430.000 923790.000 155340.000 
136143.000 2959430.000 915326.000 157625.000 
138370.000 2959430.000 901844.000 158292.000 
138820.000 2959430.000 910351.000 160982.000 
139334.000 2959430.000 905299.000 161968.000 
132682.000 2959430.000 918963.000 162554.000 
129035.000 2959430.000 926123.000 164853.000 
133339.000 2959430.000 915940.000 164984.000 
131876.000 2959430.000 909254.000 167407.000 
131391.000 2959430.000 901618.000 167954.000 
135852.000 2959430.000 889218.000 169699.000 
135553.000 2959430.000 885253.000 171678.000 
132990.000 2959430.000 877791.000 172138.000 
130892.000 2959430.000 882867.000 174318.000 
133146.000 2959430.000 892612.000 174571.000 
138407.000 2959430.000 888659.000 174625.000 
140752.000 2959430.000 905524.000 167228.000 
131431.000 2959430.000 895463.000 133104.000 
130096.000 2959430.000 893367.000 129628.000 
129750.000 2959430.000 890465.000 133287.000 
129665.000 2959430.000 887726.000 131124.000 
130640.000 2959430.000 873821.000 132120.000 
130917.000 2959430.000 815304.000 132785.000 
130051.000 2959430.000 788562.000 131410.000 
129857.000 2959430.000 800607.000 130909.000 
130239.000 2959430.000 801182.000 129608.000 
129263.000 2959430.000 816244.000 131186.000 
128970.000 2959430.000 829080.000 135640.000 
129800.000 2959430.000 811186.000 131129.000 
132048.000 2959430.000 821743.000 131568.000 
136815.000 2959430.000 833488.000 141359.000 
142660.000 2959430.000 851890.000 143482.000 
133594.000 2959430.000 870607.000 132353.000 
135297.000 2959430.000 859417.000 138039.000 
130886.000 2959430.000 881291.000 135180.000 
137849.000 2959430.000 875248.000 135180.000 
131599.000 2959430.000 869993.000 132077.000 
129231.000 2959430.000 861851.000 129961.000 
129824.000 2959430.000 854823.000 129058.000 
129493.000 2959430.000 852344.000 129362.000 
133035.000 2959430.000 819696.000 132079.000 
135136.000 2899626.000 809110.000 133856.000 
132237.000 2899626.000 782832.000 131221.000 
135429.000 2899626.000 783962.000 134182.000 
134584.000 2899626.000 801797.000 132142.000 
136894.000 2899626.000 811757.000 131743.000 
134261.000 2899626.000 831513.000 133287.000 
140662.000 2899626.000 838371.000 130380.000 
134795.000 2899626.000 851675.000 129481.000 
141798.000 2899626.000 894754.000 131614.000 
143884.000 2899626.000 926366.000 130233.000 
156678.000 2899626.000 941899.000 142150.000 
160023.000 2899626.000 947550.000 146783.000 
165442.000 2899626.000 952655.000 153289.000 
173682.000 2899626.000 961117.000 151031.000 
172130.000 2899626.000 976867.000 149981.000 
177944.000 2899626.000 985502.000 152532.000 
189892.000 2899626.000 987899.000 161270.000 
198669.000 2899626.000 977398.000 158422.000 
201370.000 2899626.000 951072.000 166247.000 
208504.000 2899626.000 971778.000 165709.000 
213816.000 2899626.000 995375.000 165317.000 
239838.000 2899626.000 982393.000 187399.000 
255939.000 2899626.000 979539.000 189325.000 
251515.000 2899626.000 982181.000 182790.000 
245844.000 2899626.000 952240.000 183737.000 
253382.000 2899626.000 956454.000 186243.000 
263153.000 2899626.000 966869.000 189769.000 
282654.000 1389690.000 963095.000 206919.000 
296232.000 1169668.000 941267.000 207941.000 
305923.000 1266491.000 927194.000 207730.000 
304039.000 1301397.000 931879.000 206291.000 
309763.000 1317605.000 936707.000 203514.000 
320688.000 1325969.000 942074.000 206413.000 
338328.000 1309919.000 933140.000 221022.000 
366333.000 1331011.000 894975.000 233741.000 
377699.000 1347950.000 911770.000 220265.000 
388884.000 1314079.000 925590.000 225605.000 
391081.000 1291508.000 908206.000 242685.000 
391558.000 1296410.000 916008.000 242844.000 
404833.000 1303155.000 910742.000 244145.000 
419065.000 1313695.000 921092.000 249530.000 
432065.000 1356170.000 935327.000 248434.000 
439556.000 1411243.000 943718.000 240022.000 
441487.000 1410723.000 983361.000 229067.000 
441487.000 1429876.000 1015624.000 217498.000 
441487.000 1412051.000 998965.000 223676.000 
441487.000 1434299.000 1023447.000 219572.000 
441487.000 1437951.000 1045074.000 218250.000 
441487.000 1452299.000 1073170.000 220750.000 
350051.000 1445140.000 1084624.000 219939.000 
348927.000 1445503.000 1117718.000 214022.000 
350855.000 1465524.000 1127239.000 214423.000 
356417.000 1474489.000 1093307.000 231460.000 
365061.000 1468339.000 1072066.000 252382.000 
388559.000 1466986.000 1022485.000 267418.000 
391987.000 1479734.000 1028583.000 271531.000 
391987.000 1533421.000 1030027.000 271531.000 
391987.000 1519449.000 1031150.000 271531.000 
391987.000 1516472.000 1016120.000 246455.000 
286460.000 1501098.000 1007062.000 226031.000 
270061.000 1510588.000 952186.000 212879.000 
270017.000 1546462.000 960024.000 185537.000 
276356.000 1554505.000 985500.000 166842.000 
279541.000 1574834.000 990568.000 157777.000 
281369.000 1577531.000 1014269.000 149893.000 
283919.000 1583092.000 1043162.000 136540.000 
283919.000 1569494.000 1064408.000 139259.000 
283919.000 1567111.000 1066316.000 134770.000 
278520.000 1556686.000 1023273.000 139876.000 
203487.000 1553336.000 1001436.000 160021.000 
206697.000 1584887.000 1009256.000 161408.000 
210141.000 1598562.000 998049.000 166573.000 
212384.000 1570378.000 968956.000 176788.000 
214521.000 1577614.000 947949.000 190733.000 
223420.000 1590246.000 904681.000 206666.000 
227598.000 1604465.000 869147.000 204495.000 
227598.000 1612697.000 854206.000 204633.000 
207321.000 1585633.000 877698.000 194780.000 
155645.000 1627554.000 874866.000 152681.000 
166418.000 1636599.000 872123.000 165115.000 
166418.000 1616902.000 874634.000 183132.000 
167156.000 1626810.000 894110.000 173411.000 
159547.000 1639323.000 908355.000 145623.000 
159547.000 1629261.000 916957.000 171424.000 
158181.000 1642680.000 901654.000 140492.000 
158181.000 1663133.000 916338.000 136154.000 
133728.000 1641224.000 925901.000 130144.000 
133728.000 1612875.000 934593.000 131728.000 
130426.000 1597060.000 946179.000 129252.000 
130619.000 1587756.000 967346.000 129018.000 
130619.000 1575962.000 930898.000 129866.000 
130619.000 1553226.000 900580.000 132978.000 
130619.000 1521652.000 882384.000 130938.000 
130194.000 1461139.000 868668.000 129356.000 
134922.000 1440450.000 826786.000 139821.000 
130934.000 1425882.000 811215.000 130291.000 
130097.000 1406053.000 795798.000 131839.000 
129911.000 1407722.000 788254.000 133494.000 
134527.000 1379647.000 797321.000 138332.000 
130947.000 1382687.000 817023.000 130594.000 
130414.000 1395389.000 819098.000 135043.000 
130188.000 1418055.000 829026.000 132307.000 
134855.000 1427048.000 838531.000 137483.000 
129953.000 1447449.000 843632.000 130318.000 
131879.000 1459505.000 832615.000 136159.000 
132290.000 1479501.000 830278.000 137272.000 
132975.000 1514278.000 819132.000 139403.000 
129967.000 1529385.000 816072.000 136551.000 
130566.000 1548925.000 820629.000 138008.000 
131128.000 1566598.000 826766.000 138657.000 
130002.000 1585827.000 844877.000 141059.000 
131538.000 1598476.000 846707.000 143080.000 
132813.000 1611349.000 853285.000 143870.000 
131294.000 1638798.000 847128.000 147427.000 
130518.000 1656086.000 864130.000 147805.000 
130779.000 1692795.000 859504.000 148222.000 
129759.000 1688862.000 866316.000 150597.000 
128868.000 1673575.000 881782.000 151852.000 
129024.000 1683179.000 882240.000 152912.000 
130002.000 1683588.000 877538.000 155263.000 
134654.000 1676127.000 864654.000 158054.000 
131247.000 1695904.000 870657.000 161770.000 
133165.000 1668549.000 890340.000 159607.000 
129385.000 1657182.000 893953.000 160117.000 
130087.000 1671728.000 895001.000 162418.000 
130931.000 1655187.000 898978.000 162464.000 
130349.000 1641705.000 901799.000 164888.000 
133533.000 1658465.000 893790.000 166076.000 
130208.000 1668108.000 891870.000 167251.000 
129934.000 1655552.000 908102.000 167268.000 
129093.000 1664360.000 918742.000 167268.000 
128872.000 1627749.000 893401.000 134398.000 
129079.000 1623561.000 882214.000 130941.000 
131295.000 1620435.000 890369.000 133501.000 
129804.000 1598671.000 876943.000 130187.000 
130091.000 1580616.000 852131.000 130863.000 
129208.000 1553592.000 840990.000 130333.000 
131828.000 1542271.000 823373.000 131445.000 
132543.000 1541935.000 806405.000 130841.000 
134467.000 1509791.000 811081.000 134326.000 
132970.000 1502713.000 820943.000 133422.000 
131222.000 1495588.000 833253.000 130482.000 
135169.000 1474244.000 835279.000 137045.000 
133810.000 1466578.000 842900.000 134394.000 
131176.000 1484312.000 853305.000 130953.000 
130943.000 1491759.000 858393.000 131487.000 
130012.000 1502592.000 875908.000 130738.000 
131240.000 1515021.000 904757.000 131786.000 
145348.000 1538052.000 907801.000 145266.000 
137546.000 1557484.000 923384.000 140797.000 
134162.000 1588122.000 933881.000 133275.000 
135276.000 1614178.000 959478.000 137174.000 
138400.000 1637976.000 976664.000 135895.000 
146106.000 1660086.000 994784.000 145547.000 
141687.000 1691865.000 1025447.000 141546.000 
157855.000 1717785.000 1040649.000 160231.000 
162199.000 1753154.000 1050541.000 160823.000 
166959.000 1771492.000 1037369.000 167237.000 
168392.000 1791235.000 1060337.000 167232.000 
172400.000 1812693.000 1061750.000 172708.000 
174200.000 1829600.000 1079007.000 173995.000 
182071.000 1846105.000 1074875.000 179471.000 
202954.000 1848014.000 1049000.000 198575.000 
185208.000 1881242.000 1018221.000 186557.000 
179948.000 1912340.000 991097.000 175275.000 
200091.000 1918801.000 1005247.000 192116.000 
212067.000 1933203.000 994307.000 209534.000 
219107.000 1942217.000 995947.000 218724.000 
231873.000 1951857.000 962185.000 229245.000 
227189.000 1985016.000 941821.000 226035.000 
234106.000 2009752.000 906222.000 232027.000 
251956.000 2004286.000 898328.000 243982.000 
261354.000 2006406.000 913434.000 257799.000 
262353.000 2001545.000 949935.000 256487.000 
263418.000 1991985.000 937992.000 261728.000 
272530.000 2001130.000 933081.000 267367.000 
276101.000 2004689.000 947256.000 265967.000 
276101.000 2034553.000 937004.000 265967.000 
276101.000 2057919.000 949280.000 265967.000 
203115.000 2069837.000 970031.000 210461.000 
194450.000 2094844.000 978037.000 175639.000 
200381.000 2118458.000 1006722.000 163743.000 
202882.000 2145421.000 996669.000 155261.000 
207140.000 2175101.000 965579.000 154308.000 
210167.000 2169319.000 989028.000 148741.000 
213739.000 2160460.000 1013793.000 141947.000 
217404.000 2164353.000 1017041.000 134863.000 
221950.000 2171991.000 1035067.000 140102.000 
225032.000 2187154.000 1049885.000 143628.000 
228965.000 2212158.000 1042955.000 139438.000 
231816.000 2243713.000 1063535.000 139067.000 
234968.000 2235917.000 1073451.000 142992.000 
238452.000 2222836.000 1067924.000 149420.000 
241192.000 2250713.000 1064965.000 161813.000 
243768.000 2273529.000 1092829.000 152052.000 
246202.000 2275575.000 1104676.000 158543.000 
249939.000 2303930.000 1094878.000 161293.000 
252790.000 2321641.000 1122635.000 164403.000 
253875.000 2332269.000 1128820.000 163576.000 
256931.000 2345597.000 1129948.000 165853.000 
258240.000 2343316.000 1125479.000 176640.000 
261854.000 2332327.000 1108545.000 192139.000 
262083.000 2342050.000 1103154.000 201212.000 
262083.000 2344065.000 1084879.000 209593.000 
262083.000 2350700.000 1120168.000 206395.000 
262083.000 2350191.000 1114719.000 180117.000 
262083.000 2367060.000 1123254.000 167019.000 
184442.000 2374632.000 1113125.000 175834.000 
192160.000 2408646.000 1072630.000 179695.000 
197322.000 2439440.000 1049117.000 185530.000 
205690.000 2435094.000 1032902.000 197934.000 
229098.000 2435096.000 1059459.000 220063.000 
238846.000 2430170.000 1051594.000 235210.000 
222681.000 2447844.000 1058925.000 218195.000 
212334.000 2472292.000 1036903.000 207362.000 
205655.000 2505778.000 1021346.000 189996.000 
205577.000 2547240.000 968318.000 191716.000 
210465.000 2563655.000 987759.000 201957.000 
222620.000 2573864.000 980696.000 212067.000 
227181.000 2591439.000 994762.000 214782.000 
220821.000 2606739.000 1004569.000 216947.000 
220135.000 2648804.000 1011447.000 215190.000 
227876.000 2662258.000 998831.000 223738.000 
244587.000 2683302.000 982907.000 242224.000 
262718.000 2709670.000 983102.000 258309.000 
254245.000 2735462.000 983665.000 239946.000 
254245.000 2746885.000 1011047.000 229595.000 
248414.000 2756509.000 1012921.000 232858.000 
209605.000 2787680.000 1004259.000 211174.000 
197566.000 2820476.000 1007569.000 195318.000 
189723.000 2843675.000 1008428.000 198253.000 
192062.000 2878390.000 1001505.000 190236.000 
197871.000 2894683.000 1005351.000 201632.000 
222537.000 2910707.000 1030724.000 217569.000 
208650.000 2928829.000 1055101.000 207447.000 
209560.000 2954454.000 1072824.000 196698.000 
209560.000 2985041.000 1067059.000 199812.000 
174144.000 3012875.000 1059255.000 171786.000 
170024.000 3039293.000 1056252.000 173265.000 
175185.000 3051442.000 1074785.000 177518.000 
175185.000 3055738.000 1078037.000 173262.000 
168508.000 3101169.000 1068862.000 164775.000 
171721.000 3137207.000 1051830.000 176583.000 
150100.000 3178498.000 1080923.000 157734.000 
156716.000 3229811.000 1066533.000 161122.000 
167501.000 3252944.000 1072106.000 171271.000 
170231.000 3230583.000 1073189.000 173174.000 
176700.000 3244701.000 1057425.000 181519.000 
173190.000 3230564.000 1064777.000 175883.000 
177689.000 3231302.000 1056486.000 178081.000 
168800.000 3231302.000 1030396.000 174052.000 
157955.000 3231302.000 1040494.000 166335.000 
151703.000 3231302.000 1071919.000 161954.000 
166913.000 3231302.000 1087838.000 172359.000 
175191.000 3231302.000 1089133.000 181217.000 
179225.000 3231302.000 1106914.000 181447.000 
168316.000 3231302.000 1126319.000 174456.000 
166022.000 3231302.000 1144027.000 168140.000 
169608.000 3231302.000 1137426.000 175097.000 
172156.000 3231302.000 1148628.000 178549.000 
163642.000 3231302.000 1165676.000 177659.000 
155726.000 3231302.000 1186732.000 173204.000 
160830.000 3231302.000 1210206.000 174513.000 
179502.000 3231302.000 1191071.000 185250.000 
197557.000 3231302.000 1161763.000 206765.000 
201637.000 3231302.000 1148668.000 204599.000 
189856.000 3231302.000 1155207.000 191152.000 
175725.000 3231302.000 1128696.000 185626.000 
178257.000 3231302.000 1103758.000 181683.000 
182363.000 3231302.000 1108960.000 185932.000 
193399.000 3231302.000 1082207.000 197740.000 
191858.000 3231302.000 1074314.000 200127.000 
180082.000 3231302.000 1082319.000 190757.000 
173547.000 3231302.000 1083318.000 187623.000 
176395.000 3231302.000 1091749.000 188840.000 
188791.000 3231302.000 1108131.000 194012.000 
203311.000 3231302.000 1105859.000 211083.000 
191677.000 3231302.000 1097583.000 208542.000 
187461.000 3231302.000 1100310.000 194169.000 
194305.000 3231302.000 1089750.000 200554.000 
198576.000 3231302.000 1079591.000 203185.000 
206285.000 3231302.000 1063623.000 203185.000 
213794.000 3231302.000 1067153.000 203185.000 
171246.000 3231302.000 1040041.000 176404.000 
138660.000 3231302.000 994749.000 136038.000 
134144.000 3231302.000 976431.000 133348.000 
145063.000 3231302.000 969564.000 144273.000 
143816.000 3231302.000 952914.000 143911.000 
145746.000 3231302.000 955520.000 144019.000 
149826.000 3231302.000 943746.000 149545.000 
148621.000 3231302.000 953537.000 147828.000 
152887.000 3231302.000 984415.000 152791.000 
144407.000 3231302.000 988931.000 145947.000 
162930.000 3231302.000 1000429.000 157555.000 
166413.000 3231302.000 1029506.000 166555.000 
167990.000 3231302.000 1016735.000 164916.000 
169701.000 3231302.000 1000565.000 169962.000 
149186.000 3231302.000 1015997.000 147253.000 
160598.000 3231302.000 1012105.000 159518.000 
164856.000 3231302.000 1031860.000 165451.000 
180653.000 3231302.000 1027630.000 174854.000 
186037.000 3231302.000 1022620.000 187256.000 
187811.000 3231302.000 1014132.000 183435.000 
178607.000 3231302.000 1021032.000 177885.000 
185508.000 3231302.000 1001256.000 181633.000 
179344.000 3231302.000 1021269.000 178910.000 
180029.000 3231302.000 1056915.000 176270.000 
183032.000 3231302.000 1034943.000 178433.000 
174037.000 3231302.000 1002818.000 166368.000 
171739.000 3231302.000 976107.000 164756.000 
186349.000 1651010.000 977847.000 177831.000 
204196.000 427130.000 978125.000 190754.000 
202612.000 434983.000 961374.000 197420.000 
204117.000 479030.000 957778.000 201642.000 
207466.000 523397.000 950554.000 197805.000 
205124.000 559392.000 950800.000 203936.000 
210753.000 590604.000 962173.000 199987.000 
212051.000 633222.000 995836.000 201515.000 
217751.000 654658.000 1025562.000 213183.000 
246935.000 684640.000 1034169.000 235636.000 
250316.000 709449.000 1055005.000 238263.000 
237020.000 740014.000 1072379.000 235134.000 
237469.000 782819.000 1064607.000 228377.000 
244338.000 818977.000 1090239.000 226026.000 
248349.000 866812.000 1111395.000 219047.000 
258580.000 892557.000 1121539.000 229480.000 
285767.000 913808.000 1083288.000 256697.000 
297569.000 947205.000 1087559.000 258398.000 
297569.000 965538.000 1070472.000 258398.000 
297569.000 993592.000 1066351.000 258398.000 
297569.000 1017144.000 1107048.000 227967.000 
297569.000 1048329.000 1068953.000 189858.000 
226590.000 1060672.000 1083639.000 183516.000 
203248.000 1080863.000 1075366.000 180204.000 
206564.000 1106650.000 1068151.000 177898.000 
212230.000 1129348.000 1045563.000 181409.000 
215134.000 1146612.000 1061406.000 183564.000 
219542.000 1175649.000 1056205.000 187065.000 
224127.000 1192678.000 1065044.000 186744.000 
228550.000 1218207.000 1052841.000 190782.000 
233100.000 1241781.000 1018054.000 195691.000 
233100.000 1279254.000 1015014.000 194440.000 
233100.000 1291896.000 993872.000 202997.000 
234712.000 1325992.000 997052.000 179391.000 
234712.000 1356328.000 1003153.000 157151.000 
144490.000 1372973.000 1035163.000 139504.000 
144474.000 1383353.000 1045196.000 139471.000 
156441.000 1409424.000 1047504.000 152786.000 
149783.000 1434537.000 1076135.000 149450.000 
157140.000 1444706.000 1071506.000 154304.000 
176511.000 1470072.000 1068638.000 175587.000 
168036.000 1488501.000 1074212.000 168039.000 
164969.000 1519107.000 1070527.000 161224.000 
167180.000 1541112.000 1076728.000 167430.000 
148298.000 1591745.000 1086579.000 135629.000 
146143.000 1619959.000 1089552.000 143056.000 
163718.000 1643315.000 1050021.000 162573.000 
162967.000 1667036.000 1060521.000 161850.000 
173549.000 1667036.000 1079910.000 172856.000 
164195.000 1667036.000 1064059.000 161735.000 
150312.000 1667036.000 1076465.000 148425.000 
151364.000 1667036.000 1089096.000 152564.000 
154012.000 1667036.000 1104210.000 150589.000 
154012.000 1667036.000 1147391.000 147302.000 
153893.000 1667036.000 1153874.000 155825.000 
142689.000 1667036.000 1154860.000 144092.000 
150519.000 1667036.000 1120855.000 151390.000 
159513.000 1667036.000 1116283.000 158960.000 
148830.000 1667036.000 1120683.000 149981.000 
152561.000 1667036.000 1099090.000 154790.000 
156467.000 1667036.000 1101773.000 157196.000 
159567.000 1667036.000 1107402.000 160655.000 
162664.000 1667036.000 1114829.000 161029.000 
177539.000 1667036.000 1070919.000 179526.000 
186600.000 1667036.000 1030295.000 185842.000 
175937.000 1667036.000 1038763.000 177400.000 
154407.000 1667036.000 1053172.000 154699.000 
165208.000 1667036.000 1074985.000 165433.000 
166238.000 1667036.000 1095410.000 167848.000 
171836.000 1667036.000 1106974.000 170438.000 
182013.000 1667036.000 1125614.000 184137.000 
164946.000 1667036.000 1143158.000 164224.000 
175404.000 1667036.000 1149767.000 176042.000 
184784.000 1667036.000 1125661.000 184701.000 
179010.000 1667036.000 1129859.000 178904.000 
173716.000 1667036.000 1149416.000 177100.000 
181239.000 1667036.000 1151609.000 181442.000 
195531.000 1667036.000 1122645.000 196704.000 
199488.000 1667036.000 1106276.000 199703.000 
198918.000 1667036.000 1083940.000 199083.000 
187900.000 1667036.000 1066936.000 188540.000 
192654.000 1667036.000 1047862.000 192622.000 
202150.000 1667036.000 1010992.000 202685.000 
202762.000 1667036.000 1028854.000 203758.000 
207436.000 1667036.000 1062650.000 207475.000 
212882.000 1667036.000 1069448.000 213252.000 
199963.000 1667036.000 1061856.000 200939.000 
190163.000 1667036.000 1052469.000 189184.000 
203700.000 1667036.000 1040954.000 209140.000 
215085.000 1667036.000 1065789.000 215387.000 
206585.000 1667036.000 1080611.000 206243.000 
192966.000 1667036.000 1073515.000 189046.000 
186739.000 1667036.000 1078331.000 190489.000 
200598.000 1667036.000 1091653.000 201479.000 
208842.000 1667036.000 1085322.000 210152.000 
210089.000 1667036.000 1093938.000 209903.000 
206643.000 1667036.000 1113667.000 210178.000 
205617.000 1667036.000 1114283.000 206032.000 
214557.000 1667036.000 1116351.000 216202.000 
200032.000 1667036.000 1132889.000 203271.000 
189477.000 1667036.000 1159576.000 191495.000 
193830.000 1667036.000 1147355.000 197009.000 
197470.000 1667036.000 1169668.000 198109.000 
209427.000 1732528.000 1157655.000 211369.000 
223316.000 1760068.000 1144105.000 222779.000 
226219.000 1853279.000 1111191.000 228368.000 
224716.000 1766286.000 1100973.000 225089.000 
217041.000 1863796.000 1072524.000 218072.000 
217445.000 1960756.000 1080897.000 217710.000 
202473.000 2062440.000 1097948.000 208178.000 
194379.000 2167843.000 1090766.000 195157.000 
214861.000 2211815.000 1067534.000 217307.000 
226652.000 2211815.000 1055134.000 231398.000 
223436.000 2211815.000 1061416.000 223867.000 
219109.000 2211815.000 1076238.000 223879.000 
238192.000 2211815.000 1067351.000 238070.000 
241063.000 2211815.000 1094842.000 242640.000 
242215.000 2211815.000 1110388.000 243408.000 
266813.000 2211815.000 1104122.000 266227.000 
278787.000 2211815.000 1094596.000 280401.000 
278787.000 2211815.000 1070658.000 280401.000 
278787.000 2211815.000 1061182.000 280401.000 
221496.000 2211815.000 1049881.000 214678.000 
155103.000 2211815.000 1042905.000 157798.000 
150582.000 2211815.000 1060809.000 144521.000 
152160.000 2211815.000 1057222.000 150633.000 
162078.000 2211815.000 1028991.000 159643.000 
163106.000 2211815.000 995213.000 158531.000 
149272.000 2211815.000 1013916.000 141640.000 
149473.000 2211815.000 1036191.000 141291.000 
151379.000 2211815.000 1050056.000 145036.000 
165117.000 2211815.000 1069176.000 157897.000 
171297.000 1249129.000 1096384.000 162755.000 
160688.000 1254506.000 1104860.000 160091.000 
161463.000 1262883.000 1116497.000 152312.000 
161219.000 1256798.000 1119350.000 158304.000 
180275.000 1261934.000 1108409.000 177772.000 
188483.000 1272819.000 1121719.000 184146.000 
186278.000 1272581.000 1138547.000 185559.000 
191579.000 1253681.000 1147577.000 187283.000 
185938.000 1244676.000 1140993.000 185775.000 
195339.000 1243361.000 1122452.000 188675.000 
183632.000 1249285.000 1117953.000 182099.000 
184461.000 1253456.000 1091697.000 181196.000 
192462.000 1277724.000 1093108.000 191729.000 
202531.000 1326887.000 1067622.000 200888.000 
212174.000 1371384.000 1061389.000 209529.000 
206199.000 1383024.000 1069009.000 206590.000 
203475.000 1391084.000 1066027.000 198784.000 
202095.000 1392721.000 1063237.000 198783.000 
199758.000 1415451.000 1056269.000 197811.000 
200929.000 1424882.000 1040275.000 199872.000 
195592.000 1446699.000 1048370.000 193193.000 
202444.000 1459970.000 1049134.000 201041.000 
216990.000 1477634.000 1016986.000 214856.000 
216715.000 1495291.000 1012542.000 218004.000 
216708.000 1499326.000 1003144.000 216347.000 
226577.000 1471726.000 992365.000 226101.000 
236570.000 1460412.000 992805.000 235771.000 
242959.000 1447800.000 975626.000 241310.000 
227058.000 1482281.000 974957.000 227789.000 
210221.000 1471439.000 1006618.000 209986.000 
206782.000 1486474.000 1013543.000 205338.000 
215377.000 1465936.000 1015443.000 212976.000 
224110.000 1472078.000 1033131.000 224704.000 
225858.000 1458693.000 1050418.000 225345.000 
221706.000 1456097.000 1048767.000 220986.000 
209650.000 1450237.000 1085984.000 206880.000 
188078.000 1472649.000 1104988.000 186142.000 
182849.000 1473268.000 1134618.000 181973.000 
197358.000 1474568.000 1152665.000 197924.000 
192916.000 1485857.000 1199447.000 191032.000 
202450.000 1520086.000 1186890.000 201453.000 
232354.000 1535930.000 1125488.000 233195.000 
248423.000 1566206.000 1105235.000 247776.000 
233588.000 1599205.000 1097244.000 234200.000 
220221.000 1593042.000 1112094.000 218624.000 
213160.000 1628678.000 1113927.000 213060.000 
218978.000 1628533.000 1119043.000 216566.000 
208888.000 1638382.000 1125013.000 208460.000 
222660.000 1645554.000 1105627.000 222604.000 
242289.000 1621303.000 1113692.000 238565.000 
226757.000 1626563.000 1093127.000 228590.000 
215312.000 1642551.000 1105229.000 214196.000 
220898.000 1640539.000 1134481.000 221486.000 
223652.000 1638359.000 1165308.000 219222.000 
215003.000 1649341.000 1201161.000 213649.000 
225057.000 1656062.000 1216375.000 224072.000 
256282.000 1637101.000 1180690.000 253223.000 
265576.000 1650958.000 1155521.000 265068.000 
265576.000 1661668.000 1129709.000 265068.000 
265576.000 1621743.000 1141006.000 265068.000 
193973.000 1635723.000 1104562.000 199326.000 
159482.000 1620673.000 1087734.000 157723.000 
153553.000 1637327.000 1107972.000 145079.000 
153508.000 1662025.000 1101912.000 144965.000 
158201.000 1696506.000 1048338.000 151210.000 
163271.000 1750451.000 1013193.000 151212.000 
173640.000 1765075.000 1024854.000 158473.000 
176385.000 1806597.000 1039026.000 155076.000 
172370.000 1792981.000 1078387.000 162210.000 
176651.000 1790331.000 1056759.000 164884.000 
176906.000 1816371.000 1041795.000 162540.000 
191248.000 1791259.000 1054098.000 181484.000 
206335.000 1792654.000 1015348.000 192479.000 
207908.000 1804552.000 1003703.000 202293.000 
207298.000 1788693.000 1025557.000 200797.000 
195050.000 1797578.000 1053645.000 178179.000 
186812.000 1786893.000 1078750.000 180110.000 
201574.000 1807155.000 1077830.000 196862.000 
208441.000 1799036.000 1041525.000 204156.000 
208972.000 1795739.000 1036260.000 208024.000 
203777.000 1794225.000 1048068.000 203503.000 
206633.000 1802734.000 1029523.000 205003.000 
211025.000 1763574.000 1034710.000 198894.000 
202706.000 1731498.000 1059254.000 194288.000 
197350.000 1716955.000 1072111.000 193160.000 
210705.000 1743537.000 1037855.000 207319.000 
212874.000 1748749.000 1053226.000 208795.000 
211732.000 1697830.000 1057717.000 209912.000 
223045.000 1706862.000 1070950.000 221281.000 
219991.000 1702765.000 1084220.000 218512.000 
224235.000 1703041.000 1062170.000 222951.000 
218331.000 1732491.000 1073764.000 211927.000 
210991.000 1735254.000 1079430.000 210085.000 
224261.000 1730643.000 1062092.000 219188.000 
221640.000 1725181.000 1051430.000 219576.000 
211058.000 1733494.000 1068045.000 210563.000 
222947.000 1725093.000 1081056.000 220762.000 
235701.000 1728558.000 1048946.000 234661.000 
229089.000 1760806.000 1037036.000 213355.000 
224878.000 1756495.000 1035248.000 192858.000 
224878.000 1754769.000 1050839.000 195501.000 
223972.000 1727270.000 1065549.000 221792.000 
223972.000 1696703.000 1076289.000 199417.000 
223972.000 1688005.000 1108979.000 193891.000 
172128.000 1688031.000 1134351.000 173655.000 
151064.000 1712955.000 1106535.000 153351.000 
149841.000 1755597.000 1091695.000 151119.000 
158646.000 1763533.000 1087809.000 158683.000 
153020.000 1795729.000 1094444.000 153022.000 
172341.000 1792003.000 1086010.000 174539.000 
177960.000 1792237.000 1066636.000 181334.000 
171657.000 1815151.000 1048430.000 172237.000 
177799.000 1813837.000 1046608.000 178677.000 
179021.000 1804163.000 1043781.000 180252.000 
197623.000 1798369.000 1005892.000 198319.000 
193496.000 1803100.000 1020835.000 193212.000 
176575.000 1755372.000 1029049.000 178057.000 
179599.000 1741662.000 1059167.000 179847.000 
186032.000 1754552.000 1052871.000 186847.000 
178351.000 1787257.000 1074119.000 182550.000 
181535.000 1810569.000 1086695.000 181882.000 
175957.000 1827117.000 1112738.000 177939.000 
170864.000 1851372.000 1146579.000 171352.000 
173845.000 1843721.000 1156748.000 176567.000 
196935.000 1812784.000 1126474.000 197721.000 
197464.000 1784128.000 1136548.000 201396.000 
166561.000 1772525.000 1183804.000 166860.000 
167730.000 1804287.000 1173508.000 170272.000 
173886.000 1811076.000 1163200.000 175023.000 
177239.000 1815080.000 1164993.000 180906.000 
179058.000 1831302.000 1172387.000 179888.000 
190873.000 1857923.000 1155845.000 195832.000 
194985.000 1875266.000 1139478.000 195947.000 
189394.000 1907090.000 1110747.000 192603.000 
179419.000 1950694.000 1091130.000 181947.000 
188817.000 1958877.000 1111138.000 190140.000 
198062.000 1966130.000 1092158.000 202937.000 
204079.000 1971419.000 1070655.000 204676.000 
194314.000 1953186.000 1106489.000 196157.000 
191744.000 1974018.000 1106666.000 194103.000 
194520.000 1961064.000 1120762.000 197342.000 
201689.000 1947525.000 1126493.000 201987.000 
193100.000 1972242.000 1152414.000 197076.000 
201614.000 1969979.000 1145755.000 209965.000 
190315.000 1984197.000 1179385.000 201900.000 
180239.000 1999011.000 1210474.000 185224.000 
200624.000 1988756.000 1211376.000 204830.000 
209450.000 1964256.000 1214887.000 215823.000 
205199.000 1981561.000 1197044.000 211603.000 
206718.000 1985545.000 1183471.000 210164.000 
203701.000 1981027.000 1164880.000 203587.000 
188063.000 1998559.000 1198534.000 198426.000 
198924.000 1992679.000 1179188.000 200237.000 
193704.000 1995501.000 1189048.000 202363.000 
197553.000 1988531.000 1181492.000 199990.000 
205368.000 1992392.000 1209531.000 207010.000 
207988.000 2003358.000 1191774.000 212368.000 
211367.000 2011104.000 1196613.000 213643.000 
217559.000 2042926.000 1194269.000 221494.000 
213668.000 2081201.000 1196999.000 213330.000 
215296.000 2072038.000 1228536.000 221437.000 
229158.000 2099199.000 1224386.000 230509.000 
222818.000 2137458.000 1226608.000 226799.000 
223807.000 2134574.000 1208449.000 225190.000 
225094.000 2155189.000 1215346.000 226970.000 
232376.000 2166750.000 1202030.000 237623.000 
231308.000 2168866.000 1231073.000 229898.000 
228479.000 2180857.000 1249798.000 229557.000 
228975.000 2199724.000 1263557.000 227218.000 
238000.000 2219105.000 1238722.000 237684.000 
244749.000 2210382.000 1236458.000 246600.000 
256630.000 2204925.000 1251992.000 255762.000 
278267.000 2210206.000 1242129.000 278242.000 
286461.000 2200787.000 1230454.000 287697.000 
286461.000 2237127.000 1222812.000 287697.000 
286461.000 2235125.000 1206969.000 287697.000 
235881.000 2230794.000 1191922.000 247891.000 
167278.000 2269885.000 1161617.000 169319.000 
158351.000 2299016.000 1134005.000 147634.000 
150667.000 2329863.000 1122995.000 142521.000 
156043.000 2360958.000 1135371.000 151069.000 
163697.000 2395366.000 1155750.000 147800.000 
169264.000 2387001.000 1164212.000 159185.000 
172144.000 2383594.000 1188432.000 166180.000 
182130.000 2415776.000 1184151.000 177360.000 
177645.000 2449671.000 1197296.000 175116.000 
169648.000 2483544.000 1215987.000 160096.000 
173110.000 2502227.000 1240236.000 165584.000 
187755.000 2527761.000 1221246.000 178076.000 
197641.000 2560921.000 1232130.000 187902.000 
193547.000 2566059.000 1264040.000 190916.000 
205254.000 2597091.000 1226403.000 201270.000 
209490.000 2637497.000 1189743.000 206910.000 
220775.000 2662074.000 1157287.000 219118.000 
224621.000 2657025.000 1137177.000 223358.000 
213182.000 2697803.000 1131484.000 210422.000 
201011.000 2731218.000 1137019.000 192199.000 
188909.000 2752492.000 1122512.000 184061.000 
199420.000 2793848.000 1116353.000 186550.000 
204901.000 2808964.000 1140983.000 201371.000 
222901.000 2831593.000 1145323.000 219628.000 
230170.000 2876750.000 1133235.000 222398.000 
204610.000 2908207.000 1137521.000 203712.000 
207420.000 2921326.000 1166001.000 203010.000 
218068.000 2937555.000 1187988.000 214275.000 
215848.000 2968763.000 1216151.000 214297.000 
221496.000 2984964.000 1214205.000 221540.000 
233821.000 2980322.000 1215695.000 231670.000 
231116.000 3004886.000 1211535.000 229193.000 
225762.000 2997342.000 1207276.000 224896.000 
224302.000 3040428.000 1197393.000 219969.000 
203158.000 3073059.000 1202109.000 197263.000 
198175.000 3096286.000 1215736.000 193802.000 
220159.000 3117122.000 1225276.000 217358.000 
255305.000 3133527.000 1208631.000 251458.000 
256229.000 3147140.000 1205387.000 252623.000 
256229.000 3152354.000 1197603.000 252623.000 
256229.000 3173704.000 1160607.000 252623.000 
199925.000 3168276.000 1159966.000 199450.000 
153398.000 3176094.000 1169938.000 142250.000 
147733.000 3179420.000 1186115.000 136826.000 
150560.000 3199065.000 1194168.000 135936.000 
156391.000 3212339.000 1184877.000 143162.000 
165478.000 3212339.000 1187478.000 146838.000 
162429.000 3212339.000 1178513.000 143573.000 
162503.000 3212339.000 1167221.000 143524.000 
163690.000 3212339.000 1176579.000 156596.000 
152045.000 3212339.000 1157921.000 133451.000 
152045.000 3212339.000 1166121.000 136435.000 
132736.000 3212339.000 1164110.000 131941.000 
133941.000 3212339.000 1126870.000 134450.000 
129851.000 3212339.000 1087367.000 129530.000 
132597.000 3212339.000 1073963.000 131851.000 
131617.000 3212339.000 1091114.000 131035.000 
134560.000 3212339.000 1078609.000 137240.000 
129640.000 3212339.000 1087955.000 130382.000 
135315.000 3212339.000 1093664.000 134140.000 
135124.000 3212339.000 1099136.000 136325.000 
139147.000 3212339.000 1108541.000 138313.000 
136386.000 3212339.000 1119324.000 137336.000 
139594.000 3212339.000 1125286.000 140770.000 
130742.000 3212339.000 1158033.000 131195.000 
140664.000 3212339.000 1175755.000 138892.000 
139132.000 3212339.000 1192095.000 138316.000 
139736.000 3212339.000 1200509.000 142054.000 
151838.000 3212339.000 1192299.000 150443.000 
145565.000 3212339.000 1164497.000 145961.000 
143227.000 3212339.000 1154404.000 147174.000 
131946.000 3212339.000 1163339.000 131988.000 
143425.000 3212339.000 1175321.000 144945.000 
155457.000 3212339.000 1155236.000 158134.000 
162847.000 3212339.000 1166225.000 162701.000 
150433.000 3212339.000 1141803.000 151015.000 
133616.000 3212339.000 1143517.000 140395.000 
138069.000 3212339.000 1147430.000 137145.000 
146609.000 3212339.000 1138222.000 150891.000 
156148.000 3212339.000 1142053.000 156576.000 
161260.000 3212339.000 1148486.000 161211.000 
157558.000 3212339.000 1163170.000 162291.000 
147525.000 3212339.000 1154900.000 147692.000 
149289.000 3212339.000 1151349.000 156383.000 
161241.000 3212339.000 1154375.000 162638.000 
178908.000 3212339.000 1141591.000 183882.000 
162978.000 3212339.000 1127759.000 163912.000 
