0 0 0 0
10 10 10 10
51 51 51 50
93 93 92 92
135 135 134 134
177 176 176 176
219 218 218 218
260 260 260 259
294 302 302 297
326 344 343 336
348 381 385 366
366 418 427 405
389 452 469 420
415 493 511 441
432 526 553 483
465 552 594 518
484 588 636 555
515 619 678 593
535 657 720 632
562 696 762 666
578 736 804 701
578 770 845 739
579 798 887 777
579 830 929 819
581 871 971 861
585 913 1013 903
593 955 1055 945
596 996 1096 986
609 1038 1138 1028
641 1080 1180 1070
663 1122 1222 1112
696 1157 1264 1154
734 1176 1306 1196
762 1208 1347 1237
790 1246 1389 1279
817 1278 1431 1321
847 1308 1473 1363
877 1334 1515 1405
902 1367 1557 1447
928 1400 1598 1482
959 1423 1640 1522
985 1461 1682 1562
1012 1497 1724 1597
1037 1530 1766 1631
1060 1564 1808 1665
1092 1590 1849 1701
1116 1622 1891 1738
1144 1657 1933 1770
1174 1676 1975 1811
1202 1716 2017 1845
1238 1749 2059 1885
1268 1774 2100 1927
1300 1808 2142 1961
1333 1838 2184 2000
1365 1873 2226 2039
1397 1900 2266 2072
1426 1937 2297 2106
1456 1967 2326 2138
1483 1999 2363 2161
1493 2033 2391 2172
1519 2070 2422 2189
1554 2105 2450 2218
1592 2142 2482 2243
1629 2178 2514 2271
1663 2215 2549 2295
1700 2245 2579 2321
1740 2276 2607 2352
1779 2309 2639 2379
1814 2347 2666 2404
1854 2381 2683 2430
1892 2422 2683 2456
1933 2457 2683 2486
1974 2493 2683 2514
2015 2525 2683 2543
2055 2565 2683 2569
2093 2592 2683 2597
2133 2615 2683 2621
2172 2647 2683 2652
2214 2678 2689 2679
2254 2715 2719 2708
2290 2755 2749 2732
2327 2797 2772 2760
2369 2833 2800 2788
2409 2863 2834 2817
2448 2904 2860 2842
2484 2946 2886 2868
2519 2977 2886 2892
2560 3016 2886 2915
2595 3048 2886 2945
2634 3087 2886 2970
2671 3126 2886 2999
2709 3159 2886 3026
2745 3195 2886 3053
2779 3237 2886 3078
2821 3279 2888 3112
2862 3321 2892 3151
2904 3363 2900 3193
2946 3404 2904 3235
2988 3446 2916 3277
3030 3488 2946 3316
3072 3530 2968 3353
3113 3572 3009 3387
3153 3614 3051 3417
3188 3655 3093 3442
3223 3697 3135 3472
3260 3739 3177 3499
3292 3781 3219 3531
3333 3823 3260 3559
3365 3865 3302 3584
3396 3906 3344 3610
3421 3948 3386 3629
3445 3990 3428 3658
3467 4032 3470 3671
3498 4074 3500 3683
3529 4116 3533 3705
3571 4157 3557 3731
3611 4199 3594 3753
3631 4241 3632 3776
3672 4283 3662 3804
3701 4325 3693 3824
3736 4367 3718 3854
3775 4408 3753 3882
3813 4450 3785 3910
3851 4492 3811 3939
3888 4534 3843 3971
3925 4576 3874 3995
3960 4618 3902 4023
3997 4659 3933 4056
4033 4701 3967 4081
4067 4743 3999 4109
4101 4785 4028 4136
4139 4827 4053 4168
4179 4869 4082 4201
4217 4910 4111 4233
4254 4952 4140 4264
4290 4994 4170 4297
4325 5036 4201 4324
4358 5078 4231 4356
4393 5120 4261 4387
4426 5161 4293 4414
4458 5203 4329 4447
4493 5245 4359 4474
4528 5287 4391 4510
4562 5329 4426 4543
4600 5371 4451 4575
4633 5412 4482 4611
4667 5454 4519 4640
4695 5496 4550 4672
4730 5538 4584 4702
4755 5580 4621 4731
4787 5622 4654 4759
4812 5653 4663 4786
4801 5654 4647 4778
4790 5654 4644 4767
4778 5654 4629 4761
4768 5655 4619 4748
4757 5655 4610 4743
4749 5654 4596 4732
4746 5654 4578 4733
4748 5654 4573 4725
4754 5659 4571 4730
4767 5664 4567 4721
4773 5672 4565 4741
4780 5672 4560 4754
4795 5675 4542 4750
4799 5682 4521 4754
4814 5676 4509 4752
4810 5685 4501 4748
4818 5686 4489 4737
4823 5680 4470 4737
4838 5677 4458 4737
4864 5671 4452 4726
4895 5671 4438 4725
4927 5672 4436 4713
4951 5663 4426 4702
4976 5656 4425 4685
4998 5651 4418 4677
5030 5637 4399 4669
5050 5619 4383 4664
5054 5611 4375 4655
5061 5602 4369 4644
5057 5595 4363 4631
5053 5607 4357 4617
5055 5604 4350 4610
5066 5596 4335 4600
5070 5598 4329 4589
5078 5568 4313 4578
5076 5542 4306 4558
5079 5509 4305 4546
5089 5476 4304 4538
5083 5453 4303 4517
5072 5415 4300 4488
5072 5379 4298 4462
5085 5346 4283 4455
5103 5312 4269 4444
5113 5286 4260 4434
5131 5267 4246 4423
5144 5262 4236 4415
5156 5276 4227 4398
5170 5272 4209 4386
5176 5272 4192 4371
5188 5283 4181 4354
5198 5287 4167 4342
5207 5280 4150 4332
5216 5274 4139 4318
5223 5289 4137 4304
5236 5287 4131 4294
5248 5287 4130 4283
5259 5296 4125 4282
5288 5292 4135 4291
5303 5279 4135 4300
5310 5280 4132 4293
5314 5278 4130 4292
5319 5272 4125 4290
5326 5266 4118 4290
5331 5264 4115 4291
5333 5249 4119 4286
5336 5216 4123 4286
5343 5183 4129 4283
5345 5190 4149 4282
5346 5191 4178 4277
5343 5198 4214 4269
5342 5204 4247 4266
5342 5214 4285 4259
5341 5216 4310 4256
5345 5230 4342 4252
5345 5249 4367 4253
5342 5259 4398 4243
5337 5270 4429 4237
5334 5275 4436 4232
5334 5277 4443 4228
5334 5277 4454 4224
5318 5282 4463 4218
5299 5294 4459 4214
5302 5295 4467 4220
5294 5295 4481 4226
5299 5306 4512 4234
5295 5307 4544 4241
5295 5298 4574 4242
5295 5274 4606 4248
5296 5236 4639 4251
5292 5203 4675 4250
5287 5167 4708 4249
5281 5125 4740 4248
5277 5083 4776 4242
5271 5041 4799 4234
5262 4999 4820 4215
5256 4958 4850 4198
5248 4916 4868 4186
5241 4878 4871 4171
5237 4851 4873 4168
5238 4843 4855 4163
5236 4833 4843 4165
5234 4834 4831 4164
5238 4824 4818 4163
5238 4817 4807 4165
5243 4809 4801 4159
5240 4793 4789 4167
5248 4786 4778 4166
5250 4776 4777 4168
5267 4765 4761 4181
5282 4762 4741 4180
5292 4757 4732 4195
5297 4746 4732 4206
5295 4739 4732 4210
5288 4736 4737 4213
5282 4714 4732 4211
5280 4702 4722 4204
5270 4691 4729 4187
5281 4678 4736 4191
5288 4655 4744 4183
5291 4640 4735 4182
5294 4624 4731 4183
5298 4611 4741 4177
5303 4596 4731 4172
5308 4580 4735 4173
5315 4564 4730 4173
5320 4542 4733 4168
5325 4524 4731 4168
5333 4508 4734 4166
5341 4472 4738 4166
5345 4430 4739 4162
5347 4389 4739 4157
5351 4348 4741 4153
5355 4306 4744 4144
5361 4264 4747 4140
5368 4222 4748 4138
5377 4180 4748 4132
5384 4138 4742 4129
5374 4097 4736 4128
5382 4055 4728 4120
5373 4013 4733 4120
5361 3971 4734 4108
5362 3929 4730 4111
5352 3887 4738 4108
5349 3846 4738 4106
5353 3830 4733 4116
5358 3806 4744 4119
5355 3799 4752 4123
5355 3792 4757 4121
5357 3786 4758 4126
5352 3784 4761 4124
5355 3776 4763 4128
5351 3773 4756 4127
5351 3766 4761 4122
5354 3746 4762 4131
5358 3730 4760 4131
5353 3727 4763 4134
5351 3725 4763 4125
5347 3721 4756 4128
5350 3714 4742 4129
5347 3707 4734 4130
5348 3707 4718 4131
5342 3700 4718 4126
5337 3698 4726 4121
5329 3701 4739 4113
5322 3707 4739 4114
5324 3705 4735 4111
5326 3698 4731 4123
5326 3693 4741 4125
5319 3691 4744 4123
5318 3699 4746 4122
5313 3711 4748 4122
5307 3720 4738 4122
5307 3724 4732 4128
5310 3714 4724 4141
5307 3711 4722 4144
5299 3714 4734 4144
5297 3715 4741 4148
5289 3716 4735 4151
5288 3714 4732 4156
5284 3721 4728 4161
5275 3728 4723 4168
5277 3729 4720 4172
5270 3724 4719 4181
5264 3722 4719 4186
5256 3745 4729 4193
5255 3779 4727 4208
5255 3803 4723 4215
5246 3831 4721 4224
5249 3866 4706 4243
5261 3898 4699 4267
5265 3928 4685 4299
5256 3965 4681 4309
5241 3995 4694 4321
5227 4021 4701 4332
5214 4037 4705 4344
5201 4038 4705 4355
5189 4037 4704 4366
5173 4039 4711 4381
5161 4046 4714 4385
5148 4038 4715 4400
5142 4030 4711 4418
5133 4030 4718 4428
5125 4029 4717 4441
5119 4018 4710 4459
5105 4016 4715 4470
5092 4028 4716 4478
5087 4023 4710 4494
5082 4022 4704 4507
5065 4029 4713 4508
5054 4027 4722 4523
5042 4015 4730 4531
5018 4021 4730 4542
5008 4018 4734 4551
4993 4025 4735 4564
4976 4038 4743 4576
4965 4071 4736 4587
4945 4100 4739 4604
4939 4088 4734 4614
4924 4081 4735 4634
4921 4071 4731 4649
4907 4070 4725 4661
4892 4063 4722 4676
4882 4063 4726 4682
4869 4064 4715 4699
4856 4057 4732 4706
4847 4052 4742 4715
4834 4040 4737 4734
4823 4040 4730 4739
4803 4035 4719 4760
4798 4025 4714 4778
4792 4025 4711 4790
4789 4025 4716 4805
4776 4025 4710 4811
4767 4024 4701 4819
4758 4013 4704 4828
4742 4013 4701 4837
4736 4027 4701 4848
4718 4050 4711 4851
4701 4087 4716 4857
4691 4129 4713 4862
4685 4170 4709 4854
4684 4208 4710 4846
4676 4241 4707 4846
4678 4283 4714 4841
4677 4324 4719 4842
4674 4366 4721 4845
4674 4408 4722 4838
4673 4446 4719 4846
4670 4472 4718 4837
4662 4480 4728 4837
4658 4490 4728 4832
4659 4490 4736 4837
4652 4500 4737 4834
4650 4507 4736 4836
4645 4514 4730 4836
4644 4530 4730 4832
4636 4537 4735 4836
4636 4548 4728 4838
4628 4559 4728 4838
4622 4562 4740 4836
4630 4566 4730 4848
4628 4577 4739 4852
4626 4584 4745 4854
4625 4588 4753 4853
4622 4610 4748 4867
4638 4622 4754 4878
4640 4632 4748 4903
4637 4644 4738 4910
4620 4667 4738 4918
4610 4683 4739 4917
4600 4699 4740 4924
4596 4712 4732 4932
4582 4726 4738 4937
4572 4742 4734 4940
4559 4758 4741 4946
4548 4781 4743 4944
4533 4799 4746 4949
4521 4815 4743 4950
4509 4850 4746 4953
4497 4892 4748 4956
4483 4933 4755 4951
4473 4975 4758 4962
4465 5017 4763 4964
4453 5059 4764 4973
4443 5100 4770 4972
4432 5142 4776 4982
4421 5184 4782 4981
4434 5226 4784 4990
4428 5268 4788 4998
4440 5310 4776 5004
4449 5352 4779 5014
4452 5393 4775 5006
4454 5435 4773 5013
4462 5477 4768 5005
4455 5493 4762 5001
4462 5517 4744 4996
4466 5524 4732 4992
4475 5530 4718 4999
4477 5536 4725 4988
4472 5539 4745 4982
4471 5547 4758 4971
4486 5550 4757 4970
4479 5557 4753 4957
4466 5576 4750 4930
4472 5592 4738 4918
4485 5596 4735 4907
4498 5598 4752 4901
4506 5602 4765 4889
4515 5607 4774 4874
4529 5572 4767 4869
4541 5530 4771 4855
4556 5496 4767 4852
4571 5462 4758 4848
4583 5426 4757 4842
4598 5390 4760 4831
4611 5352 4764 4825
4623 5320 4767 4809
4633 5308 4761 4798
4651 5314 4753 4787
4667 5317 4748 4784
4682 5315 4738 4770
4698 5307 4735 4762
4711 5308 4741 4749
4720 5310 4733 4735
4735 5307 4728 4723
4750 5316 4724 4712
4760 5330 4719 4696
4774 5327 4711 4683
4788 5324 4718 4671
4804 5317 4718 4660
4815 5306 4729 4647
4820 5299 4737 4629
4830 5274 4741 4612
4847 5242 4735 4601
4859 5219 4728 4586
4859 5185 4736 4572
4849 5161 4736 4555
4859 5133 4730 4543
4857 5098 4731 4540
4863 5066 4730 4536
4858 5064 4739 4530
4857 5069 4750 4524
4859 5081 4745 4520
4860 5096 4742 4514
4861 5109 4748 4507
4860 5120 4749 4505
4860 5130 4755 4499
4859 5134 4761 4493
4863 5136 4760 4496
4858 5149 4771 4486
4856 5161 4789 4479
4850 5180 4787 4473
4848 5194 4787 4468
4849 5205 4783 4469
4851 5198 4790 4465
4847 5156 4799 4466
4845 5120 4801 4462
4840 5091 4798 4461
4848 5088 4787 4470
4847 5096 4786 4466
4843 5115 4789 4467
4852 5121 4796 4460
4850 5135 4803 4461
4857 5141 4801 4460
4859 5154 4789 4459
4854 5136 4798 4448
4862 5102 4789 4446
4858 5080 4787 4447
4865 5047 4776 4447
4862 5015 4772 4445
4859 4974 4778 4441
4868 4939 4774 4444
4868 4900 4763 4456
4872 4886 4773 4451
4871 4876 4766 4459
4876 4871 4755 4462
4878 4872 4752 4463
4880 4863 4754 4465
4886 4868 4758 4458
4885 4865 4758 4453
4891 4857 4753 4456
4902 4847 4750 4452
4898 4837 4756 4446
4903 4830 4762 4442
4904 4831 4757 4438
4904 4832 4757 4434
4905 4837 4756 4425
4909 4841 4747 4430
4918 4838 4738 4426
4924 4823 4732 4437
4932 4807 4734 4458
4932 4792 4737 4477
4933 4789 4732 4491
4928 4772 4730 4498
4919 4763 4733 4512
4914 4759 4730 4513
4909 4747 4735 4527
4909 4744 4736 4537
4906 4745 4748 4547
4895 4744 4750 4550
4890 4744 4756 4552
4884 4734 4757 4558
4882 4731 4756 4568
4879 4729 4747 4567
4877 4725 4747 4581
4874 4716 4751 4579
4874 4705 4747 4588
4870 4693 4750 4591
4867 4684 4758 4588
4863 4672 4758 4592
4847 4670 4770 4578
4842 4667 4763 4579
4836 4652 4752 4577
4830 4642 4749 4563
4824 4635 4761 4551
4828 4630 4757 4544
4831 4631 4751 4540
4835 4625 4754 4530
4842 4623 4753 4529
4849 4615 4753 4526
4860 4598 4757 4521
4864 4591 4761 4517
4876 4577 4763 4512
4886 4562 4762 4516
4898 4557 4765 4505
4905 4540 4765 4506
4919 4537 4760 4499
4926 4523 4761 4500
4938 4519 4757 4491
4942 4514 4760 4486
4950 4510 4757 4484
4960 4501 4750 4472
4961 4490 4755 4467
4960 4485 4762 4451
4966 4475 4762 4451
4974 4460 4759 4440
4985 4443 4762 4442
4991 4432 4764 4433
4993 4421 4773 4422
4987 4419 4782 4411
4995 4410 4775 4402
4995 4406 4777 4400
5005 4392 4774 4392
5008 4386 4772 4392
5016 4376 4777 4385
5014 4362 4788 4380
5017 4350 4791 4376
5021 4345 4784 4370
5020 4342 4776 4368
5029 4337 4766 4366
5038 4321 4759 4367
5032 4317 4757 4365
5045 4307 4761 4374
5061 4300 4760 4388
5058 4290 4769 4391
5049 4287 4771 4391
5043 4287 4755 4395
5037 4277 4752 4398
5037 4267 4737 4407
5033 4297 4751 4407
5020 4334 4759 4408
5017 4367 4750 4410
5013 4401 4759 4408
5001 4441 4757 4409
4998 4477 4748 4412
4993 4507 4743 4417
4991 4531 4748 4420
4984 4550 4747 4425
4978 4547 4750 4431
4976 4530 4751 4438
4968 4528 4760 4442
4961 4531 4766 4444
4961 4514 4769 4454
4949 4517 4782 4449
4942 4508 4796 4453
4933 4498 4802 4460
4917 4490 4803 4447
4904 4485 4810 4440
4900 4484 4811 4435
4901 4487 4808 4435
4907 4493 4797 4438
4912 4508 4781 4440
4912 4545 4781 4439
4911 4581 4778 4434
4910 4618 4785 4431
4925 4647 4771 4434
4949 4681 4762 4434
4954 4719 4759 4433
4970 4755 4753 4422
4978 4783 4754 4415
4992 4791 4749 4404
4990 4780 4735 4401
5003 4769 4727 4402
5000 4758 4725 4400
5000 4746 4723 4396
5003 4737 4726 4395
5006 4729 4718 4400
5013 4721 4713 4396
5006 4712 4721 4395
5010 4709 4714 4392
5003 4705 4707 4385
5007 4700 4707 4386
5009 4691 4708 4383
5001 4685 4713 4372
5003 4701 4703 4374
5011 4739 4692 4376
5013 4764 4695 4380
5018 4797 4692 4383
5023 4800 4687 4381
5023 4794 4683 4385
5032 4780 4669 4386
5033 4775 4669 4388
5032 4757 4672 4383
5026 4747 4687 4374
5027 4741 4686 4373
5030 4766 4683 4373
5026 4806 4685 4371
5023 4834 4689 4365
5023 4859 4705 4361
5016 4896 4713 4355
5021 4935 4711 4354
5014 4969 4710 4351
5017 5001 4719 4344
5006 5015 4718 4341
5009 5026 4717 4331
5001 5036 4714 4334
5007 5042 4713 4326
5006 5049 4710 4333
5013 5044 4709 4332
5007 5054 4714 4329
5006 5061 4714 4325
5005 5069 4711 4324
5006 5066 4713 4330
5010 5062 4714 4327
5005 5060 4722 4328
5015 5061 4714 4330
5010 5051 4718 4336
5011 5051 4719 4326
5007 5058 4717 4330
5008 5063 4719 4325
5001 5074 4718 4328
5004 5092 4709 4325
4999 5103 4708 4323
4996 5118 4704 4322
4995 5119 4709 4318
4997 5119 4708 4324
4997 5125 4697 4326
4991 5127 4698 4317
4987 5119 4698 4320
4995 5111 4696 4325
4992 5101 4697 4330
4999 5092 4692 4334
4994 5093 4696 4330
4992 5095 4706 4336
4993 5093 4705 4332
4989 5102 4701 4337
4989 5108 4696 4335
4991 5120 4685 4339
4991 5128 4683 4339
4991 5137 4688 4343
5000 5120 4695 4352
5004 5122 4698 4356
5017 5131 4698 4367
5024 5136 4694 4386
5034 5135 4689 4397
5025 5137 4693 4408
5026 5131 4697 4409
5013 5138 4697 4417
5015 5140 4693 4417
5014 5144 4698 4425
4989 5154 4698 4409
4970 5161 4701 4391
4964 5176 4711 4388
4956 5191 4722 4376
4956 5195 4722 4378
4958 5208 4720 4374
4957 5211 4718 4376
4956 5225 4715 4368
4956 5230 4711 4374
4963 5235 4714 4372
4966 5238 4710 4374
4962 5247 4721 4368
4969 5258 4705 4375
4978 5263 4702 4372
4976 5274 4698 4371
4979 5289 4699 4366
4976 5298 4701 4364
4976 5304 4704 4359
4980 5311 4688 4362
4988 5311 4684 4361
4981 5305 4687 4357
4984 5300 4694 4352
4984 5313 4697 4349
4982 5310 4699 4345
4980 5307 4706 4339
4981 5318 4700 4338
4982 5328 4695 4332
4980 5328 4704 4329
4980 5319 4704 4328
4981 5308 4708 4323
4979 5312 4716 4319
4984 5307 4723 4315
4986 5307 4719 4314
4990 5300 4720 4310
4990 5303 4724 4312
4992 5295 4732 4307
4991 5291 4744 4302
4999 5288 4728 4303
4999 5293 4745 4292
4998 5289 4735 4297
5011 5284 4728 4297
5014 5285 4728 4300
5014 5280 4728 4295
5019 5269 4735 4296
5019 5263 4746 4291
5019 5262 4755 4284
5018 5270 4751 4285
5018 5263 4760 4276
5018 5254 4767 4277
5020 5233 4759 4274
5028 5197 4755 4278
5014 5160 4760 4277
4999 5140 4758 4266
5003 5110 4752 4281
4990 5088 4739 4285
4981 5059 4736 4283
4980 5028 4746 4308
4980 5005 4748 4329
4972 5007 4736 4349
4961 4998 4740 4365
4948 4995 4740 4377
4937 4983 4750 4394
4923 4975 4752 4407
4909 4973 4757 4422
4898 4967 4750 4439
4883 4969 4754 4450
4867 4971 4756 4460
4854 4972 4752 4476
4837 4967 4770 4482
4821 4967 4777 4492
4817 4959 4765 4510
4819 4962 4773 4521
4807 4959 4779 4523
4808 4954 4782 4531
4807 4957 4775 4541
4803 4957 4770 4543
4801 4950 4770 4549
4793 4945 4773 4557
4794 4933 4780 4560
4789 4922 4785 4569
4787 4900 4791 4572
4778 4863 4799 4574
4773 4830 4806 4579
4773 4794 4805 4591
4763 4752 4815 4588
4759 4714 4817 4594
4750 4689 4820 4594
4744 4656 4824 4592
4731 4625 4830 4599
4727 4589 4837 4594
4715 4561 4838 4598
4715 4524 4833 4600
4711 4500 4814 4611
4711 4469 4804 4620
4708 4433 4807 4623
4701 4393 4809 4629
4701 4353 4814 4629
4697 4318 4813 4639
4692 4291 4813 4636
4688 4254 4809 4644
4684 4215 4814 4644
4679 4181 4814 4641
4669 4146 4818 4642
4677 4125 4827 4644
4677 4131 4835 4656
4685 4131 4837 4662
4676 4136 4841 4667
4675 4138 4850 4659
4668 4142 4854 4663
4672 4145 4852 4667
4675 4147 4856 4673
4677 4149 4852 4680
4677 4162 4850 4677
4673 4174 4843 4678
4674 4185 4842 4675
4674 4185 4853 4680
4684 4195 4846 4683
4687 4195 4842 4692
4691 4195 4847 4692
4687 4205 4855 4688
4681 4210 4856 4678
4680 4211 4859 4675
4682 4212 4861 4671
4669 4214 4870 4664
4667 4223 4867 4642
4663 4227 4861 4631
4675 4232 4862 4613
4684 4233 4857 4618
4694 4241 4856 4600
4694 4250 4856 4595
4708 4260 4853 4585
4712 4279 4839 4577
4722 4280 4836 4570
4731 4280 4832 4562
4741 4287 4835 4558
4747 4287 4845 4544
4751 4292 4849 4540
4761 4292 4857 4529
4766 4292 4856 4530
4775 4295 4844 4518
4774 4315 4838 4510
4777 4316 4836 4501
4781 4322 4840 4495
4786 4327 4840 4487
4789 4334 4835 4485
4799 4337 4826 4481
4800 4343 4825 4478
4801 4343 4822 4469
4806 4343 4825 4469
4806 4347 4823 4467
4830 4353 4816 4481
4843 4353 4815 4498
4842 4353 4815 4499
4841 4353 4808 4506
4839 4354 4807 4507
4833 4358 4808 4513
4834 4357 4809 4515
4833 4357 4809 4527
4827 4357 4818 4525
4822 4357 4815 4533
4815 4358 4817 4533
4814 4358 4802 4540
4807 4357 4809 4545
4806 4357 4794 4551
4807 4357 4789 4563
4797 4357 4791 4564
4790 4365 4789 4568
4779 4370 4789 4571
4773 4373 4797 4571
4765 4375 4808 4584
4770 4390 4807 4587
4756 4400 4802 4597
4755 4401 4794 4599
4751 4410 4796 4611
4744 4418 4798 4616
4742 4409 4802 4617
4729 4403 4802 4630
4723 4406 4805 4623
4721 4418 4796 4634
4707 4431 4796 4637
4686 4435 4790 4625
4677 4431 4781 4621
4680 4408 4780 4620
4680 4381 4778 4623
4679 4346 4777 4614
4686 4315 4769 4620
4687 4291 4773 4616
4689 4292 4780 4616
4689 4286 4779 4620
4694 4293 4787 4613
4694 4291 4787 4616
4694 4294 4796 4609
4697 4297 4785 4613
4705 4302 4778 4609
4708 4313 4782 4609
4711 4306 4779 4610
4713 4306 4783 4604
4719 4319 4771 4608
4725 4330 4760 4605
4725 4347 4766 4605
4725 4385 4774 4597
4744 4421 4765 4598
4756 4458 4770 4595
4765 4483 4763 4588
4785 4485 4760 4579
4800 4487 4753 4578
4817 4487 4752 4563
4821 4524 4758 4547
4829 4536 4762 4534
4840 4556 4757 4522
4853 4568 4756 4512
4863 4584 4749 4503
4877 4597 4746 4493
4892 4605 4745 4486
4901 4615 4744 4473
4916 4626 4746 4465
4928 4632 4746 4458
4930 4635 4755 4448
4928 4646 4752 4442
4937 4645 4745 4438
4925 4617 4752 4430
4925 4583 4757 4427
4929 4555 4754 4432
4931 4530 4751 4434
4928 4497 4756 4428
4932 4470 4760 4429
4928 4485 4757 4425
4936 4498 4749 4428
4941 4519 4733 4435
4946 4534 4724 4433
4951 4560 4715 4440
4953 4601 4717 4435
4950 4643 4718 4431
4950 4647 4723 4426
4953 4647 4720 4427
4954 4647 4720 4429
4958 4647 4718 4422
4955 4647 4718 4426
4961 4647 4711 4417
4962 4647 4705 4424
4966 4647 4708 4418
4962 4647 4710 4417
4965 4647 4724 4412
4964 4647 4723 4412
4968 4647 4721 4410
4970 4647 4724 4411
4969 4653 4724 4409
4969 4695 4725 4405
4970 4737 4721 4408
4975 4779 4722 4408
4975 4821 4720 4409
4978 4863 4719 4412
4979 4905 4720 4410
4970 4925 4716 4406
4970 4925 4705 4399
4968 4925 4700 4399
4971 4925 4696 4400
4963 4925 4696 4397
4966 4926 4700 4395
4964 4925 4694 4398
4961 4925 4693 4397
4957 4925 4696 4394
4958 4925 4691 4399
4958 4917 4693 4402
4958 4876 4692 4405
4955 4854 4691 4405
4947 4837 4701 4403
4945 4815 4708 4405
4945 4800 4704 4409
4941 4790 4705 4413
4950 4782 4699 4420
4946 4743 4699 4430
4945 4701 4689 4431
4957 4661 4677 4448
4962 4661 4670 4471
4963 4661 4671 4484
4950 4662 4675 4500
4942 4662 4678 4504
4933 4662 4676 4523
4931 4631 4668 4529
4915 4631 4668 4539
4904 4631 4681 4546
4899 4632 4685 4557
4889 4616 4686 4562
4874 4592 4685 4564
4863 4550 4675 4575
4856 4527 4677 4577
4843 4523 4672 4584
4840 4508 4678 4587
4833 4490 4684 4603
4836 4476 4676 4614
4833 4472 4667 4625
4831 4459 4661 4632
4822 4440 4669 4635
4816 4428 4674 4639
4810 4421 4678 4642
4791 4421 4682 4626
4778 4420 4681 4612
4773 4411 4685 4607
4774 4403 4682 4604
4775 4382 4690 4605
4781 4370 4685 4604
4790 4368 4668 4605
4799 4368 4656 4603
4802 4360 4657 4601
4803 4354 4662 4587
4805 4341 4666 4560
4811 4332 4659 4529
4817 4331 4663 4506
4823 4331 4669 4474
4833 4331 4680 4455
4838 4330 4698 4435
4846 4331 4701 4417
4850 4331 4718 4396
4855 4327 4730 4382
4865 4320 4724 4384
4875 4320 4720 4363
4886 4318 4719 4355
4894 4311 4718 4353
4903 4310 4711 4335
4907 4302 4709 4330
4922 4293 4705 4319
4925 4293 4709 4317
4932 4275 4716 4303
4944 4269 4711 4296
4948 4273 4716 4291
4963 4279 4717 4277
4975 4267 4716 4281
4984 4254 4721 4275
5005 4249 4720 4270
5029 4254 4716 4281
5038 4260 4714 4286
5039 4280 4727 4282
5039 4308 4730 4279
5033 4333 4739 4281
5034 4368 4735 4280
5029 4388 4725 4287
5021 4380 4728 4289
5016 4387 4726 4293
5008 4394 4720 4296
5003 4394 4720 4300
4999 4387 4718 4303
4990 4386 4737 4306
4983 4386 4734 4310
4980 4374 4726 4316
4976 4384 4717 4324
4967 4389 4719 4326
4961 4375 4731 4329
4956 4366 4734 4335
4952 4379 4731 4337
4947 4375 4720 4346
4937 4380 4723 4347
4935 4376 4717 4353
4926 4379 4729 4357
4922 4406 4732 4364
4917 4441 4729 4370
4902 4464 4723 4381
4897 4451 4722 4391
4886 4449 4718 4401
4873 4448 4713 4405
4859 4434 4724 4411
4853 4414 4729 4420
4843 4412 4725 4428
4833 4397 4724 4438
4827 4383 4726 4449
4814 4374 4729 4451
4804 4368 4732 4457
4798 4364 4733 4457
4805 4354 4731 4465
4799 4360 4738 4465
4804 4400 4737 4464
4807 4433 4736 4460
4800 4465 4742 4452
4806 4493 4738 4447
4805 4530 4735 4449
4808 4559 4730 4444
4808 4548 4735 4443
4810 4543 4736 4436
4803 4531 4747 4431
4808 4526 4741 4426
4802 4525 4736 4425
4806 4525 4729 4419
4806 4519 4721 4423
4817 4543 4714 4423
4821 4571 4709 4432
4824 4604 4711 4425
4830 4627 4707 4435
4829 4664 4717 4424
4824 4700 4726 4426
4827 4736 4727 4419
4827 4770 4727 4424
4837 4802 4721 4427
4832 4842 4715 4425
4831 4884 4715 4415
4831 4919 4719 4415
4836 4955 4706 4416
4840 4988 4696 4420
4839 4977 4702 4415
4841 4971 4701 4413
4844 4966 4694 4414
4845 4963 4691 4413
4849 4957 4689 4415
4853 4949 4687 4417
4854 4943 4693 4418
4857 4937 4689 4419
4852 4931 4695 4415
4857 4930 4689 4412
4865 4923 4680 4425
4867 4917 4679 4420
4867 4905 4686 4419
4873 4901 4681 4417
4873 4893 4682 4415
4874 4885 4689 4411
4875 4892 4686 4405
4873 4931 4686 4405
4875 4952 4682 4394
4874 4952 4682 4396
4879 4968 4677 4388
4878 4970 4680 4386
4888 4968 4674 4387
4888 4965 4684 4385
4891 4994 4691 4382
4895 5029 4702 4377
4899 5058 4702 4376
4906 5057 4697 4374
4905 5057 4707 4366
4908 5047 4714 4366
4907 5043 4719 4341
4912 5038 4717 4315
4920 5064 4715 4301
4938 5057 4712 4286
4952 5057 4700 4276
4964 5057 4692 4263
4976 5073 4702 4253
4992 5081 4698 4248
5009 5118 4708 4234
5022 5136 4714 4225
5036 5140 4715 4209
5045 5156 4713 4198
5055 5174 4697 4182
5062 5188 4692 4167
5071 5191 4708 4155
5077 5197 4720 4140
5088 5206 4710 4134
5098 5219 4706 4123
5107 5226 4710 4111
5129 5226 4708 4121
5155 5227 4714 4137
5163 5234 4704 4139
5166 5239 4705 4136
5166 5253 4703 4134
5166 5254 4698 4135
5165 5253 4709 4137
5165 5253 4719 4133
5165 5261 4719 4131
5172 5266 4713 4142
5172 5277 4716 4163
5173 5286 4726 4184
5172 5287 4711 4205
5168 5286 4705 4224
5164 5286 4697 4236
5164 5287 4688 4247
5164 5287 4682 4250
5165 5287 4677 4256
5164 5291 4672 4249
5164 5298 4678 4236
5164 5297 4676 4242
5164 5299 4675 4240
5164 5307 4672 4233
5165 5308 4675 4231
5144 5316 4674 4231
5144 5325 4675 4229
5144 5324 4680 4225
5144 5342 4683 4231
5144 5353 4686 4228
5144 5361 4690 4226
5144 5363 4692 4232
5144 5378 4695 4226
5144 5390 4692 4227
5144 5398 4685 4229
5144 5401 4681 4231
5144 5408 4689 4233
5144 5421 4679 4234
5144 5435 4687 4235
5155 5451 4680 4229
5155 5458 4684 4230
5166 5466 4678 4224
5173 5486 4672 4220
5180 5492 4664 4218
5173 5494 4672 4214
5178 5505 4677 4209
5182 5517 4673 4213
5192 5528 4661 4208
5199 5536 4662 4207
5201 5549 4660 4201
5207 5559 4664 4193
5213 5563 4662 4190
5216 5578 4658 4185
5211 5589 4667 4174
5195 5600 4671 4169
5198 5608 4688 4162
5203 5609 4692 4169
5207 5615 4689 4169
5197 5623 4683 4169
5188 5626 4684 4168
5180 5619 4687 4171
5177 5631 4686 4176
5170 5639 4686 4184
5159 5631 4687 4183
5149 5626 4697 4190
5134 5637 4696 4195
5112 5649 4696 4196
5094 5646 4710 4203
5075 5654 4717 4206
5057 5663 4723 4210
5042 5669 4723 4221
5028 5674 4717 4233
5017 5664 4714 4246
5003 5632 4710 4256
4991 5599 4702 4268
4977 5559 4715 4277
4962 5526 4716 4287
4950 5494 4710 4297
4929 5466 4709 4305
4920 5429 4713 4313
4903 5404 4711 4325
4890 5409 4712 4332
4870 5407 4717 4343
4861 5411 4716 4349
4843 5410 4724 4362
4833 5400 4733 4368
4820 5397 4734 4385
4809 5398 4734 4392
4788 5410 4736 4400
4772 5422 4739 4402
4755 5426 4735 4411
4736 5438 4739 4411
4729 5430 4739 4427
4718 5428 4742 4435
4703 5422 4749 4445
4691 5420 4757 4450
4670 5424 4765 4456
4665 5418 4767 4464
4655 5416 4764 4477
4639 5410 4758 4482
4625 5374 4766 4484
4611 5353 4776 4469
4604 5364 4776 4463
4590 5370 4784 4462
4579 5375 4798 4453
4572 5377 4799 4447
4558 5383 4810 4435
4550 5391 4821 4437
4544 5398 4822 4434
4532 5404 4825 4427
4527 5410 4836 4420
4515 5410 4844 4422
4509 5417 4852 4412
4503 5423 4857 4413
4499 5436 4853 4410
4486 5440 4864 4408
4483 5448 4870 4400
4477 5455 4865 4400
4478 5456 4872 4407
4478 5459 4867 4402
4473 5436 4876 4390
4475 5411 4879 4366
4473 5375 4888 4354
4474 5346 4893 4331
4473 5316 4897 4314
4475 5286 4904 4296
4480 5274 4909 4280
4487 5245 4914 4271
4490 5214 4927 4249
4496 5173 4931 4239
4507 5131 4931 4235
4516 5111 4923 4219
4528 5102 4922 4225
4536 5094 4926 4237
4541 5095 4923 4241
4540 5085 4924 4248
4540 5073 4940 4240
4540 5062 4947 4241
4541 5052 4942 4241
4541 5053 4946 4237
4541 5048 4934 4244
4540 5045 4926 4242
4540 5033 4926 4251
4540 5028 4927 4251
4541 5028 4939 4253
4541 5027 4943 4254
4541 5028 4932 4254
4540 5035 4934 4253
4540 5039 4938 4252
4540 5022 4939 4254
4540 5009 4942 4256
4541 5000 4939 4257
4541 4993 4938 4253
4540 4986 4952 4252
4540 4989 4953 4248
4540 4997 4956 4243
4540 5008 4965 4238
4541 5010 4962 4234
4541 5006 4960 4233
4540 4999 4966 4232
4540 4987 4974 4226
4540 4980 4961 4229
4540 4978 4962 4224
4541 4974 4977 4220
4545 4968 4975 4224
4548 4960 4975 4226
4548 4957 4974 4227
4548 4955 4970 4232
4548 4944 4964 4243
4549 4940 4951 4253
4549 4929 4943 4265
4548 4925 4951 4270
4548 4914 4943 4284
4548 4910 4945 4288
4548 4901 4937 4302
4569 4896 4935 4306
4569 4888 4928 4317
4568 4881 4929 4318
4567 4876 4927 4312
4561 4874 4921 4312
4562 4870 4920 4312
4562 4865 4917 4307
4562 4845 4912 4302
4561 4843 4909 4288
4561 4843 4914 4278
4561 4840 4918 4267
4562 4828 4924 4255
4562 4813 4926 4249
4562 4807 4912 4247
4561 4796 4912 4248
4561 4788 4910 4246
4561 4782 4909 4248
4545 4782 4906 4245
4539 4776 4907 4245
4554 4776 4911 4243
4553 4777 4915 4239
4553 4765 4923 4229
4553 4755 4931 4225
4553 4748 4940 4219
4554 4744 4948 4212
4554 4740 4954 4206
4553 4733 4951 4203
4537 4721 4956 4197
4547 4714 4953 4196
4568 4694 4959 4199
4567 4684 4957 4197
4554 4682 4956 4184
4549 4676 4956 4183
4549 4676 4957 4179
4540 4686 4962 4171
4542 4689 4972 4169
4535 4692 4972 4161
4536 4698 4968 4156
4532 4709 4970 4154
4530 4715 4971 4148
4525 4717 4962 4145
4521 4725 4973 4143
4513 4730 4975 4135
4506 4737 4980 4129
4504 4743 4986 4130
4506 4746 4991 4120
4506 4746 5001 4116
4501 4760 5007 4115
4494 4802 5011 4110
4495 4844 5019 4104
4495 4886 5015 4102
4490 4924 5023 4101
4487 4957 5031 4100
4487 4995 5039 4097
4488 5026 5043 4098
4480 5056 5054 4097
4478 5053 5058 4097
4478 5047 5066 4095
4478 5049 5063 4095
4473 5047 5070 4095
4470 5051 5071 4096
4469 5047 5069 4096
4471 5048 5074 4095
4465 5045 5080 4095
4465 5035 5087 4095
4463 5033 5095 4095
4462 5026 5104 4096
4457 5039 5095 4096
4455 5045 5092 4095
4454 5048 5091 4095
4453 5051 5088 4095
4451 5052 5095 4095
4447 5049 5098 4096
4445 5050 5101 4096
4446 5057 5110 4095
4444 5089 5115 4100
4442 5112 5111 4120
4439 5108 5103 4137
4438 5101 5104 4145
4434 5092 5102 4158
4431 5088 5103 4173
4430 5080 5099 4169
4426 5077 5096 4161
4428 5077 5093 4162
4422 5077 5101 4155
4421 5077 5096 4153
4417 5078 5108 4147
4415 5078 5112 4145
4412 5077 5110 4140
4411 5077 5122 4135
4409 5077 5119 4132
4406 5077 5121 4131
4407 5078 5123 4130
4404 5078 5120 4124
4399 5078 5129 4122
4399 5101 5131 4137
4398 5136 5129 4155
4394 5173 5120 4168
4388 5212 5115 4183
4384 5247 5113 4198
4382 5284 5100 4211
4382 5295 5089 4229
4375 5323 5081 4242
4373 5359 5069 4259
4368 5393 5071 4268
4364 5426 5059 4282
4354 5449 5066 4289
4347 5451 5063 4300
4338 5461 5060 4307
4330 5461 5068 4309
4319 5473 5065 4314
4317 5482 5054 4325
4304 5488 5054 4329
4298 5496 5056 4333
4293 5490 5063 4341
4293 5481 5073 4347
4287 5488 5071 4353
4283 5496 5076 4351
4278 5495 5072 4358
4272 5492 5079 4354
4271 5473 5087 4362
4268 5464 5099 4361
4263 5461 5098 4362
4260 5465 5098 4365
4256 5479 5088 4359
4255 5492 5089 4363
4253 5498 5099 4362
4250 5497 5095 4360
4227 5494 5093 4346
4225 5489 5094 4338
4225 5487 5089 4335
4224 5476 5093 4328
4224 5473 5089 4326
4224 5463 5097 4327
4225 5462 5091 4327
4225 5473 5075 4330
4225 5479 5081 4328
4224 5469 5074 4338
4224 5473 5065 4342
4224 5479 5064 4343
4225 5476 5061 4352
4225 5475 5058 4359
4225 5475 5061 4362
4224 5479 5064 4366
4224 5478 5080 4368
4224 5485 5074 4369
4225 5490 5062 4376
4225 5500 5071 4369
4225 5504 5062 4376
4224 5513 5060 4375
4224 5518 5067 4376
4224 5525 5077 4372
4225 5533 5077 4369
4226 5537 5072 4372
4219 5539 5078 4374
4218 5543 5061 4381
4218 5548 5058 4387
4217 5568 5052 4404
4218 5571 5064 4418
4218 5570 5061 4431
4218 5573 5066 4444
4216 5582 5063 4453
4207 5597 5056 4456
4200 5603 5065 4458
4199 5615 5065 4463
4199 5622 5075 4467
4199 5628 5082 4473
4215 5622 5094 4476
4221 5619 5096 4477
4220 5608 5089 4478
4221 5599 5082 4485
4219 5598 5078 4485
4219 5599 5068 4492
4213 5596 5067 4491
4208 5587 5070 4499
4200 5586 5069 4499
4199 5588 5070 4505
4192 5591 5060 4515
4188 5585 5058 4515
4175 5600 5057 4522
4177 5596 5047 4522
4187 5589 5043 4537
4195 5592 5044 4539
4201 5595 5046 4542
4213 5583 5041 4543
4223 5582 5034 4543
4232 5574 5032 4540
4235 5557 5029 4538
4259 5545 5031 4541
4268 5538 5032 4545
4290 5523 5028 4543
4302 5514 5012 4543
4322 5500 5005 4547
4337 5486 5002 4548
4353 5484 4980 4550
4362 5477 4974 4555
4372 5469 4966 4558
4388 5464 4956 4552
4401 5453 4957 4553
4412 5434 4947 4555
4418 5420 4951 4552
4437 5411 4943 4550
4454 5383 4930 4552
4469 5345 4917 4554
4477 5314 4913 4551
4495 5274 4893 4550
4509 5241 4883 4546
4520 5212 4867 4548
4533 5176 4858 4548
4547 5150 4853 4547
4564 5149 4840 4545
4576 5140 4836 4544
4590 5125 4830 4545
4607 5121 4821 4545
4617 5129 4811 4543
4624 5128 4812 4533
4633 5133 4804 4532
4646 5129 4795 4530
4660 5112 4796 4531
4671 5108 4789 4531
4682 5106 4783 4530
4691 5099 4780 4526
4705 5094 4774 4525
4715 5087 4770 4524
4727 5078 4763 4525
4739 5079 4752 4525
4748 5075 4750 4525
4755 5075 4750 4519
4768 5065 4738 4519
4776 5065 4730 4519
4786 5056 4732 4518
4791 5049 4734 4536
4801 5033 4736 4526
4800 4991 4725 4509
4821 4949 4723 4520
4834 4907 4727 4521
4855 4865 4719 4521
4870 4823 4711 4521
4885 4782 4706 4525
4895 4740 4696 4524
4910 4698 4698 4520
4924 4656 4697 4522
4934 4614 4688 4521
4950 4572 4684 4521
4956 4530 4673 4519
4963 4489 4666 4513
4969 4454 4671 4505
4974 4417 4678 4502
4992 4378 4674 4504
4995 4343 4670 4500
5002 4306 4673 4496
4999 4275 4679 4486
5003 4241 4681 4478
5004 4205 4683 4470
5007 4171 4683 4469
5009 4138 4689 4457
5017 4103 4687 4462
5024 4072 4681 4457
5029 4065 4691 4459
5037 4069 4705 4459
5049 4074 4714 4465
5050 4077 4722 4461
5058 4082 4721 4465
5064 4083 4720 4464
5063 4104 4718 4462
5063 4123 4712 4459
5070 4124 4713 4461
5074 4128 4708 4467
5079 4134 4702 4467
5084 4136 4695 4473
5080 4156 4700 4466
5082 4165 4684 4471
5088 4168 4675 4476
5091 4170 4674 4478
5095 4173 4680 4487
5096 4172 4673 4493
5091 4175 4665 4487
5093 4183 4679 4493
5117 4195 4669 4509
5099 4200 4672 4505
5094 4202 4672 4498
5093 4212 4659 4503
5093 4216 4671 4496
5093 4230 4660 4495
5093 4238 4661 4491
5092 4240 4664 4487
5092 4244 4669 4482
5093 4255 4672 4474
5093 4255 4680 4468
5093 4256 4678 4464
5093 4267 4686 4453
5092 4271 4692 4446
5088 4273 4702 4439
5076 4279 4702 4433
5072 4284 4694 4431
5056 4288 4699 4433
5056 4288 4700 4435
5049 4289 4697 4437
5040 4289 4711 4438
5037 4288 4711 4441
5030 4288 4709 4440
5014 4289 4718 4440
5011 4289 4715 4446
5002 4290 4722 4450
5009 4290 4718 4456
5009 4289 4719 4467
5005 4289 4723 4470
5001 4289 4730 4470
4994 4289 4725 4471
4985 4290 4723 4476
4982 4290 4718 4479
4983 4292 4712 4490
4991 4292 4720 4503
4996 4292 4714 4513
4984 4292 4699 4525
4971 4293 4696 4529
4962 4287 4694 4540
4949 4279 4695 4549
4942 4273 4701 4553
4932 4270 4696 4570
4923 4265 4699 4574
4917 4267 4697 4587
4906 4266 4698 4595
4903 4263 4696 4608
4893 4266 4693 4615
4890 4255 4697 4625
4884 4219 4694 4637
4909 4186 4692 4649
4902 4157 4689 4661
4910 4120 4679 4665
4900 4092 4677 4672
4901 4059 4676 4674
4898 4029 4666 4682
4898 4028 4665 4685
4903 4021 4672 4696
4895 4015 4681 4698
4907 4009 4677 4706
4913 4020 4685 4708
4907 4025 4688 4700
4911 4019 4683 4700
4914 4025 4689 4697
4925 4030 4696 4698
4929 4025 4692 4690
4938 4023 4689 4690
4940 4024 4694 4676
4941 4031 4692 4673
4947 4032 4695 4662
4953 4029 4698 4667
4965 4032 4699 4661
4962 4033 4707 4655
4972 4045 4693 4650
4972 4057 4692 4647
4978 4094 4698 4642
4978 4136 4706 4639
4983 4178 4700 4631
4987 4220 4709 4629
4989 4262 4711 4623
4994 4303 4712 4617
4993 4345 4719 4610
4998 4379 4719 4601
5002 4366 4722 4601
5007 4341 4722 4597
5010 4318 4717 4595
5012 4285 4719 4589
5017 4265 4723 4585
5025 4264 4722 4584
5027 4260 4726 4578
5032 4253 4738 4572
5036 4256 4739 4567
5038 4263 4741 4559
5049 4250 4740 4559
5059 4252 4730 4561
5062 4250 4733 4551
5066 4216 4738 4548
5073 4189 4741 4541
5073 4156 4739 4534
5079 4119 4751 4524
5090 4092 4744 4523
5080 4106 4745 4511
5084 4114 4753 4493
5086 4120 4752 4484
5081 4131 4753 4461
5077 4138 4746 4455
5092 4165 4753 4469
5094 4202 4749 4458
5101 4231 4735 4458
5097 4263 4733 4453
5106 4292 4741 4449
5107 4317 4746 4449
5117 4350 4741 4449
5127 4379 4732 4451
5135 4408 4727 4451
5140 4442 4731 4445
5139 4484 4727 4439
5153 4526 4733 4442
5162 4568 4728 4443
5170 4609 4714 4442
5174 4651 4708 4438
5170 4681 4716 4430
5175 4717 4718 4425
5175 4750 4716 4422
5183 4787 4710 4421
5183 4821 4713 4418
5191 4850 4715 4421
5190 4882 4717 4416
5193 4915 4719 4415
5186 4952 4718 4406
5183 4987 4726 4402
5179 4997 4714 4396
5174 4981 4707 4393
5166 4976 4702 4383
5163 4962 4702 4383
5159 4952 4707 4379
5157 4942 4701 4381
5152 4931 4701 4377
5145 4920 4712 4375
5135 4911 4716 4373
5127 4904 4724 4368
5115 4900 4729 4364
5103 4898 4735 4362
5097 4898 4733 4357
5088 4885 4745 4364
5083 4885 4736 4361
5074 4880 4733 4368
5064 4872 4741 4362
5052 4866 4747 4361
5050 4861 4750 4370
5044 4851 4742 4375
5037 4845 4737 4381
5057 4827 4732 4409
5057 4814 4728 4430
5052 4813 4729 4440
5049 4801 4711 4462
5037 4786 4725 4467
5022 4779 4732 4477
5014 4765 4743 4484
5004 4754 4744 4497
4998 4745 4746 4509
4990 4732 4737 4523
4981 4729 4737 4535
4978 4720 4721 4551
4964 4714 4719 4562
4960 4713 4703 4569
4968 4706 4697 4587
4966 4691 4701 4592
4973 4684 4704 4597
4967 4669 4707 4602
4971 4660 4704 4610
4967 4653 4701 4610
4958 4643 4718 4605
4957 4629 4725 4609
4953 4619 4713 4598
4939 4615 4710 4585
4943 4603 4709 4581
4948 4595 4705 4578
4949 4584 4709 4566
4952 4570 4711 4564
4957 4546 4721 4558
4964 4524 4733 4557
4973 4511 4742 4553
4976 4499 4742 4548
4977 4499 4736 4538
4977 4482 4737 4532
4979 4466 4745 4521
4992 4462 4758 4509
4999 4453 4762 4500
5002 4447 4770 4481
5014 4454 4762 4470
5021 4454 4756 4467
5032 4462 4758 4449
5036 4466 4762 4440
5042 4467 4769 4425
5049 4472 4772 4414
5058 4471 4771 4403
5069 4464 4776 4395
5077 4469 4767 4390
5089 4504 4765 4378
5090 4533 4773 4363
5096 4563 4786 4351
5100 4597 4785 4339
5107 4633 4793 4329
5109 4669 4793 4318
5112 4695 4807 4302
5116 4690 4811 4296
5121 4695 4805 4283
5128 4697 4805 4275
5127 4708 4813 4261
5137 4704 4809 4250
5144 4702 4802 4248
5151 4712 4806 4230
5148 4711 4812 4227
5158 4692 4814 4212
5163 4695 4814 4216
5156 4704 4810 4202
5156 4704 4812 4200
5151 4702 4811 4196
5144 4706 4803 4195
5142 4709 4802 4192
5138 4701 4803 4196
5144 4701 4802 4202
5143 4688 4814 4207
5141 4673 4819 4208
5135 4660 4825 4203
5132 4649 4830 4198
5134 4634 4836 4203
5128 4631 4838 4199
5128 4623 4839 4201
5120 4624 4851 4193
5120 4615 4850 4193
5120 4606 4846 4197
5116 4622 4848 4193
5112 4658 4855 4188
5108 4689 4858 4187
5107 4720 4864 4185
5108 4734 4857 4187
5112 4737 4848 4194
5113 4741 4840 4199
5108 4747 4847 4193
5104 4759 4838 4194
5110 4754 4829 4201
5104 4754 4836 4201
5103 4755 4841 4199
5103 4760 4836 4207
5099 4794 4838 4206
5096 4825 4843 4207
5093 4858 4851 4208
5096 4884 4846 4215
5091 4900 4858 4220
5101 4896 4860 4226
5099 4890 4856 4238
5098 4896 4853 4244
5110 4900 4835 4265
5115 4903 4838 4289
5109 4915 4829 4301
5096 4919 4824 4316
5085 4925 4827 4326
5076 4934 4829 4332
5065 4940 4812 4350
5060 4953 4800 4362
5039 4961 4808 4365
5025 4965 4812 4375
5009 4967 4819 4381
4995 4963 4826 4393
4986 4963 4825 4407
4975 4955 4815 4416
4959 4955 4820 4426
4948 4943 4819 4440
4940 4938 4818 4456
4932 4950 4807 4467
4920 4952 4804 4482
4915 4960 4800 4493
4900 4960 4807 4505
4898 4957 4801 4520
4881 4970 4799 4525
4873 4979 4798 4535
4864 4981 4795 4547
4862 4982 4791 4563
4856 4989 4787 4573
4846 4984 4789 4582
4845 5000 4773 4595
4839 5005 4768 4605
4833 5019 4756 4617
4832 5029 4754 4623
4821 5038 4752 4629
4812 5046 4750 4623
4804 5057 4740 4626
4800 5066 4738 4630
4787 5073 4735 4620
4779 5077 4739 4608
4785 5080 4736 4610
4791 5079 4738 4619
4799 5092 4724 4613
4804 5092 4733 4621
4813 5097 4732 4618
4823 5100 4727 4623
4835 5106 4712 4624
4843 5111 4705 4623
4844 5121 4707 4622
4851 5127 4713 4618
4851 5143 4711 4613
4856 5150 4716 4608
4861 5144 4727 4605
4861 5154 4738 4596
4871 5158 4723 4596
4879 5153 4717 4594
4883 5166 4715 4591
4882 5169 4716 4584
4885 5166 4710 4575
4888 5160 4713 4572
4897 5148 4718 4568
4900 5144 4724 4568
4912 5146 4723 4564
4919 5146 4728 4567
4912 5137 4734 4550
4916 5137 4731 4548
4924 5140 4729 4548
4927 5143 4731 4537
4923 5147 4733 4535
4935 5150 4725 4534
4938 5146 4712 4532
4940 5153 4709 4532
4956 5150 4712 4542
4965 5142 4717 4557
4967 5134 4713 4561
4968 5135 4709 4574
4967 5145 4707 4576
4954 5154 4705 4576
4939 5171 4701 4575
4936 5186 4687 4575
4915 5187 4681 4563
4895 5196 4687 4552
4890 5186 4695 4547
4891 5194 4690 4543
4891 5204 4679 4543
4892 5196 4679 4546
4897 5199 4675 4545
4903 5199 4664 4550
4905 5182 4662 4551
4902 5155 4670 4546
4887 5119 4670 4549
4886 5087 4667 4554
4870 5055 4662 4558
4860 5018 4668 4563
4849 4990 4677 4573
4841 4988 4672 4578
4828 4993 4675 4582
4817 4995 4679 4590
4807 5003 4675 4595
4802 5013 4659 4606
4791 5009 4666 4612
4781 5007 4666 4625
4779 5003 4669 4629
4769 5009 4660 4642
4764 5011 4652 4650
4755 5013 4651 4662
4749 5014 4649 4665
4743 5011 4645 4682
4732 5012 4645 4690
4725 5009 4650 4694
4714 5000 4650 4713
4716 4998 4645 4718
4710 5007 4635 4732
4701 5012 4637 4735
4706 5010 4638 4744
4701 5008 4640 4749
4709 4996 4641 4758
4720 4979 4647 4767
4723 4966 4651 4770
4719 4947 4649 4771
4717 4923 4641 4765
4711 4923 4640 4764
4714 4939 4632 4763
4714 4952 4629 4768
4716 4962 4618 4773
4709 4977 4615 4769
4708 4980 4623 4769
4710 4988 4626 4773
