0 0 0 0
38 38 38 38
75 80 80 75
94 122 122 97
107 164 164 109
123 206 205 124
141 247 247 142
161 289 289 164
179 331 331 181
199 373 373 201
219 415 415 221
239 457 457 242
260 498 498 263
281 540 540 285
301 582 582 305
322 624 624 326
343 666 666 347
364 708 708 368
385 749 749 389
406 791 791 410
427 833 833 430
448 875 875 451
469 917 917 472
490 959 959 493
511 1000 1000 514
532 1042 1042 535
552 1084 1084 556
573 1126 1126 577
594 1168 1168 598
616 1210 1210 619
636 1251 1251 640
657 1293 1293 661
678 1335 1335 681
699 1377 1377 702
720 1419 1419 723
741 1461 1461 744
762 1502 1502 765
783 1544 1544 786
803 1586 1586 807
825 1628 1628 828
845 1670 1670 849
866 1712 1712 870
887 1753 1753 891
908 1795 1795 912
929 1837 1837 932
950 1879 1879 953
971 1921 1921 975
992 1963 1963 995
1013 2004 2004 1016
1034 2046 2046 1037
1054 2088 2088 1058
1037 2092 2092 1041
1021 2092 2092 1025
1023 2092 2092 1024
1031 2091 2091 1033
1036 2091 2092 1039
1039 2092 2092 1042
1040 2092 2092 1040
1043 2092 2092 1044
1044 2092 2092 1045
1045 2091 2091 1046
1046 2091 2091 1046
1046 2092 2092 1046
1045 2092 2092 1045
1046 2092 2092 1046
1046 2092 2092 1046
1046 2091 2091 1046
1046 2091 2091 1046
1046 2092 2092 1045
1046 2092 2092 1046
1046 2092 2092 1046
1046 2092 2092 1046
1046 2091 2091 1046
1046 2091 2091 1046
1045 2092 2092 1046
1045 2092 2092 1046
1046 2092 2092 1046
1047 2092 2092 1046
1046 2091 2091 1046
1045 2091 2091 1046
1046 2092 2092 1045
1046 2092 2092 1045
1046 2092 2092 1046
1046 2092 2092 1046
1046 2091 2091 1047
1046 2091 2091 1046
1045 2092 2092 1046
1046 2092 2092 1046
1046 2092 2092 1046
1045 2092 2092 1046
1046 2091 2091 1046
1046 2091 2091 1046
1046 2092 2092 1045
1046 2092 2092 1045
1046 2092 2092 1047
1046 2092 2092 1046
1046 2091 2091 1045
1046 2091 2091 1046
1045 2092 2092 1046
1045 2092 2092 1046
1047 2092 2092 1046
1040 2092 2092 1040
1038 2091 2091 1038
1037 2091 2091 1036
1039 2092 2092 1036
1049 2092 2092 1037
1060 2092 2092 1041
1072 2092 2092 1044
1080 2091 2091 1047
1085 2091 2091 1047
1091 2092 2092 1046
1092 2092 2092 1044
1095 2092 2092 1043
1097 2092 2092 1041
1098 2091 2091 1039
1097 2091 2091 1036
1095 2092 2092 1034
1095 2092 2092 1032
1096 2092 2092 1031
1097 2092 2092 1029
1097 2091 2091 1029
1095 2091 2091 1028
1095 2092 2092 1028
1095 2092 2092 1026
1096 2092 2092 1026
1096 2092 2092 1026
1097 2091 2091 1025
1096 2091 2091 1024
1099 2092 2092 1025
1100 2092 2092 1024
1101 2092 2092 1026
1103 2092 2092 1024
1103 2091 2091 1023
1103 2091 2091 1023
1105 2092 2092 1021
1105 2092 2092 1021
1106 2092 2092 1020
1106 2092 2092 1019
1108 2091 2091 1018
1108 2091 2091 1017
1109 2092 2092 1016
1110 2092 2092 1015
1111 2092 2092 1015
1112 2092 2092 1016
1112 2091 2091 1012
1114 2091 2091 1012
1115 2092 2092 1011
1115 2092 2092 1011
1117 2092 2092 1009
1118 2092 2092 1008
1119 2091 2091 1007
1125 2091 2091 1013
1127 2092 2092 1013
1130 2092 2092 1015
1129 2092 2092 1014
1119 2092 2092 1012
1109 2091 2091 1007
1097 2091 2091 1004
1091 2092 2092 1000
1085 2092 2092 1000
1080 2092 2092 1000
1080 2092 2092 1001
1078 2091 2091 1001
1078 2091 2091 1002
1077 2092 2092 1003
1078 2092 2092 1005
1080 2092 2092 1006
1079 2092 2092 1009
1078 2091 2091 1009
1077 2091 2091 1010
1077 2092 2092 1011
1079 2092 2092 1012
1079 2092 2092 1013
1079 2092 2092 1015
1079 2091 2091 1016
1078 2091 2091 1017
1076 2092 2092 1019
1076 2092 2092 1021
1073 2092 2092 1020
1071 2092 2092 1022
1069 2091 2091 1022
1067 2091 2091 1024
1066 2092 2092 1026
1065 2092 2092 1027
1062 2092 2092 1028
1062 2092 2092 1031
1060 2091 2091 1032
1058 2091 2091 1033
1056 2092 2092 1035
1056 2092 2092 1037
1054 2092 2092 1038
1052 2092 2092 1040
1050 2091 2091 1042
1049 2091 2091 1042
1047 2092 2092 1045
1044 2092 2092 1047
1043 2092 2092 1050
1041 2092 2092 1049
1040 2091 2091 1052
1038 2091 2091 1054
1035 2092 2092 1056
1036 2092 2092 1057
1034 2092 2092 1059
1031 2092 2092 1060
1028 2091 2091 1053
1015 2091 2091 1043
1008 2092 2092 1037
1006 2092 2092 1039
1003 2092 2092 1042
1010 2092 2092 1054
1013 2091 2091 1063
1017 2091 2091 1074
1020 2092 2092 1081
1021 2092 2092 1086
1020 2092 2092 1090
1019 2092 2092 1094
1019 2091 2091 1096
1017 2091 2091 1096
1016 2092 2092 1098
1013 2092 2092 1099
1011 2092 2092 1097
1008 2092 2092 1095
1008 2091 2091 1095
1006 2091 2091 1095
1005 2092 2092 1094
1004 2092 2092 1094
1005 2092 2092 1093
1003 2092 2092 1093
1004 2091 2091 1093
1004 2091 2091 1093
1004 2092 2092 1093
1004 2092 2092 1094
1005 2092 2092 1094
1004 2092 2092 1094
1005 2091 2091 1093
1003 2091 2091 1093
1005 2092 2092 1093
1005 2092 2092 1093
1004 2092 2092 1094
1004 2092 2092 1093
1003 2092 2091 1094
1004 2091 2091 1094
1004 2092 2092 1094
1004 2092 2092 1093
1004 2092 2092 1095
1005 2092 2092 1093
1004 2092 2091 1091
1005 2091 2091 1093
1004 2092 2092 1093
1005 2092 2092 1093
1004 2092 2092 1092
1005 2092 2092 1092
1004 2092 2091 1093
1005 2091 2091 1093
1006 2092 2092 1101
1018 2092 2092 1115
1024 2092 2092 1121
1024 2092 2092 1121
1025 2092 2092 1119
1018 2091 2091 1108
1013 2092 2092 1101
1007 2092 2092 1091
1002 2092 2092 1086
1000 2092 2092 1082
1000 2092 2092 1080
1000 2091 2091 1077
1001 2092 2092 1079
1001 2092 2092 1076
1002 2092 2092 1077
1004 2092 2092 1077
1005 2092 2092 1079
1007 2091 2091 1082
1006 2092 2092 1081
1008 2092 2092 1083
1008 2092 2092 1083
1009 2092 2092 1083
1008 2092 2092 1084
1009 2091 2091 1083
1008 2092 2092 1084
1009 2092 2092 1085
1009 2092 2092 1083
1009 2092 2092 1085
1007 2092 2092 1083
1009 2091 2091 1083
1007 2092 2092 1084
1008 2092 2092 1083
1007 2092 2092 1084
1007 2092 2092 1084
1009 2092 2092 1083
1007 2091 2091 1084
1009 2091 2092 1084
1008 2092 2092 1083
1008 2092 2092 1083
1007 2092 2092 1084
1008 2092 2092 1083
1007 2091 2091 1084
1008 2091 2092 1086
1008 2092 2092 1084
1009 2092 2092 1086
1007 2092 2092 1084
1009 2092 2092 1085
1006 2091 2091 1084
1008 2091 2092 1084
1007 2092 2092 1084
1007 2092 2092 1084
1008 2092 2092 1082
1006 2092 2092 1084
1008 2091 2091 1084
1005 2091 2091 1079
993 2092 2092 1065
985 2092 2092 1055
988 2092 2092 1061
998 2092 2092 1071
1002 2091 2091 1080
1010 2091 2091 1088
1014 2092 2092 1095
1017 2092 2092 1095
1019 2092 2092 1099
1021 2092 2092 1101
1022 2091 2091 1101
1021 2091 2091 1101
1021 2092 2092 1100
1021 2092 2092 1100
1020 2092 2092 1097
1016 2092 2092 1095
1015 2091 2091 1091
1015 2091 2091 1090
1015 2092 2092 1090
1015 2092 2092 1087
1017 2092 2092 1086
1016 2092 2092 1086
1016 2091 2091 1083
1017 2091 2091 1083
1019 2092 2092 1082
1021 2092 2092 1081
1023 2092 2092 1080
1024 2092 2092 1078
1027 2091 2091 1077
1027 2091 2091 1077
1030 2092 2092 1074
1031 2092 2092 1073
1032 2092 2092 1072
1035 2092 2092 1070
1035 2091 2091 1068
1037 2091 2091 1067
1038 2092 2092 1066
1039 2092 2092 1063
1040 2092 2092 1063
1041 2092 2092 1060
1043 2091 2091 1062
1044 2091 2091 1058
1046 2092 2092 1058
1048 2092 2092 1056
1050 2092 2092 1054
1051 2092 2092 1053
1052 2091 2091 1051
1054 2091 2091 1049
1056 2092 2092 1048
1058 2092 2092 1051
1072 2092 2092 1064
1082 2092 2092 1072
1081 2091 2091 1065
1072 2091 2091 1056
1069 2092 2092 1044
1062 2092 2092 1035
1060 2092 2092 1027
1056 2092 2092 1023
1057 2091 2091 1020
1056 2091 2091 1016
1057 2092 2092 1014
1061 2092 2092 1014
1061 2092 2092 1013
1064 2092 2092 1012
1065 2091 2091 1012
1070 2091 2091 1014
1073 2092 2092 1016
1074 2092 2092 1015
1076 2092 2092 1016
1078 2092 2092 1016
1076 2091 2091 1014
1079 2091 2091 1014
1079 2092 2092 1013
1081 2092 2092 1013
1079 2092 2092 1013
1080 2092 2092 1013
1081 2091 2091 1012
1080 2091 2091 1012
1080 2092 2092 1013
1080 2092 2092 1011
1080 2092 2092 1012
1079 2092 2092 1012
1080 2091 2091 1011
1078 2091 2091 1013
1080 2092 2092 1012
1079 2092 2092 1012
1080 2092 2092 1012
1079 2092 2092 1012
1080 2091 2091 1012
1080 2091 2091 1012
1080 2092 2092 1009
1081 2092 2092 1012
1080 2092 2092 1011
1081 2092 2092 1011
1080 2091 2091 1011
1080 2091 2091 1012
1079 2092 2092 1012
1080 2092 2092 1012
1079 2092 2092 1013
1080 2092 2092 1013
1080 2091 2091 1012
1080 2091 2091 1012
1076 2092 2092 1009
1061 2092 2092 991
1050 2092 2092 984
1053 2092 2092 985
1065 2091 2091 996
1071 2091 2091 1000
1078 2092 2092 1006
1085 2092 2092 1013
1089 2092 2092 1017
1089 2092 2092 1019
1092 2091 2091 1020
1093 2091 2091 1022
1094 2091 2091 1023
1094 2092 2091 1022
1093 2092 2092 1021
1094 2092 2092 1021
1094 2091 2091 1019
1091 2091 2091 1019
1089 2092 2092 1018
1087 2092 2092 1018
1087 2092 2092 1018
1085 2092 2092 1019
1084 2091 2091 1018
1084 2091 2091 1019
1081 2092 2092 1019
1082 2092 2092 1020
1079 2092 2092 1021
1079 2092 2092 1021
1080 2091 2091 1022
1078 2091 2091 1022
1077 2092 2092 1024
1076 2092 2092 1023
1075 2092 2092 1025
1075 2092 2092 1025
1073 2091 2091 1026
1073 2091 2091 1027
1072 2092 2092 1027
1072 2092 2092 1028
1071 2092 2092 1032
1069 2092 2092 1030
1072 2091 2091 1031
1068 2091 2091 1032
1068 2092 2092 1033
1068 2092 2092 1033
1068 2092 2092 1034
1067 2092 2092 1036
1066 2091 2091 1034
1066 2091 2091 1036
1065 2092 2092 1036
1064 2092 2092 1037
1066 2092 2092 1042
1081 2092 2092 1057
1093 2091 2091 1067
1088 2091 2091 1065
1075 2092 2092 1056
1069 2092 2092 1052
1062 2092 2092 1047
1056 2092 2092 1042
1049 2091 2091 1038
1047 2091 2091 1036
1045 2092 2092 1035
1042 2092 2092 1035
1042 2093 2093 1037
1041 2092 2093 1036
1041 2091 2091 1038
1039 2091 2091 1038
1039 2092 2092 1039
1041 2092 2092 1043
1043 2092 2092 1043
1044 2092 2092 1044
1043 2091 2091 1045
1044 2091 2091 1045
1046 2092 2092 1047
1044 2092 2092 1046
1045 2092 2092 1047
1045 2092 2092 1046
1046 2092 2091 1046
1046 2091 2091 1047
1044 2092 2092 1046
1046 2092 2092 1046
1045 2092 2092 1046
1047 2092 2092 1046
1047 2092 2091 1046
1046 2091 2091 1046
1047 2092 2092 1046
1047 2092 2092 1045
1047 2092 2092 1047
1046 2092 2092 1046
1047 2092 2091 1043
1047 2091 2091 1045
1045 2092 2092 1045
1047 2092 2092 1045
1047 2092 2092 1045
1046 2092 2092 1045
1047 2092 2091 1045
1046 2091 2091 1044
1046 2092 2092 1045
1046 2092 2092 1045
1046 2092 2092 1045
1047 2092 2092 1046
1047 2092 2092 1044
1047 2091 2091 1045
1044 2092 2092 1045
1046 2092 2092 1046
1029 2092 2092 1029
1016 2092 2092 1017
1011 2092 2092 1011
1010 2091 2091 1011
1017 2092 2092 1014
1027 2092 2092 1022
1034 2092 2092 1026
1044 2092 2092 1030
1048 2092 2092 1032
1054 2091 2091 1037
1058 2092 2092 1038
1059 2092 2092 1040
1059 2092 2092 1040
1060 2092 2092 1037
1061 2092 2092 1038
1062 2091 2091 1037
1065 2092 2092 1036
1062 2092 2092 1034
1058 2092 2092 1030
1058 2092 2092 1029
1058 2092 2092 1027
1059 2091 2091 1029
1059 2091 2092 1025
1060 2092 2092 1024
1060 2092 2092 1023
1060 2092 2092 1024
1061 2092 2092 1023
1061 2091 2091 1024
1060 2091 2092 1024
1062 2092 2092 1023
1064 2092 2092 1025
1062 2092 2092 1025
1062 2092 2092 1024
1062 2091 2091 1023
1062 2091 2092 1025
1061 2092 2092 1024
1062 2092 2092 1024
1061 2092 2092 1024
1061 2092 2092 1024
1064 2091 2091 1026
1061 2091 2092 1024
1063 2092 2092 1024
1062 2092 2092 1023
1062 2092 2092 1024
1062 2092 2092 1024
1061 2091 2091 1023
1061 2091 2091 1024
1062 2092 2092 1024
1064 2092 2092 1026
1063 2092 2092 1024
1080 2092 2092 1040
1092 2091 2091 1053
1098 2091 2091 1059
1096 2092 2092 1057
1091 2092 2092 1055
1081 2092 2092 1047
1074 2092 2092 1044
1065 2091 2091 1041
1059 2091 2091 1035
1054 2092 2092 1033
1050 2092 2092 1031
1050 2092 2092 1030
1048 2092 2092 1029
1047 2091 2091 1031
1046 2091 2091 1031
1045 2092 2092 1032
1044 2092 2092 1035
1046 2092 2092 1035
1050 2092 2092 1039
1050 2091 2091 1040
1050 2091 2091 1042
1048 2092 2092 1041
1049 2092 2092 1044
1047 2092 2092 1044
1047 2092 2092 1047
1048 2091 2091 1047
1047 2091 2091 1047
1047 2092 2092 1046
1047 2092 2092 1045
1046 2092 2092 1047
1044 2092 2092 1044
1046 2091 2091 1045
1045 2091 2091 1045
1046 2092 2092 1046
1046 2092 2092 1046
1046 2092 2092 1046
1046 2092 2092 1047
1046 2091 2091 1046
1046 2091 2091 1046
1044 2092 2092 1043
1046 2092 2092 1046
1044 2092 2092 1045
1046 2092 2092 1046
1046 2091 2091 1046
1046 2091 2091 1046
1047 2092 2092 1047
1047 2092 2092 1046
1046 2092 2092 1046
1044 2092 2092 1043
1045 2091 2091 1046
1045 2091 2091 1045
1046 2092 2092 1046
1046 2092 2092 1046
1044 2092 2092 1046
1027 2092 2092 1037
1014 2091 2091 1025
1011 2091 2091 1019
1018 2092 2092 1017
1031 2092 2092 1025
1039 2092 2092 1027
1048 2092 2092 1032
1056 2091 2091 1036
1061 2091 2091 1040
1064 2092 2092 1040
1067 2092 2092 1041
1070 2092 2092 1040
1070 2092 2092 1037
1073 2091 2091 1038
1073 2091 2091 1036
1076 2092 2092 1036
1073 2092 2092 1035
1071 2092 2092 1033
1070 2092 2092 1031
1070 2091 2091 1029
1070 2091 2091 1027
1070 2092 2092 1027
1071 2092 2092 1025
1069 2092 2092 1025
1071 2092 2092 1025
1071 2091 2091 1023
1070 2091 2091 1023
1070 2092 2092 1023
1071 2092 2092 1023
1070 2092 2092 1022
1069 2092 2092 1021
1070 2091 2091 1021
1070 2091 2091 1022
1070 2092 2092 1023
1070 2092 2092 1024
1069 2092 2092 1027
1069 2092 2092 1026
1069 2091 2091 1027
1067 2091 2091 1028
1067 2092 2092 1028
1066 2092 2092 1028
1066 2092 2092 1028
1065 2092 2092 1030
1064 2091 2091 1031
1064 2091 2091 1033
1063 2092 2092 1032
1062 2092 2092 1033
1061 2092 2092 1033
1061 2092 2092 1033
1062 2091 2091 1037
1079 2091 2091 1044
1090 2092 2092 1057
1093 2092 2092 1063
1084 2092 2092 1064
1071 2092 2092 1059
1063 2091 2091 1056
1053 2091 2091 1052
1045 2092 2092 1049
1039 2092 2092 1047
1036 2092 2092 1046
1032 2092 2092 1047
1028 2091 2091 1050
1027 2091 2091 1050
1024 2092 2092 1052
1023 2092 2092 1053
1019 2092 2092 1055
1022 2092 2092 1056
1024 2091 2091 1059
1023 2091 2091 1063
1024 2092 2092 1065
1023 2092 2092 1066
1022 2092 2092 1066
1021 2092 2092 1070
1021 2091 2091 1070
1020 2091 2091 1072
1018 2092 2092 1075
1019 2092 2092 1075
1018 2092 2092 1075
1018 2092 2092 1076
1016 2091 2091 1078
1017 2091 2091 1078
1017 2092 2092 1079
1014 2092 2092 1080
1016 2092 2092 1079
1014 2092 2092 1078
1015 2091 2091 1077
1013 2091 2091 1078
1014 2092 2092 1078
1014 2092 2092 1077
1013 2092 2092 1079
1015 2092 2092 1079
1012 2091 2091 1078
1013 2091 2091 1078
1013 2092 2092 1078
1014 2092 2092 1077
1014 2092 2092 1077
1014 2092 2092 1079
1015 2091 2091 1078
1013 2091 2091 1079
1014 2092 2092 1076
1014 2092 2092 1078
1015 2092 2092 1078
1014 2092 2092 1078
1007 2091 2091 1076
994 2091 2091 1058
982 2092 2092 1049
981 2092 2092 1046
985 2092 2092 1050
997 2092 2092 1059
1000 2091 2091 1065
1007 2091 2091 1072
1013 2092 2092 1075
1015 2092 2092 1080
1017 2092 2092 1082
1017 2092 2092 1084
1020 2091 2091 1083
1020 2091 2091 1083
1021 2092 2092 1084
1020 2092 2092 1081
1018 2092 2092 1082
1017 2092 2092 1081
1016 2092 2091 1078
1016 2091 2091 1076
1016 2092 2092 1075
1016 2092 2092 1074
1017 2092 2092 1071
1017 2092 2092 1074
1017 2092 2091 1072
1017 2091 2091 1071
1018 2092 2092 1070
1019 2092 2092 1070
1019 2092 2092 1070
1020 2092 2092 1067
1021 2092 2091 1068
1022 2091 2091 1068
1022 2092 2092 1068
1023 2092 2092 1065
1024 2092 2092 1066
1024 2092 2092 1065
1026 2092 2092 1062
1024 2091 2091 1063
1026 2092 2092 1063
1029 2092 2092 1062
1028 2092 2092 1061
1028 2092 2092 1062
1029 2092 2092 1061
1030 2091 2091 1059
1029 2092 2092 1058
1031 2092 2092 1057
1031 2092 2092 1057
1032 2092 2092 1057
1033 2092 2092 1056
1033 2091 2091 1056
1042 2092 2092 1059
1055 2092 2092 1074
1067 2092 2092 1083
1069 2092 2092 1086
1065 2092 2092 1081
1054 2091 2091 1070
1052 2092 2092 1064
1046 2092 2092 1056
1040 2092 2092 1051
1039 2092 2092 1049
1037 2092 2092 1044
1037 2091 2091 1042
1035 2092 2092 1042
1035 2092 2092 1042
1035 2092 2092 1039
1037 2092 2092 1041
1040 2092 2092 1040
1041 2091 2091 1042
1043 2091 2092 1045
1043 2092 2092 1045
1044 2092 2092 1046
1043 2092 2092 1046
1045 2092 2092 1047
1044 2091 2091 1045
1045 2091 2092 1047
1045 2092 2092 1046
1046 2092 2092 1047
1047 2092 2092 1047
1045 2092 2092 1046
1046 2091 2091 1047
1044 2091 2092 1046
1045 2092 2092 1046
1044 2092 2092 1045
1045 2092 2092 1047
1044 2092 2092 1045
1045 2091 2091 1047
1045 2091 2091 1047
1044 2092 2092 1046
1044 2092 2092 1048
1042 2092 2092 1047
1044 2092 2092 1047
1044 2091 2091 1046
1044 2091 2091 1047
1044 2092 2092 1046
1045 2092 2092 1048
1045 2092 2092 1048
1045 2092 2092 1048
1044 2091 2091 1049
1043 2091 2091 1048
1044 2092 2092 1048
1043 2092 2092 1046
1044 2092 2092 1048
1044 2092 2092 1047
1044 2091 2091 1047
1033 2091 2091 1036
1021 2092 2092 1024
1011 2092 2092 1016
1012 2092 2092 1017
1019 2092 2092 1022
1026 2091 2091 1028
1034 2091 2091 1036
1041 2092 2092 1043
1046 2092 2092 1047
1050 2092 2092 1049
1051 2092 2092 1052
1051 2091 2091 1051
1051 2091 2091 1053
1052 2092 2092 1052
1051 2092 2092 1051
1052 2092 2092 1052
1051 2092 2092 1053
1049 2091 2091 1052
1048 2091 2091 1050
1047 2092 2092 1048
1046 2092 2092 1048
1046 2092 2092 1048
1046 2092 2092 1047
1042 2091 2091 1047
1044 2091 2091 1047
1044 2092 2092 1048
1044 2092 2092 1048
1044 2092 2092 1048
1044 2092 2092 1047
1046 2091 2091 1048
1045 2091 2091 1048
1044 2092 2092 1048
1043 2092 2092 1047
1046 2092 2092 1048
1045 2092 2092 1047
1045 2091 2091 1047
1044 2091 2091 1048
1045 2092 2092 1047
1045 2092 2092 1047
1044 2092 2092 1047
1046 2092 2092 1047
1044 2091 2091 1046
1044 2091 2091 1047
1044 2092 2092 1045
1045 2092 2092 1046
1045 2092 2092 1047
1045 2092 2092 1046
1044 2091 2091 1048
1044 2091 2091 1047
1044 2092 2092 1047
1055 2092 2092 1058
1070 2092 2092 1072
1078 2092 2092 1079
1076 2091 2091 1078
1070 2091 2091 1073
1062 2092 2092 1065
1055 2092 2092 1059
1048 2092 2092 1051
1043 2092 2092 1049
1039 2091 2091 1045
1039 2091 2091 1043
1038 2092 2092 1043
1039 2092 2092 1043
1037 2092 2092 1042
1037 2092 2092 1042
1036 2091 2091 1042
1038 2091 2091 1041
1040 2092 2092 1043
1040 2092 2092 1044
1041 2092 2092 1047
1043 2092 2092 1046
1043 2091 2091 1047
1042 2091 2091 1047
1046 2092 2092 1048
1045 2092 2092 1048
1044 2092 2092 1046
1044 2092 2092 1047
1044 2091 2091 1047
1045 2091 2091 1048
1043 2092 2092 1047
1043 2092 2092 1049
1045 2092 2092 1047
1045 2092 2092 1048
1043 2091 2091 1047
1046 2091 2091 1047
1044 2092 2092 1047
1046 2092 2092 1046
1044 2092 2092 1047
1044 2092 2092 1047
1045 2091 2091 1048
1042 2091 2091 1047
1041 2092 2092 1049
1042 2092 2092 1047
1041 2092 2092 1049
1040 2092 2092 1049
1041 2091 2091 1049
1039 2091 2091 1050
1039 2092 2092 1049
1038 2092 2092 1051
1038 2092 2092 1052
1036 2092 2092 1053
1033 2091 2091 1052
1034 2091 2091 1054
1034 2092 2092 1054
1022 2092 2092 1043
1009 2092 2092 1030
1005 2092 2092 1025
1013 2091 2091 1036
1021 2091 2091 1043
1028 2092 2092 1052
1034 2092 2092 1060
1039 2092 2092 1064
1040 2092 2092 1067
1043 2091 2091 1070
1044 2091 2090 1070
1046 2091 2089 1071
1046 2090 2091 1069
1047 2088 2091 1069
1045 2091 2091 1069
1046 2091 2091 1067
1045 2091 2091 1068
1042 2092 2092 1065
1042 2092 2092 1062
1038 2092 2092 1059
1040 2092 2092 1058
1040 2091 2091 1057
1040 2091 2091 1057
1039 2092 2092 1055
1040 2092 2092 1055
1043 2092 2092 1056
1042 2092 2092 1052
1042 2091 2091 1053
1041 2091 2091 1052
1043 2092 2092 1053
1043 2092 2092 1051
1044 2092 2092 1051
1044 2092 2092 1051
1045 2091 2091 1049
1046 2091 2091 1049
1047 2092 2092 1048
1048 2092 2092 1047
1051 2092 2092 1047
1051 2092 2092 1046
1053 2091 2091 1044
1054 2091 2091 1043
1054 2092 2092 1042
1058 2092 2092 1041
1058 2092 2092 1039
1060 2092 2092 1040
1060 2091 2091 1037
1063 2091 2091 1035
1065 2092 2092 1034
1065 2092 2092 1032
1068 2092 2092 1032
1080 2092 2092 1041
1094 2091 2091 1054
1097 2091 2091 1058
1090 2092 2092 1048
1085 2092 2092 1038
1077 2092 2092 1030
1071 2092 2092 1022
1067 2092 2091 1017
1065 2091 2091 1012
1064 2092 2092 1009
1064 2092 2093 1009
1064 2093 2095 1009
1063 2094 2093 1008
1064 2096 2092 1007
1065 2092 2092 1007
1066 2092 2092 1007
1069 2092 2092 1007
1070 2092 2092 1009
1072 2092 2092 1012
1074 2092 2091 1013
1074 2091 2091 1014
1077 2092 2092 1014
1076 2092 2092 1013
1078 2092 2092 1017
1077 2092 2092 1014
1075 2092 2092 1012
1077 2091 2091 1014
1077 2092 2092 1015
1079 2092 2092 1017
1077 2092 2092 1016
1076 2092 2092 1017
1076 2092 2092 1018
1076 2091 2091 1018
1078 2092 2092 1019
1075 2092 2092 1019
1074 2092 2092 1022
1074 2092 2092 1022
1073 2092 2092 1021
1072 2091 2091 1022
1070 2092 2092 1024
1070 2092 2092 1025
1068 2092 2092 1025
1065 2092 2092 1026
1064 2092 2092 1027
1063 2091 2091 1027
1064 2092 2092 1029
1061 2092 2092 1030
1059 2092 2092 1033
1058 2092 2092 1033
1056 2092 2092 1034
1056 2091 2091 1036
1054 2092 2092 1037
1055 2092 2092 1040
1041 2092 2092 1027
1025 2092 2092 1015
1018 2092 2092 1008
1017 2091 2091 1009
1023 2091 2092 1017
1029 2092 2092 1026
1035 2092 2092 1034
1041 2092 2092 1041
1043 2092 2092 1045
1046 2091 2091 1054
1046 2091 2092 1054
1047 2092 2092 1056
1046 2092 2092 1059
1042 2092 2092 1060
1044 2092 2092 1061
1042 2091 2091 1061
1042 2091 2092 1065
1038 2092 2092 1063
1034 2092 2092 1062
1033 2092 2092 1063
1031 2092 2092 1061
1030 2091 2091 1064
1028 2091 2091 1064
1028 2092 2092 1066
1025 2092 2092 1063
1024 2092 2092 1062
1023 2092 2092 1063
1022 2091 2091 1063
1023 2091 2091 1062
1022 2092 2092 1063
1021 2092 2092 1064
1022 2092 2092 1063
1024 2092 2092 1063
1022 2091 2091 1062
1022 2091 2091 1063
1023 2092 2092 1063
1025 2092 2092 1062
1024 2092 2092 1061
1026 2092 2092 1062
1026 2091 2091 1062
1028 2091 2091 1062
1030 2092 2092 1062
1027 2092 2092 1060
1029 2092 2092 1061
1030 2092 2092 1058
1031 2091 2091 1059
1030 2091 2091 1058
1031 2092 2092 1058
1032 2092 2092 1057
1031 2092 2092 1055
1046 2092 2092 1069
1058 2091 2091 1081
1066 2091 2091 1089
1066 2092 2092 1087
1060 2092 2092 1081
1053 2092 2092 1072
1047 2092 2092 1065
1040 2091 2091 1058
1037 2091 2091 1053
1036 2092 2092 1049
1033 2092 2092 1047
1033 2092 2092 1046
1032 2092 2092 1044
1034 2091 2091 1043
1033 2091 2091 1042
1034 2092 2092 1043
1034 2092 2092 1039
1037 2092 2092 1042
1041 2092 2092 1046
1041 2091 2091 1044
1042 2091 2091 1044
1043 2092 2092 1044
1044 2092 2092 1045
1043 2092 2092 1043
1046 2092 2092 1046
1045 2091 2091 1045
1047 2091 2091 1046
1049 2092 2092 1047
1047 2092 2092 1046
1047 2092 2092 1046
1046 2092 2092 1045
1047 2091 2091 1046
1044 2091 2091 1044
1047 2092 2092 1046
1046 2092 2092 1045
1046 2092 2092 1046
1047 2092 2092 1048
1046 2091 2091 1047
1046 2091 2091 1046
1046 2092 2092 1045
1046 2092 2092 1046
1044 2092 2092 1044
1046 2092 2092 1046
1046 2091 2091 1045
1046 2091 2091 1046
1047 2092 2092 1048
1047 2092 2092 1046
1046 2092 2092 1046
1045 2092 2092 1046
1047 2091 2091 1046
1044 2091 2091 1044
1046 2092 2092 1046
1046 2092 2092 1045
1046 2092 2092 1046
1034 2092 2092 1030
1022 2091 2091 1018
1016 2091 2091 1014
1026 2092 2092 1023
1033 2092 2092 1030
1039 2092 2092 1035
1050 2092 2092 1045
1055 2091 2091 1048
1060 2091 2091 1050
1062 2091 2091 1051
1064 2091 2089 1053
1065 2090 2088 1052
1066 2087 2089 1054
1066 2088 2087 1054
1063 2090 2087 1051
1065 2089 2089 1053
1064 2089 2091 1052
1062 2092 2092 1049
1061 2092 2092 1046
1059 2091 2091 1045
1057 2091 2091 1044
1057 2092 2092 1043
1057 2092 2092 1041
1054 2092 2092 1040
1055 2092 2092 1040
1055 2091 2091 1039
1054 2091 2091 1039
1055 2092 2092 1039
1056 2092 2092 1038
1056 2092 2092 1038
1059 2092 2092 1038
1058 2091 2091 1036
1057 2091 2091 1034
1059 2092 2092 1035
1059 2092 2092 1035
1062 2092 2092 1035
1061 2092 2092 1033
1062 2091 2091 1034
1062 2091 2091 1033
1062 2092 2092 1032
1063 2092 2092 1031
1062 2092 2092 1029
1064 2092 2092 1031
1064 2091 2091 1029
1066 2091 2091 1029
1065 2092 2092 1028
1067 2092 2092 1028
1070 2092 2092 1027
1068 2092 2092 1027
1069 2091 2091 1027
1081 2091 2091 1040
1094 2092 2092 1053
1101 2092 2092 1055
1091 2092 2092 1046
1085 2092 2092 1040
1077 2091 2091 1031
1069 2091 2091 1022
1064 2092 2092 1018
1061 2092 2092 1016
1060 2093 2093 1014
1058 2093 2095 1012
1058 2093 2095 1012
1057 2096 2094 1010
1058 2095 2096 1009
1061 2093 2096 1009
1060 2095 2095 1009
1062 2095 2093 1010
1063 2091 2091 1011
1065 2091 2091 1014
1069 2092 2092 1014
1070 2092 2092 1014
1072 2092 2092 1017
1072 2092 2092 1016
1074 2091 2091 1015
1076 2091 2091 1016
1076 2092 2092 1016
1078 2092 2092 1018
1077 2092 2092 1015
1078 2092 2092 1016
1077 2091 2091 1014
1076 2091 2091 1014
1079 2092 2092 1015
1077 2092 2092 1014
1078 2092 2092 1016
1076 2092 2092 1014
1076 2091 2091 1015
1077 2091 2091 1014
1077 2092 2092 1014
1078 2092 2092 1016
1078 2092 2092 1015
1077 2092 2092 1015
1077 2091 2091 1014
1077 2091 2091 1014
1079 2092 2092 1015
1077 2092 2092 1014
1078 2092 2092 1015
1077 2092 2092 1015
1075 2092 2091 1014
1078 2091 2091 1014
1077 2092 2092 1013
1078 2092 2092 1017
1077 2092 2092 1014
1077 2092 2092 1015
1065 2092 2091 1005
1051 2091 2091 991
1042 2092 2092 984
1043 2092 2092 984
1046 2092 2092 990
1054 2092 2092 1000
1056 2092 2091 1007
1063 2091 2091 1018
1067 2092 2092 1024
1069 2092 2092 1029
1068 2092 2092 1034
1066 2092 2092 1038
1068 2092 2091 1038
1066 2091 2091 1038
1065 2092 2092 1041
1062 2092 2092 1041
1060 2092 2092 1045
1056 2092 2092 1043
1052 2092 2092 1042
1050 2091 2091 1043
1047 2092 2092 1045
1044 2092 2092 1046
1042 2092 2092 1046
1040 2092 2092 1047
1039 2092 2092 1049
1037 2091 2091 1049
1038 2092 2092 1051
1034 2092 2092 1052
1032 2092 2092 1053
1031 2092 2092 1054
1031 2092 2092 1054
1032 2091 2091 1056
1030 2092 2092 1058
1031 2092 2092 1059
1029 2092 2092 1059
1030 2092 2092 1058
1029 2092 2092 1060
1029 2091 2091 1061
1028 2092 2092 1062
1028 2092 2092 1061
1025 2092 2092 1062
1026 2092 2092 1064
1025 2092 2092 1063
1025 2091 2091 1065
1026 2091 2092 1065
1023 2092 2092 1066
1023 2092 2092 1067
1022 2092 2092 1065
1022 2092 2092 1067
1020 2091 2091 1068
1032 2091 2092 1079
1045 2092 2092 1091
1054 2092 2092 1101
1054 2092 2092 1101
1049 2092 2092 1096
1040 2091 2091 1085
1036 2091 2092 1080
1031 2092 2092 1069
1025 2092 2092 1063
1023 2092 2092 1060
1023 2092 2092 1055
1023 2091 2091 1053
1023 2091 2092 1052
1023 2092 2092 1052
1025 2092 2092 1051
1027 2092 2092 1051
1028 2092 2092 1048
1031 2091 2091 1050
1035 2091 2091 1052
1036 2092 2092 1051
1039 2092 2092 1050
1041 2092 2092 1050
1042 2092 2092 1050
1045 2091 2091 1047
1045 2091 2091 1048
1045 2092 2092 1048
1044 2092 2092 1048
1047 2092 2092 1048
1047 2092 2092 1047
1049 2091 2091 1047
1047 2091 2091 1045
1048 2092 2092 1046
1048 2092 2092 1043
1047 2092 2092 1044
1050 2092 2092 1044
1046 2091 2091 1044
1047 2091 2091 1044
1047 2092 2092 1043
1048 2092 2092 1044
1047 2092 2092 1045
1048 2092 2092 1045
1047 2091 2091 1043
1048 2091 2091 1045
1048 2092 2092 1043
1045 2092 2092 1044
1049 2092 2092 1044
1048 2092 2092 1044
1047 2091 2091 1045
1047 2091 2091 1045
1049 2092 2092 1045
1048 2092 2092 1043
1048 2092 2092 1045
1048 2092 2092 1043
1046 2091 2091 1044
1035 2091 2091 1030
1022 2092 2092 1018
1016 2092 2092 1012
1021 2092 2092 1020
1030 2092 2092 1028
1036 2091 2091 1034
1044 2091 2091 1043
1048 2092 2092 1047
1050 2092 2092 1052
1053 2092 2092 1054
1054 2092 2092 1053
1054 2091 2091 1054
1055 2091 2091 1055
1057 2092 2092 1055
1054 2092 2092 1054
1053 2092 2092 1058
1049 2092 2092 1055
1047 2091 2091 1053
1047 2091 2091 1051
1043 2092 2092 1051
1044 2092 2092 1050
1044 2092 2092 1049
1044 2092 2092 1050
1043 2091 2091 1048
1043 2091 2091 1050
1043 2092 2092 1049
1043 2092 2092 1050
1044 2092 2092 1048
1043 2092 2092 1050
1043 2091 2091 1049
1040 2091 2091 1049
1043 2092 2092 1051
1042 2092 2092 1049
1042 2092 2092 1050
1044 2092 2092 1049
1042 2091 2091 1049
1042 2091 2091 1048
1043 2092 2092 1050
1042 2092 2092 1049
1041 2092 2092 1049
1043 2092 2092 1051
1043 2091 2091 1049
1042 2091 2091 1049
1043 2092 2092 1048
1043 2092 2092 1049
1042 2092 2092 1048
1043 2092 2092 1049
1043 2091 2091 1049
1043 2091 2091 1049
1043 2092 2092 1050
1056 2092 2092 1063
1069 2092 2092 1076
1075 2092 2092 1080
1068 2091 2091 1074
1061 2091 2091 1065
1054 2092 2092 1058
1046 2092 2092 1051
1044 2092 2092 1045
1039 2092 2092 1042
1037 2091 2091 1039
1036 2091 2091 1040
1036 2092 2092 1039
1034 2092 2092 1039
1034 2092 2092 1038
1036 2092 2092 1038
1038 2091 2091 1036
1042 2091 2091 1038
1043 2092 2092 1041
1044 2092 2092 1042
1045 2092 2092 1043
1045 2092 2092 1044
1046 2091 2091 1045
1046 2091 2091 1043
1047 2092 2092 1045
1047 2092 2092 1044
1047 2092 2092 1044
1048 2092 2092 1046
1046 2091 2091 1046
1046 2091 2091 1044
1046 2092 2092 1045
1047 2092 2092 1045
1046 2092 2092 1043
1049 2092 2092 1045
1047 2091 2091 1045
1045 2091 2091 1045
1047 2092 2092 1047
1047 2092 2092 1046
1047 2092 2092 1045
1047 2092 2092 1044
1050 2091 2091 1046
1047 2091 2091 1043
1045 2092 2092 1045
1047 2092 2092 1045
1047 2092 2092 1045
1047 2092 2092 1045
1047 2091 2091 1046
1048 2091 2091 1046
1046 2092 2092 1044
1046 2092 2092 1045
1046 2092 2092 1044
1046 2092 2092 1045
1046 2091 2091 1044
1046 2091 2091 1046
1037 2092 2092 1034
1023 2092 2092 1022
1015 2092 2092 1013
1016 2092 2092 1015
1022 2091 2091 1025
1030 2091 2091 1031
1036 2092 2092 1040
1042 2092 2092 1047
1046 2092 2092 1051
1048 2092 2092 1054
1047 2091 2091 1057
1048 2091 2091 1058
1048 2092 2092 1058
1049 2092 2092 1060
1047 2092 2092 1059
1046 2092 2092 1059
1048 2091 2091 1058
1045 2091 2091 1056
1043 2092 2092 1054
1042 2092 2092 1054
1042 2092 2092 1054
1041 2092 2092 1052
1042 2091 2091 1051
1041 2091 2091 1048
1041 2092 2092 1048
1042 2092 2092 1048
1042 2092 2092 1048
1042 2092 2092 1046
1043 2091 2091 1046
1042 2091 2091 1047
1044 2092 2092 1044
1047 2092 2092 1044
1046 2092 2092 1040
1047 2092 2092 1042
1047 2091 2091 1041
1047 2091 2091 1041
1046 2092 2092 1040
1048 2092 2092 1040
1048 2092 2092 1041
1049 2092 2092 1039
1049 2092 2091 1038
1050 2091 2091 1038
1051 2092 2092 1037
1050 2092 2092 1036
1055 2092 2092 1037
1054 2092 2092 1035
1055 2092 2091 1035
1055 2091 2091 1034
1056 2092 2092 1034
1056 2092 2092 1034
1067 2092 2092 1043
1080 2092 2092 1055
1090 2092 2091 1063
1089 2091 2091 1059
1082 2092 2092 1049
1078 2092 2092 1042
1071 2092 2092 1032
1066 2092 2092 1025
1062 2092 2092 1021
1062 2091 2091 1017
1062 2092 2092 1015
1062 2092 2092 1012
1062 2092 2092 1011
1061 2092 2092 1009
1065 2092 2092 1009
1066 2091 2091 1008
1067 2092 2092 1009
1070 2092 2092 1010
1072 2092 2092 1011
1073 2092 2092 1013
1074 2092 2092 1010
1075 2091 2091 1011
1075 2092 2092 1013
1076 2092 2092 1013
1077 2092 2092 1013
1079 2092 2092 1014
1078 2092 2092 1013
1079 2091 2091 1014
1078 2092 2092 1016
1077 2092 2092 1012
1077 2092 2092 1015
1075 2092 2092 1014
1076 2092 2092 1016
1076 2091 2091 1015
1079 2092 2092 1015
1077 2092 2092 1015
1077 2092 2092 1015
1077 2092 2092 1016
1078 2092 2092 1013
1077 2091 2091 1016
1077 2091 2092 1015
1076 2092 2092 1015
1076 2092 2092 1015
1078 2092 2092 1016
1074 2092 2092 1014
1077 2091 2091 1016
1075 2091 2092 1016
1076 2092 2092 1016
1075 2092 2092 1017
1076 2092 2092 1014
1075 2092 2092 1016
1076 2091 2091 1016
1076 2091 2092 1017
1076 2092 2092 1016
1060 2092 2092 1002
1046 2092 2092 990
1044 2092 2092 989
1049 2091 2091 994
1058 2091 2091 1002
1064 2092 2092 1009
1073 2092 2092 1017
1076 2092 2092 1022
1080 2092 2092 1027
1081 2091 2091 1030
1080 2091 2091 1030
1081 2092 2092 1032
1080 2092 2092 1032
1079 2092 2092 1033
1078 2092 2092 1031
1077 2091 2091 1029
1077 2091 2091 1029
1074 2092 2092 1028
1071 2092 2092 1026
1071 2092 2092 1027
1069 2092 2092 1028
1067 2091 2091 1027
1067 2091 2091 1028
1066 2092 2092 1028
1066 2092 2092 1026
1066 2092 2092 1029
1066 2092 2092 1029
1065 2091 2091 1029
1066 2091 2091 1030
1064 2092 2092 1031
1061 2092 2092 1032
1063 2092 2092 1034
1062 2092 2092 1033
1061 2091 2091 1033
1060 2091 2091 1035
1060 2092 2092 1034
1060 2092 2092 1035
1061 2092 2092 1035
1059 2092 2092 1035
1057 2091 2091 1036
1057 2091 2091 1038
1055 2092 2092 1038
1056 2092 2092 1039
1055 2092 2092 1039
1055 2092 2092 1039
1054 2091 2091 1040
1054 2091 2091 1041
1053 2092 2092 1041
1053 2092 2092 1042
1052 2092 2092 1043
1067 2092 2092 1058
1079 2091 2091 1071
1082 2091 2091 1073
1075 2092 2092 1069
1067 2092 2092 1060
1060 2092 2092 1054
1050 2092 2092 1045
1048 2091 2091 1042
1042 2091 2091 1037
1041 2092 2092 1035
1040 2092 2092 1035
1039 2092 2092 1035
1038 2092 2092 1037
1039 2091 2091 1035
1039 2091 2091 1038
1040 2092 2092 1039
1040 2092 2092 1041
1042 2092 2092 1043
1046 2092 2092 1045
1045 2091 2091 1044
1045 2091 2091 1045
1045 2092 2092 1046
1046 2092 2092 1045
1045 2092 2092 1048
1046 2092 2092 1046
1045 2091 2091 1047
1045 2091 2091 1046
1046 2092 2092 1047
1044 2092 2092 1046
1046 2092 2092 1046
1045 2092 2092 1046
1046 2091 2091 1045
1045 2091 2091 1048
1046 2092 2092 1046
1045 2092 2092 1046
1045 2092 2092 1046
1045 2092 2092 1047
1044 2091 2091 1046
1047 2091 2091 1048
1045 2092 2092 1046
1047 2092 2092 1046
1046 2092 2092 1046
1046 2092 2092 1045
1046 2091 2091 1048
1046 2091 2091 1046
1045 2092 2092 1047
1045 2092 2092 1046
1046 2092 2092 1047
1044 2092 2092 1046
1046 2091 2091 1047
1045 2091 2091 1047
1045 2092 2092 1046
1044 2092 2092 1048
1036 2092 2092 1035
1022 2092 2092 1023
1013 2091 2091 1014
1015 2091 2091 1017
1021 2092 2092 1024
1030 2092 2092 1032
1035 2092 2092 1038
1043 2092 2092 1045
1047 2091 2091 1050
1052 2091 2091 1051
1052 2092 2092 1054
1054 2092 2092 1055
1054 2092 2092 1056
1053 2092 2092 1055
1053 2091 2091 1055
1051 2091 2091 1054
1053 2092 2092 1055
1050 2092 2092 1051
1049 2092 2092 1050
1047 2092 2092 1049
1048 2091 2091 1046
1046 2091 2091 1047
1047 2092 2092 1046
1048 2092 2092 1046
1045 2092 2092 1046
1046 2092 2092 1048
1045 2091 2091 1046
1046 2091 2091 1046
1044 2092 2092 1046
1046 2092 2092 1044
1046 2092 2092 1045
1046 2092 2092 1045
1048 2091 2091 1045
1047 2091 2091 1045
1047 2092 2092 1047
1045 2092 2092 1044
1047 2092 2092 1046
1045 2092 2092 1046
1047 2091 2091 1046
1046 2091 2091 1045
1047 2092 2092 1043
1047 2092 2092 1044
1047 2092 2092 1045
1049 2092 2092 1045
1047 2091 2091 1044
1047 2091 2091 1046
1046 2092 2092 1044
1048 2092 2092 1044
1047 2092 2092 1044
1049 2092 2092 1043
1057 2091 2091 1054
1070 2091 2091 1068
1080 2092 2092 1077
1078 2092 2092 1074
1071 2092 2092 1068
1063 2092 2092 1059
1057 2091 2091 1054
1049 2091 2091 1046
1045 2092 2092 1042
1039 2092 2092 1038
1040 2092 2092 1037
1040 2092 2092 1036
1038 2091 2091 1035
1039 2091 2091 1038
1039 2092 2092 1036
1040 2092 2092 1037
1038 2092 2092 1037
1042 2092 2092 1041
1042 2091 2091 1041
1045 2091 2091 1043
1045 2092 2092 1044
1045 2092 2092 1045
1046 2092 2092 1047
1044 2092 2092 1046
1047 2091 2091 1046
1046 2091 2091 1044
1046 2092 2092 1046
1045 2092 2092 1045
1047 2092 2092 1046
1046 2092 2092 1045
1045 2092 2091 1047
1047 2091 2091 1048
1044 2092 2092 1047
1045 2092 2092 1047
1044 2092 2092 1046
1045 2092 2092 1048
1044 2092 2091 1046
1045 2091 2091 1047
1045 2092 2092 1046
1045 2092 2092 1047
1045 2092 2092 1047
1044 2092 2092 1048
1045 2092 2091 1048
1042 2091 2091 1047
1044 2092 2092 1048
1044 2092 2092 1046
1045 2092 2092 1048
1044 2092 2092 1047
1045 2092 2092 1047
1045 2091 2091 1047
1045 2092 2092 1047
1045 2092 2092 1048
1044 2092 2092 1047
1045 2092 2092 1048
1032 2092 2092 1035
1020 2091 2091 1023
1013 2092 2092 1015
1023 2092 2092 1025
1030 2092 2092 1032
1038 2092 2092 1039
1044 2092 2092 1047
1048 2091 2091 1052
1054 2092 2092 1055
1054 2092 2092 1055
1056 2092 2092 1057
1055 2089 2090 1061
1057 2089 2090 1060
1058 2090 2088 1058
1060 2090 2090 1058
1058 2092 2090 1056
1059 2090 2092 1055
1058 2092 2092 1053
1056 2092 2092 1049
1059 2091 2091 1049
1056 2092 2092 1048
1057 2092 2092 1047
1056 2092 2092 1046
1058 2092 2092 1046
1058 2092 2092 1044
1057 2091 2091 1044
1057 2091 2092 1042
1056 2092 2092 1040
1057 2092 2092 1041
1057 2092 2092 1039
1058 2092 2092 1038
1058 2091 2091 1037
1059 2091 2092 1037
1060 2092 2092 1036
1061 2092 2092 1035
1062 2092 2092 1034
1063 2092 2092 1033
1065 2091 2091 1033
1066 2091 2092 1030
1068 2092 2092 1030
1068 2092 2092 1030
1071 2092 2092 1028
1071 2092 2092 1026
1072 2091 2091 1026
1073 2091 2091 1025
1073 2092 2092 1024
1076 2092 2092 1024
1077 2092 2092 1021
1077 2092 2092 1020
1078 2091 2091 1019
1091 2091 2091 1028
1106 2092 2092 1041
1116 2092 2092 1047
1106 2092 2092 1037
1100 2092 2092 1027
1094 2091 2091 1020
1088 2091 2091 1011
1086 2092 2092 1004
1081 2092 2092 1000
1082 2092 2092 998
1081 2092 2092 995
1082 2094 2093 990
1085 2094 2093 989
1083 2093 2095 989
1083 2094 2094 990
1085 2092 2094 990
1086 2094 2092 990
1090 2091 2091 990
1091 2091 2091 991
1090 2092 2092 991
1093 2092 2092 991
1094 2092 2092 992
1098 2092 2092 990
1097 2091 2091 990
1097 2091 2091 989
1099 2092 2092 989
1101 2092 2092 990
1103 2092 2092 989
1103 2092 2092 988
1105 2091 2091 988
1106 2091 2091 988
1105 2092 2092 987
1107 2092 2092 988
1107 2092 2092 988
1106 2092 2092 987
1107 2091 2091 987
1106 2091 2091 986
1106 2092 2092 985
1106 2092 2092 986
1107 2092 2092 986
1107 2092 2092 986
1106 2091 2091 986
1106 2091 2091 986
1105 2092 2092 986
1106 2092 2092 986
1106 2092 2092 986
1105 2092 2092 985
1105 2091 2091 985
1106 2091 2091 985
1107 2092 2092 985
1107 2092 2092 985
1106 2092 2092 986
1104 2092 2092 987
1097 2091 2091 976
1083 2091 2091 965
1071 2092 2092 954
1070 2092 2092 954
1072 2092 2092 958
1085 2092 2092 967
1090 2091 2091 971
1098 2091 2091 979
1104 2092 2092 985
1104 2092 2092 991
1108 2092 2092 993
1109 2092 2092 994
1110 2091 2091 997
1107 2091 2091 998
1106 2091 2092 1000
1105 2092 2092 998
1104 2092 2092 1000
1104 2092 2092 1001
1101 2091 2091 998
1096 2091 2091 998
1096 2092 2092 998
1095 2092 2092 998
1093 2092 2092 998
1092 2092 2092 997
1089 2091 2091 999
1088 2091 2091 999
1086 2092 2092 1001
1085 2092 2092 1001
1084 2092 2092 1003
1083 2092 2092 1002
1082 2091 2091 1002
1080 2091 2091 1007
1080 2092 2092 1006
1078 2092 2092 1008
1077 2092 2092 1009
1076 2092 2092 1010
1074 2091 2091 1011
1072 2091 2091 1011
1072 2092 2092 1014
1071 2092 2092 1014
1070 2092 2092 1015
1070 2092 2092 1016
1068 2091 2091 1017
1067 2091 2091 1019
1066 2092 2092 1021
1065 2092 2092 1025
1062 2092 2092 1025
1061 2092 2092 1028
1059 2091 2091 1028
1058 2091 2091 1029
1066 2092 2092 1042
1078 2092 2092 1055
1088 2092 2092 1069
1087 2092 2092 1070
1082 2091 2091 1068
1068 2091 2091 1060
1061 2092 2092 1057
1052 2092 2092 1052
1044 2092 2092 1048
1041 2092 2092 1047
1036 2091 2091 1045
1033 2091 2091 1044
1030 2092 2092 1043
1031 2092 2092 1044
1029 2093 2092 1043
1029 2092 2092 1046
1031 2091 2091 1048
1027 2091 2091 1046
1030 2092 2092 1049
1031 2092 2092 1052
1031 2092 2092 1053
1030 2092 2092 1054
1032 2091 2091 1055
1032 2091 2091 1057
1033 2092 2092 1056
1035 2092 2092 1059
1033 2092 2092 1057
1034 2092 2092 1058
1034 2091 2091 1058
1033 2091 2091 1059
1033 2092 2092 1058
1034 2092 2092 1057
1033 2092 2092 1059
1034 2092 2092 1058
1035 2091 2091 1060
1034 2091 2091 1058
1034 2092 2092 1058
1034 2092 2092 1058
1034 2092 2092 1057
1033 2092 2092 1059
1034 2091 2091 1059
1032 2091 2091 1059
1033 2092 2092 1059
1035 2092 2092 1060
1033 2092 2092 1058
1033 2092 2092 1056
1034 2091 2091 1056
1034 2091 2091 1056
1034 2092 2092 1055
1034 2092 2092 1054
1034 2092 2092 1053
1035 2092 2092 1053
1038 2091 2091 1053
1037 2091 2091 1051
1029 2092 2092 1042
1018 2092 2092 1029
1009 2092 2092 1019
1008 2092 2092 1018
1011 2091 2091 1019
1017 2091 2091 1024
1024 2092 2092 1032
1030 2092 2092 1039
1035 2092 2092 1045
1040 2092 2092 1050
1043 2091 2091 1055
1045 2091 2091 1057
1045 2092 2092 1057
1046 2092 2092 1060
1044 2092 2092 1060
1044 2092 2092 1060
1043 2092 2091 1060
1041 2091 2091 1061
1039 2092 2092 1060
1038 2092 2092 1059
1037 2092 2092 1057
1036 2092 2092 1055
1036 2092 2091 1056
1035 2091 2091 1057
1035 2092 2092 1056
1036 2092 2092 1056
1035 2092 2092 1058
1035 2092 2092 1056
1035 2092 2091 1057
1035 2091 2091 1057
1035 2092 2092 1055
1035 2092 2092 1057
1034 2092 2092 1058
1035 2092 2092 1057
