-nan -nan
1.000 1.000
1.000 1.000
0.975 0.977
0.787 0.839
0.805 0.828
0.866 0.869
0.882 0.891
0.867 0.876
0.891 0.894
0.885 0.888
0.900 0.903
0.903 0.900
0.891 0.897
0.903 0.900
0.900 0.900
0.894 0.900
0.900 0.897
0.903 0.900
0.908 0.908
0.894 0.894
0.900 0.900
0.903 0.900
0.891 0.897
0.903 0.900
0.900 0.903
0.903 0.900
0.900 0.900
0.894 0.900
0.908 0.897
0.894 0.900
0.900 0.903
0.903 0.900
0.900 0.900
0.894 0.900
0.900 0.903
0.903 0.894
0.900 0.903
0.903 0.900
0.900 0.900
0.894 0.900
0.900 0.897
0.903 0.906
0.900 0.897
0.903 0.900
0.900 0.900
0.894 0.900
0.900 0.897
0.903 0.900
0.900 0.903
0.903 0.906
0.900 0.894
0.903 0.900
0.891 0.897
0.903 0.900
0.900 0.903
0.903 0.900
0.900 0.900
0.894 0.900
0.900 0.897
0.911 0.900
0.891 0.903
0.903 0.900
0.900 0.900
0.894 0.900
0.900 0.897
0.903 0.900
0.908 0.903
0.894 1.000
0.900 0.500
0.894 0.500
0.900 0.888
0.903 0.872
0.900 0.911
0.903 0.642
0.900 0.900
0.894 0.900
0.900 0.897
0.903 0.900
0.900 0.903
0.903 0.906
0.900 0.894
0.894 0.900
0.908 0.903
0.894 0.894
0.900 0.903
0.903 0.900
0.900 0.996
0.894 0.500
0.900 0.500
0.911 0.998
0.891 0.704
0.903 0.683
0.900 0.900
0.894 0.900
0.900 0.897
0.903 0.900
0.900 0.903
0.903 0.900
0.900 0.900
0.903 0.900
0.825 0.851
0.876 0.882
0.882 0.891
0.902 0.900
0.939 0.927
0.970 0.944
0.944 0.930
0.954 0.933
0.947 0.930
0.910 0.911
0.915 0.901
0.892 0.903
0.898 0.897
0.893 0.898
0.900 0.897
0.875 0.888
0.882 0.881
0.893 0.900
0.900 0.897
0.894 0.894
0.891 0.897
0.894 0.894
0.891 0.894
0.902 0.900
0.890 0.896
0.894 0.900
0.908 0.902
0.902 0.905
0.907 0.906
0.919 0.900
0.882 0.897
0.911 0.900
0.900 0.908
0.893 0.900
0.900 0.894
0.902 0.900
0.908 0.908
0.885 0.888
0.900 0.902
0.902 0.906
0.907 0.900
0.885 0.894
0.908 0.902
0.902 0.900
0.900 0.902
0.893 0.900
0.900 0.893
0.911 0.906
0.891 0.902
0.902 0.900
0.891 0.891
0.910 0.905
0.891 0.894
0.894 0.900
0.907 0.902
0.903 0.900
0.898 0.901
0.894 0.900
0.900 0.893
0.902 0.900
0.900 0.902
0.894 0.894
0.900 0.908
0.902 0.900
0.908 0.900
0.894 0.894
0.891 0.897
0.894 0.572
0.900 0.500
0.894 0.500
0.900 0.683
0.911 0.701
0.900 0.907
0.902 0.898
0.900 0.902
0.903 0.900
0.900 0.900
0.902 0.900
0.900 0.908
0.903 0.894
0.900 0.902
0.894 0.900
0.900 0.894
0.911 0.906
0.890 0.896
0.894 0.894
0.907 0.908
0.894 0.900
0.900 0.894
0.902 0.900
0.900 0.902
0.903 0.906
0.900 0.897
0.893 0.893
0.908 0.900
0.894 0.900
0.890 0.896
0.911 0.906
0.900 0.902
0.894 0.900
0.900 0.893
0.894 0.900
0.916 0.907
0.894 0.894
0.701 0.872
0.787 0.498
0.891 0.499
0.910 0.787
0.966 0.706
0.954 0.946
0.957 0.937
0.960 0.938
0.946 0.925
0.918 0.921
0.908 0.907
0.918 0.898
0.900 0.908
0.882 0.888
0.889 0.892
0.882 0.888
0.875 0.885
0.891 0.893
0.894 0.894
0.890 0.893
0.903 0.900
0.890 0.896
0.894 0.900
0.907 0.901
0.903 0.900
0.900 0.898
0.894 0.894
0.900 0.902
0.902 0.900
0.900 0.903
0.902 0.900
0.900 0.900
0.894 0.894
0.900 0.902
0.902 0.905
0.900 0.891
0.902 0.906
0.900 0.900
0.894 0.894
0.908 0.908
0.885 0.893
0.907 0.902
0.894 0.894
0.900 0.900
0.903 0.906
0.906 0.896
0.894 0.900
0.900 0.902
0.894 0.894
0.900 0.900
0.902 0.906
0.900 0.897
0.902 0.900
0.900 0.902
0.903 0.906
0.898 0.893
0.911 0.911
0.882 0.885
0.902 0.911
0.900 0.891
0.894 0.894
0.908 0.906
0.894 0.894
0.900 0.902
0.894 0.900
0.908 0.902
0.902 0.900
0.900 0.900
0.894 0.900
0.916 0.907
0.876 0.888
0.908 0.908
0.902 0.893
0.891 0.894
0.902 0.905
0.900 0.897
0.902 0.900
0.891 0.897
0.911 0.906
0.890 0.893
0.903 0.906
0.900 0.897
0.902 0.900
0.900 0.902
0.902 0.906
0.900 0.500
0.910 0.498
0.882 0.499
0.903 0.726
0.900 0.899
0.894 0.666
0.907 0.905
0.894 0.894
0.900 0.902
0.894 0.900
0.908 0.903
0.893 0.893
0.908 0.906
0.894 0.900
0.900 0.897
0.902 0.900
0.908 0.908
0.894 0.894
0.907 0.905
0.693 0.754
0.764 0.794
0.919 0.911
0.983 0.951
0.954 0.939
0.964 0.943
0.966 0.939
0.939 0.938
0.919 0.924
0.917 0.911
0.919 0.926
0.900 0.897
0.919 0.911
0.873 0.891
0.894 0.888
0.890 0.896
0.857 0.869
0.882 0.885
0.876 0.894
0.891 0.888
0.903 0.900
0.891 0.897
0.903 0.900
0.900 0.913
0.893 0.992
0.916 0.498
0.894 0.500
0.908 0.641
0.894 0.666
0.900 0.666
0.894 0.570
0.908 0.906
0.894 0.900
0.900 0.896
0.911 0.911
0.890 0.889
0.903 0.906
0.900 0.894
0.902 0.905
0.891 0.891
0.910 0.911
0.891 0.891
0.903 0.906
0.900 0.894
0.894 0.900
0.908 0.902
0.893 0.893
0.891 0.897
0.902 0.900
0.908 0.906
0.894 0.900
0.900 0.902
0.902 0.894
0.907 0.907
0.885 0.888
0.908 0.906
0.894 0.900
0.900 0.897
0.903 0.900
0.900 0.902
0.903 0.900
0.900 0.900
0.894 0.900
0.900 0.897
0.902 0.900
0.900 0.902
0.903 0.718
0.890 0.655
0.919 0.654
0.882 0.503
0.910 0.420
0.882 0.558
0.911 0.672
0.900 0.663
0.893 0.893
0.900 0.903
0.902 0.900
0.900 0.902
0.902 0.900
0.900 0.900
0.893 0.893
0.900 0.908
0.893 0.894
0.916 0.907
0.885 0.888
0.908 0.906
0.894 0.894
0.900 0.902
0.903 0.906
0.900 0.896
0.903 0.906
0.898 0.893
0.894 0.900
0.900 0.897
0.902 0.900
0.891 0.897
0.911 0.911
0.890 0.888
0.919 0.906
0.882 0.897
0.902 0.900
0.900 0.903
0.903 0.900
0.754 0.791
0.694 0.735
0.891 0.897
0.976 0.947
0.959 0.940
0.954 0.883
0.970 0.708
0.942 0.690
0.932 0.553
0.927 0.681
0.908 0.672
0.919 0.696
0.900 0.554
0.893 0.666
0.900 0.636
0.902 0.900
0.900 0.900
0.876 0.882
0.873 0.891
0.876 0.882
0.900 0.897
0.894 0.900
0.900 0.894
0.903 0.900
0.891 0.897
0.903 0.900
0.891 0.897
0.903 0.900
0.907 0.905
0.894 0.894
0.900 0.903
0.894 0.894
0.900 0.903
0.893 0.900
0.900 0.894
0.919 0.911
0.890 0.896
0.903 0.900
0.891 0.897
0.903 0.900
0.907 0.906
0.894 0.894
0.900 0.908
0.894 0.894
0.908 0.903
0.894 0.894
0.900 0.900
0.919 0.911
0.882 0.891
0.903 0.900
0.891 0.897
0.903 0.900
0.916 0.906
0.885 0.894
0.900 0.903
0.900 0.900
0.903 0.903
0.900 0.900
0.894 0.894
0.908 0.906
0.894 0.894
0.900 0.903
0.894 0.894
0.900 0.903
0.911 0.911
0.891 0.888
0.903 0.906
0.891 0.897
0.903 0.900
0.917 0.908
0.885 0.888
0.908 0.906
0.885 0.888
0.908 0.908
0.911 0.911
0.891 0.885
0.903 0.906
0.882 0.906
0.911 0.672
0.917 0.677
0.876 0.656
0.908 0.653
0.885 0.619
0.908 0.916
0.919 0.677
0.882 0.661
0.903 0.667
0.891 0.648
0.903 0.629
0.924 0.916
0.876 0.888
0.900 0.897
0.894 0.894
0.900 0.903
0.927 0.911
0.882 0.894
0.894 0.900
0.900 0.897
0.903 0.900
0.908 0.914
0.894 0.888
0.900 0.900
0.894 0.888
0.774 0.835
0.674 0.694
0.795 0.828
0.911 0.906
0.932 0.915
0.966 0.947
0.952 0.937
0.960 0.934
0.959 0.946
0.941 0.929
0.932 0.921
0.927 0.911
0.908 0.903
0.902 0.905
0.898 0.902
0.911 0.911
0.881 0.887
0.894 0.894
0.873 0.809
0.875 0.642
0.882 0.661
0.894 0.552
0.891 0.661
0.902 0.666
0.900 0.483
0.885 0.654
0.924 0.672
0.885 0.746
0.908 0.624
0.894 0.900
0.908 0.908
0.894 0.894
0.900 0.903
0.911 0.911
0.891 0.888
0.911 0.906
0.891 0.897
0.903 0.900
0.891 0.897
0.903 0.900
0.891 0.894
0.911 0.906
0.900 0.908
0.894 0.894
0.917 0.903
0.885 0.894
0.908 0.906
0.885 0.888
0.908 0.908
0.894 0.894
0.900 0.903
0.911 0.906
0.891 0.894
0.919 0.906
0.882 0.897
0.903 0.900
0.891 0.897
0.911 0.906
0.882 0.888
0.911 0.906
0.900 0.903
0.894 0.900
0.917 0.923
0.885 0.656
0.908 0.672
0.894 0.661
0.900 0.743
0.894 0.469
0.900 0.667
0.911 0.672
0.891 0.750
0.911 0.620
0.891 0.897
0.903 0.900
0.891 0.897
0.903 0.900
0.891 0.894
0.911 0.906
0.900 0.903
0.894 0.900
0.917 0.908
0.894 0.894
0.900 0.900
0.885 0.888
0.908 0.908
0.894 0.894
0.900 0.903
0.903 0.906
0.900 0.894
0.919 0.911
0.882 0.891
0.903 0.900
0.891 0.897
0.911 0.906
0.882 0.888
0.911 0.906
0.900 0.903
0.894 0.900
0.917 0.908
0.885 0.888
0.908 0.906
0.894 0.894
0.900 0.903
0.894 0.894
0.824 0.855
0.684 0.726
0.783 0.583
0.922 0.672
0.966 0.707
0.953 0.789
0.957 0.480
0.966 0.705
0.946 0.694
0.933 0.571
0.923 0.680
0.910 0.675
0.908 0.568
0.893 0.900
0.915 0.909
0.885 0.888
0.900 0.902
0.894 0.898
0.864 0.871
0.885 0.888
0.882 0.888
0.902 0.905
0.882 0.885
0.911 0.900
0.900 0.908
0.885 0.887
0.891 0.894
0.894 0.900
0.900 0.903
0.894 0.888
0.900 0.903
0.911 0.906
0.900 0.900
0.902 0.900
0.900 0.903
0.911 0.906
0.891 0.897
0.911 0.906
0.900 0.905
0.894 0.894
0.900 0.896
0.903 0.900
0.900 0.902
0.894 0.894
0.908 0.920
0.894 0.666
0.900 0.661
0.894 0.666
0.900 0.744
0.911 0.572
0.891 0.910
0.903 0.667
0.898 0.670
0.903 0.667
0.890 0.737
0.894 0.570
0.908 0.900
0.901 0.905
0.900 0.897
0.893 0.894
0.908 0.903
0.893 0.898
0.891 0.894
0.911 0.906
0.898 0.907
0.894 0.894
0.900 0.897
0.903 0.900
0.900 0.900
0.894 0.894
0.908 0.908
0.910 0.905
0.891 0.891
0.902 0.906
0.891 0.894
0.902 0.900
0.900 0.903
0.902 0.900
0.907 0.907
0.894 0.894
0.890 0.893
0.903 0.900
0.900 0.902
0.894 0.900
0.908 0.902
0.901 0.905
0.900 0.894
0.894 0.916
0.900 0.661
0.902 0.666
0.891 0.667
0.902 0.756
0.907 0.566
0.902 0.915
0.890 0.665
0.894 0.667
0.908 0.666
0.891 0.742
0.902 0.568
0.908 0.905
0.894 0.897
0.900 0.900
0.903 0.900
0.900 0.902
0.724 0.772
0.682 0.725
0.857 0.855
0.932 0.929
0.976 0.947
0.946 0.938
0.961 0.939
0.959 0.940
0.948 0.925
0.930 0.928
0.910 0.911
0.916 0.908
0.902 0.900
0.891 0.894
0.894 0.900
0.891 0.891
0.911 0.905
0.864 0.878
0.885 0.894
0.891 0.888
0.903 0.900
0.891 0.897
0.894 0.894
0.907 0.907
0.885 0.888
0.908 0.905
0.885 0.904
0.908 0.672
0.903 0.667
0.891 0.667
0.903 0.556
0.908 0.672
0.902 0.580
0.891 0.665
0.903 0.667
0.891 0.661
0.911 0.763
0.900 0.560
0.894 0.900
0.900 0.891
0.894 0.906
0.900 0.902
0.903 0.894
0.908 0.911
0.894 0.894
0.900 0.897
0.894 0.900
0.900 0.903
0.894 0.894
0.917 0.906
0.894 0.894
0.900 0.903
0.911 0.911
0.882 0.885
0.911 0.911
0.891 0.888
0.903 0.906
0.900 0.897
0.903 0.900
0.891 0.897
0.894 0.900
0.917 0.906
0.885 0.888
0.908 0.908
0.894 0.900
0.900 0.897
0.894 0.900
0.917 0.906
0.894 0.894
0.900 0.902
0.910 0.911
0.882 0.808
0.911 0.676
0.900 0.661
0.894 0.743
0.900 0.569
0.894 0.672
0.900 0.661
0.903 0.667
0.908 0.506
0.894 0.888
0.917 0.908
0.876 0.894
0.908 0.903
0.885 0.894
0.908 0.900
0.894 0.894
0.908 0.908
0.902 0.900
0.891 0.897
0.911 0.906
0.891 0.894
0.903 0.906
0.900 0.891
0.903 0.906
0.891 0.897
0.903 0.900
0.900 0.900
0.903 0.900
0.916 0.913
0.876 0.888
0.908 0.903
0.894 0.894
0.908 0.906
0.634 0.673
0.754 0.794
0.894 0.894
0.939 0.929
0.977 0.951
0.946 0.931
0.961 0.940
0.953 0.938
0.942 0.926
0.932 0.923
0.903 0.815
0.916 0.672
0.903 0.677
0.900 0.742
0.894 0.560
0.917 0.672
0.885 0.660
0.873 0.644
0.894 0.552
0.882 0.661
0.894 0.605
0.900 0.897
0.894 0.900
0.891 0.888
0.903 0.900
0.900 0.903
0.903 0.900
0.907 0.907
0.885 0.888
0.908 0.900
0.894 0.900
0.900 0.908
0.894 0.894
0.916 0.903
0.885 0.894
0.908 0.906
0.894 0.900
0.900 0.897
0.910 0.905
0.882 0.891
0.911 0.900
0.891 0.900
0.903 0.906
0.900 0.897
0.911 0.900
0.882 0.897
0.911 0.900
0.891 0.900
0.903 0.900
0.900 0.902
0.902 0.900
0.891 0.897
0.903 0.900
0.908 0.809
0.885 0.656
0.917 0.672
0.885 0.752
0.900 0.600
0.903 0.900
0.900 0.793
0.902 0.671
0.900 0.665
0.894 0.743
0.900 0.606
0.911 0.906
0.891 0.888
0.911 0.911
0.882 0.891
0.903 0.906
0.900 0.897
0.894 0.900
0.916 0.905
0.894 0.894
0.900 0.903
0.894 0.900
0.908 0.903
0.885 0.894
0.917 0.906
0.894 0.894
0.900 0.902
0.894 0.894
0.900 0.903
0.911 0.911
0.891 0.888
0.902 0.906
0.900 0.897
0.903 0.900
0.891 0.897
0.911 0.911
0.882 0.882
0.902 0.900
0.891 0.897
0.903 0.900
0.890 0.901
0.903 0.894
0.907 0.905
0.894 0.776
0.900 0.672
0.894 0.660
0.916 0.748
0.876 0.600
0.907 0.900
0.894 0.788
0.854 0.655
0.644 0.445
0.815 0.681
0.967 0.651
0.987 0.958
0.942 0.926
0.965 0.946
0.961 0.935
0.939 0.929
0.942 0.935
0.908 0.900
0.894 0.902
0.917 0.900
0.903 0.914
0.891 0.900
0.894 0.894
0.917 0.908
0.876 0.894
0.844 0.862
0.875 0.881
0.900 0.897
0.903 0.900
0.882 0.891
0.894 0.894
0.891 0.894
0.903 0.900
0.891 0.897
0.902 0.900
0.908 0.908
0.894 0.894
0.900 0.900
0.894 0.894
0.900 0.903
0.910 0.911
0.891 0.891
0.908 0.906
0.894 0.894
0.900 0.900
0.902 0.665
0.900 0.667
0.903 0.667
0.891 0.510
0.902 0.900
0.900 0.900
0.894 0.900
0.907 0.901
0.894 0.894
0.908 0.908
0.893 0.888
0.900 0.905
0.894 0.900
0.908 0.903
0.903 0.906
0.890 0.889
0.902 0.906
0.900 0.894
0.894 0.900
0.916 0.914
0.894 0.888
0.891 0.897
0.894 0.894
0.908 0.906
0.893 0.898
0.900 0.897
0.911 0.911
0.890 0.891
0.902 0.900
0.891 0.894
0.903 0.906
0.916 0.874
0.876 0.655
0.908 0.667
0.894 0.539
0.908 0.906
0.909 0.898
0.882 0.897
0.911 0.906
0.891 0.897
0.911 0.906
0.891 0.894
0.911 0.906
0.916 0.908
0.885 0.736
0.908 0.677
0.885 0.656
0.908 0.526
0.910 0.906
0.891 0.891
0.902 0.906
0.882 0.891
0.911 0.906
0.882 0.894
0.902 0.893
0.907 0.907
0.894 0.894
0.891 0.897
0.894 0.894
0.908 0.906
0.911 0.905
0.882 0.891
0.903 0.900
0.900 0.897
0.903 0.911
0.900 0.900
0.634 0.662
0.743 0.785
0.894 0.893
0.946 0.929
0.977 0.954
0.946 0.931
0.961 0.940
0.953 0.948
0.942 0.694
0.932 0.686
0.910 0.665
0.915 0.738
0.894 0.564
0.900 0.897
0.911 0.906
0.900 0.902
0.902 0.900
0.854 0.875
0.893 0.893
0.891 0.891
0.885 0.894
0.891 0.891
0.903 0.793
0.882 0.661
0.902 0.661
0.908 0.537
0.876 0.882
0.908 0.903
0.894 0.894
0.908 0.906
0.894 0.894
0.900 0.903
0.903 0.900
0.900 0.903
0.919 0.911
0.882 0.888
0.911 0.900
0.882 0.897
0.903 0.900
0.900 0.903
0.903 0.900
0.891 0.900
0.903 0.900
0.917 0.914
0.885 0.888
0.908 0.903
0.894 0.894
0.900 0.900
0.894 0.894
0.900 0.903
0.894 0.915
0.908 0.667
0.911 0.681
0.891 0.650
0.903 0.727
0.891 0.574
0.911 0.906
0.882 0.891
0.911 0.911
0.891 0.888
0.903 0.906
0.908 0.914
0.894 0.882
0.908 0.908
0.894 0.894
0.900 0.900
0.894 0.836
0.908 0.667
0.885 0.661
0.908 0.534
0.903 0.911
0.900 0.888
0.911 0.906
0.882 0.891
0.911 0.906
0.891 0.897
0.903 0.900
0.891 0.894
0.903 0.906
0.908 0.908
0.894 0.888
0.908 0.908
0.894 0.894
0.900 0.900
0.894 0.894
0.900 0.903
0.894 0.900
0.908 0.903
0.903 0.906
0.900 0.894
0.911 0.906
0.891 0.891
0.903 0.906
0.882 0.891
0.911 0.708
0.891 0.656
0.903 0.672
0.908 0.725
0.894 0.596
0.917 0.908
0.885 0.894
0.900 0.900
0.894 0.900
0.833 0.863
0.654 0.684
0.805 0.819
0.967 0.948
0.980 0.955
0.948 0.935
0.965 0.942
0.961 0.909
0.946 0.695
0.955 0.694
0.890 0.544
0.911 0.911
0.924 0.920
0.919 0.923
0.898 0.897
0.885 0.894
0.885 0.897
0.853 0.881
0.864 0.869
0.893 0.888
0.864 0.885
0.894 0.894
0.891 0.903
0.885 0.888
0.882 0.888
0.903 0.894
0.900 0.908
0.885 0.888
0.908 0.903
0.894 0.894
0.908 0.906
0.894 0.900
0.900 0.897
0.911 0.911
0.900 0.891
0.894 0.906
0.900 0.894
0.902 0.900
0.916 0.908
0.885 0.894
0.900 0.902
0.894 0.900
0.900 0.894
0.909 0.903
0.891 0.897
0.911 0.906
0.890 0.896
0.894 0.900
0.900 0.894
0.903 0.900
0.907 0.907
0.894 0.894
0.900 0.902
0.894 0.894
0.900 0.900
0.910 0.909
0.900 0.897
0.903 0.900
0.890 0.896
0.894 0.900
0.900 0.893
0.903 0.900
0.908 0.914
0.885 0.888
0.908 0.902
0.894 0.661
0.908 0.672
0.902 0.671
0.891 0.643
0.902 0.655
0.900 0.897
0.894 0.900
0.915 0.906
0.885 0.888
0.908 0.908
0.894 0.888
0.900 0.908
0.900 0.905
0.894 0.888
0.908 0.906
0.894 0.891
0.900 0.906
0.894 0.900
0.908 0.903
0.902 0.900
0.891 0.894
0.911 0.892
0.882 0.661
0.911 0.672
0.900 0.676
0.894 0.611
0.917 0.637
0.885 0.888
0.908 0.908
0.885 0.893
0.908 0.903
0.911 0.900
0.882 0.893
0.911 0.900
0.882 0.897
0.911 0.906
0.898 0.901
0.894 0.900
0.908 0.900
0.624 0.673
0.744 0.776
0.894 0.871
0.932 0.686
0.976 0.708
0.946 0.698
0.966 0.660
0.959 0.652
0.947 0.929
0.937 0.926
0.911 0.906
0.908 0.911
0.902 0.900
0.898 0.897
0.894 0.900
0.898 0.897
0.892 0.901
0.873 0.869
0.876 0.888
0.890 0.891
0.894 0.894
0.900 0.896
0.885 0.908
0.891 0.661
0.894 0.666
0.900 0.666
0.894 0.753
0.907 0.565
0.902 0.894
0.890 0.900
0.903 0.900
0.900 0.903
0.903 0.900
0.908 0.908
0.894 0.900
0.900 0.894
0.911 0.911
0.900 0.896
0.894 0.894
0.900 0.903
0.903 0.900
0.891 0.894
0.902 0.900
0.908 0.908
0.894 0.894
0.908 0.908
0.893 0.898
0.900 0.893
0.902 0.894
0.891 0.903
0.903 0.900
0.900 0.903
0.903 0.900
0.891 0.894
0.910 0.911
0.898 0.896
0.894 0.900
0.900 0.897
0.903 0.900
0.891 0.894
0.902 0.900
0.908 0.908
0.894 0.894
0.908 0.903
0.885 0.900
0.908 0.900
0.902 0.900
0.891 0.897
0.894 0.894
0.908 0.908
0.903 0.900
0.891 0.894
0.911 0.906
0.891 0.897
0.903 0.900
0.900 0.902
0.894 0.900
0.907 0.894
0.894 0.900
0.900 0.908
0.903 0.894
0.908 0.908
0.885 0.894
0.908 0.900
0.894 0.894
0.908 0.908
0.894 0.894
0.900 0.902
0.910 0.900
0.891 0.894
0.902 0.914
0.891 0.661
0.903 0.672
0.900 0.661
0.903 0.704
0.891 0.897
0.911 0.572
0.900 0.902
0.894 0.894
0.908 0.913
0.885 0.888
0.917 0.900
0.885 0.894
0.825 0.865
0.654 0.684
0.805 0.828
0.949 0.931
0.984 0.955
0.949 0.930
0.959 0.946
0.955 0.705
0.946 0.695
0.942 0.694
0.900 0.699
0.919 0.901
0.908 0.560
0.894 0.906
0.891 0.897
0.902 0.894
0.900 0.900
0.857 0.876
0.882 0.891
0.876 0.882
0.900 0.897
0.903 0.906
0.882 0.888
0.902 0.745
0.890 0.671
0.902 0.672
0.900 0.866
0.911 0.872
0.882 0.550
0.903 0.900
0.908 0.908
0.894 0.894
0.891 0.903
0.902 0.900
0.917 0.906
0.885 0.888
0.908 0.903
0.894 0.905
0.891 0.891
0.903 0.906
0.900 0.894
0.902 0.900
0.891 0.903
0.919 0.676
0.890 0.670
0.894 0.661
0.900 0.661
0.911 0.598
0.891 0.902
0.902 0.900
0.900 0.903
0.894 0.900
0.916 0.905
0.893 0.893
0.891 0.897
0.903 0.900
0.900 0.903
0.894 0.900
0.900 0.894
0.902 0.906
0.900 0.902
0.902 0.898
0.900 0.896
0.894 0.900
0.900 0.894
0.903 0.900
0.900 0.903
0.903 0.900
0.900 0.903
0.894 0.900
0.916 0.905
0.894 0.894
0.882 0.891
0.903 0.906
0.908 0.902
0.894 0.900
0.900 0.894
0.903 0.900
0.908 0.908
0.894 0.900
0.900 0.897
0.894 0.900
0.900 0.894
0.902 0.900
0.900 0.902
0.911 0.906
0.891 0.897
0.903 0.900
0.891 0.900
0.911 0.900
0.900 0.902
0.894 0.894
0.907 0.907
0.885 0.894
0.908 0.900
0.894 0.894
0.908 0.908
0.894 0.894
0.900 0.903
0.911 0.900
0.882 0.894
0.911 0.906
0.882 0.891
0.911 0.911
0.642 0.675
0.756 0.791
0.891 0.888
0.967 0.947
0.965 0.946
0.961 0.940
0.964 0.826
0.949 0.694
0.932 0.686
0.919 0.908
0.916 0.804
0.903 0.910
0.907 0.581
0.894 0.900
0.900 0.894
0.916 0.906
0.885 0.903
0.854 0.862
0.885 0.891
0.891 0.894
0.894 0.894
0.891 0.894
0.894 0.900
0.891 0.891
0.911 0.906
0.882 0.902
0.902 0.666
0.891 0.661
0.911 0.672
0.882 0.693
0.911 0.908
0.900 0.569
0.893 0.893
0.908 0.900
0.894 0.894
0.907 0.907
0.894 0.894
0.900 0.902
0.894 0.894
0.908 0.906
0.894 0.900
0.900 0.907
0.903 0.672
0.900 0.660
0.894 0.667
0.900 0.664
0.911 0.634
0.882 0.891
0.919 0.911
0.891 0.897
0.894 0.900
0.900 0.894
0.902 0.900
0.908 0.903
0.893 0.900
0.891 0.897
0.902 0.900
0.900 0.900
0.894 0.900
0.916 0.908
0.894 0.894
0.900 0.811
0.911 0.672
0.890 0.660
0.903 0.866
0.890 0.868
0.903 0.564
0.900 0.902
0.902 0.905
0.891 0.888
0.911 0.906
0.900 0.903
0.894 0.894
0.900 0.903
0.893 0.900
0.900 0.894
0.902 0.900
0.908 0.908
0.894 0.894
0.900 0.902
0.894 0.900
0.908 0.900
0.903 0.900
0.900 0.897
0.894 0.894
0.891 0.902
0.911 0.906
0.891 0.894
0.910 0.905
0.891 0.897
0.902 0.900
0.908 0.903
0.893 0.900
0.891 0.894
0.894 0.900
0.908 0.903
0.902 0.900
0.907 0.902
0.885 0.900
0.900 0.894
0.911 0.906
0.890 0.896
0.903 0.900
0.774 0.827
0.715 0.735
0.815 0.840
0.942 0.926
0.980 0.957
0.955 0.930
0.959 0.942
0.961 0.944
0.946 0.926
0.927 0.925
0.908 0.902
0.926 0.921
0.900 0.897
0.894 0.898
0.900 0.893
0.885 0.888
0.891 0.897
0.866 0.875
0.873 0.885
0.903 0.900
0.891 0.894
0.885 0.888
0.908 0.908
0.894 0.894
0.900 0.903
0.902 0.914
0.891 0.661
0.903 0.667
0.891 0.667
0.911 0.710
0.891 0.897
0.911 0.601
0.891 0.888
0.911 0.906
0.891 0.897
0.903 0.900
0.900 0.902
0.894 0.900
0.900 0.894
0.894 0.900
0.908 0.903
0.894 0.894
0.908 0.908
0.894 0.894
0.900 0.900
0.911 0.789
0.891 0.655
0.902 0.666
0.891 0.894
0.903 0.800
0.900 0.904
0.911 0.576
0.882 0.897
0.911 0.900
0.900 0.903
0.894 0.900
0.916 0.905
0.885 0.888
0.891 0.897
0.911 0.906
0.900 0.903
0.894 0.882
0.917 0.672
0.876 0.656
0.917 0.672
0.894 0.669
0.900 0.581
0.910 0.900
0.891 0.900
0.894 0.894
0.900 0.903
0.903 0.906
0.900 0.897
0.903 0.900
0.891 0.894
0.903 0.900
0.908 0.908
0.885 0.894
0.908 0.903
0.894 0.900
0.908 0.913
0.885 0.661
0.916 0.672
0.894 0.661
0.900 0.663
0.894 0.627
0.900 0.894
0.911 0.900
0.891 0.902
0.903 0.894
0.900 0.908
0.903 0.900
0.891 0.894
0.911 0.911
0.891 0.891
0.902 0.906
0.900 0.902
0.894 0.894
0.900 0.894
0.911 0.906
0.891 0.903
0.894 0.888
0.916 0.913
0.876 0.894
0.652 0.684
0.756 0.791
0.900 0.897
0.955 0.935
0.980 0.957
0.942 0.931
0.959 0.935
0.955 0.940
0.946 0.929
0.919 0.911
0.924 0.919
0.927 0.911
0.900 0.906
0.876 0.888
0.900 0.897
0.894 0.900
0.881 0.884
0.866 0.882
0.891 0.888
0.885 0.888
0.908 0.908
0.885 0.888
0.891 0.897
0.894 0.900
0.900 0.894
0.902 0.905
0.891 0.891
0.911 0.911
0.891 0.891
0.911 0.906
0.891 0.894
0.903 0.900
0.900 0.903
0.903 0.900
0.900 0.902
0.894 0.894
0.908 0.906
0.894 0.894
0.908 0.908
0.894 0.894
0.900 0.903
0.894 0.894
0.900 0.900
0.903 0.900
0.900 0.905
0.902 0.672
0.900 0.661
0.911 0.672
0.882 0.693
0.911 0.903
0.891 0.561
0.903 0.906
0.891 0.891
0.903 0.906
0.908 0.900
0.894 0.894
0.917 0.914
0.882 0.888
0.903 0.903
0.891 0.894
0.903 0.900
0.900 0.900
0.903 0.900
0.891 0.915
0.911 0.666
0.900 0.677
0.903 0.661
0.908 0.704
0.885 0.897
0.908 0.597
0.894 0.894
0.900 0.903
0.894 0.900
0.900 0.894
0.911 0.911
0.891 0.891
0.911 0.906
0.891 0.897
0.894 0.900
0.900 0.894
0.911 0.797
0.891 0.667
0.903 0.667
0.917 0.878
0.876 0.866
0.908 0.560
0.894 0.894
0.900 0.903
0.894 0.894
0.908 0.908
0.894 0.900
0.900 0.894
0.910 0.905
0.882 0.891
0.911 0.911
0.891 0.891
0.903 0.906
0.900 0.894
0.903 0.900
0.891 0.883
0.911 0.667
0.900 0.681
0.894 0.661
0.891 0.666
0.644 0.466
0.743 0.776
0.967 0.944
0.988 0.957
0.942 0.931
0.959 0.944
0.955 0.940
0.946 0.929
0.927 0.921
0.924 0.908
0.911 0.916
0.922 0.915
0.907 0.900
0.896 0.903
0.890 0.894
0.898 0.885
0.875 0.900
0.873 0.882
0.885 0.894
0.891 0.891
0.885 0.894
0.891 0.891
0.894 0.894
0.908 0.906
0.893 0.898
0.882 0.891
0.894 0.894
0.900 0.897
0.893 0.900
0.900 0.893
0.894 0.894
0.900 0.902
0.894 0.894
0.898 0.902
0.910 0.909
0.900 0.894
0.901 0.898
0.891 0.897
0.901 0.898
0.915 0.912
0.885 0.894
0.908 0.900
0.903 0.900
0.898 0.901
0.901 0.898
0.891 0.897
0.902 0.900
0.890 0.900
0.902 0.893
0.907 0.907
0.894 0.894
0.898 0.901
0.894 0.900
0.907 0.894
0.911 0.911
0.881 0.889
0.902 0.900
0.890 0.896
0.902 0.900
0.898 0.900
0.894 0.893
0.907 0.907
0.902 0.900
0.900 0.741
0.893 0.660
0.900 0.666
0.911 0.908
0.889 0.780
0.902 0.909
0.890 0.564
0.902 0.906
0.907 0.893
0.893 0.898
0.908 0.908
0.893 0.893
0.900 0.902
0.893 0.893
0.915 0.909
0.894 0.900
0.898 0.894
0.894 0.894
0.898 0.901
0.910 0.885
0.882 0.655
0.902 0.666
0.908 0.672
0.893 0.699
0.915 0.910
0.876 0.554
0.900 0.894
0.902 0.900
0.907 0.902
0.910 0.905
0.882 0.896
0.902 0.900
0.890 0.888
0.902 0.905
0.916 0.913
0.885 0.905
0.898 0.665
0.894 0.661
0.900 0.666
0.909 0.679
0.662 0.498
0.725 0.745
0.854 0.871
0.934 0.921
0.969 0.943
0.961 0.939
0.959 0.945
0.961 0.939
0.946 0.933
0.942 0.926
0.923 0.911
0.903 0.911
0.908 0.907
0.894 0.894
0.900 0.897
0.894 0.741
0.915 0.671
0.885 0.661
0.873 0.847
0.876 0.856
0.891 0.547
0.885 0.888
0.882 0.882
0.903 0.900
0.891 0.897
0.901 0.900
0.900 0.903
0.885 0.894
0.900 0.894
0.903 0.900
0.900 0.903
0.903 0.894
0.900 0.908
0.902 0.900
0.907 0.900
0.894 0.894
0.882 0.897
0.903 0.900
0.908 0.908
0.894 0.894
0.908 0.906
0.894 0.894
0.900 0.903
0.902 0.900
0.900 0.902
0.911 0.911
0.900 0.894
0.910 0.905
0.891 0.897
0.903 0.900
0.900 0.902
0.902 0.900
0.900 0.900
0.902 0.900
0.908 0.902
0.885 0.894
0.900 0.903
0.893 0.900
0.908 0.900
0.885 0.900
0.916 0.902
0.911 0.900
0.882 0.897
0.903 0.900
0.891 0.894
0.894 0.900
0.891 0.891
0.903 0.900
0.917 0.914
0.876 0.888
0.908 0.900
0.894 0.894
0.908 0.903
0.894 0.900
0.900 0.903
0.894 0.900
0.900 0.894
0.927 0.916
0.882 0.891
0.894 0.900
0.900 0.897
0.903 0.900
0.891 0.909
0.903 0.667
0.900 0.672
0.903 0.667
0.917 0.715
0.885 0.891
0.908 0.593
0.885 0.894
0.908 0.908
0.885 0.888
0.908 0.908
0.894 0.894
0.900 0.900
0.919 0.916
0.882 0.885
0.911 0.906
0.891 0.897
0.900 0.900
0.894 0.894
0.908 0.906
0.885 0.702
0.908 0.672
0.664 0.489
0.733 0.764
0.885 0.783
0.917 0.915
0.955 0.589
0.970 0.949
0.942 0.930
0.965 0.938
0.941 0.929
0.946 0.930
0.935 0.916
0.908 0.913
0.919 0.915
0.891 0.891
0.903 0.892
0.890 0.672
0.893 0.655
0.891 0.661
0.875 0.654
0.873 0.580
0.903 0.900
0.900 0.906
0.894 0.888
0.908 0.902
0.885 0.893
0.900 0.903
0.894 0.894
0.900 0.900
0.902 0.900
0.900 0.903
0.911 0.906
0.891 0.897
0.903 0.906
