0.000 0.000 0.000 0.000 
33933.000 34781.000 35607.000 35348.000 
58622.000 62378.000 63209.000 59050.000 
69130.000 82150.000 82231.000 68851.000 
66082.000 78181.000 78252.000 69552.000 
53048.000 79808.000 79724.000 52983.000 
44925.000 84537.000 84585.000 44447.000 
41065.000 89371.000 89463.000 40800.000 
38278.000 94112.000 94075.000 38374.000 
35168.000 98929.000 98655.000 34854.000 
33919.000 103744.000 103405.000 33429.000 
33150.000 108140.000 108152.000 33112.000 
32684.000 113055.000 112997.000 32227.000 
32114.000 117758.000 117729.000 32504.000 
32000.000 122588.000 122568.000 32498.000 
31991.000 127355.000 127154.000 32288.000 
31897.000 132045.000 131862.000 32001.000 
31949.000 136737.000 136675.000 31988.000 
32045.000 141535.000 141519.000 32023.000 
31975.000 146060.000 146335.000 32052.000 
31888.000 150624.000 150751.000 31885.000 
31862.000 154367.000 154870.000 31914.000 
31947.000 157857.000 158648.000 32054.000 
31936.000 161524.000 162359.000 32031.000 
31969.000 165127.000 165983.000 31871.000 
31997.000 168692.000 169517.000 32009.000 
31868.000 172439.000 173161.000 31931.000 
31956.000 176110.000 176707.000 32055.000 
31928.000 179578.000 180276.000 32021.000 
31939.000 183164.000 183950.000 31849.000 
31956.000 186869.000 187725.000 32007.000 
31990.000 190367.000 191241.000 31891.000 
31860.000 194124.000 194846.000 32053.000 
31838.000 197759.000 198447.000 32023.000 
31948.000 201336.000 202000.000 31849.000 
32093.000 204846.000 205635.000 31999.000 
31968.000 208516.000 209331.000 31875.000 
31915.000 212125.000 212999.000 32060.000 
31915.000 215806.000 216571.000 31928.000 
31907.000 219415.000 220096.000 31843.000 
32092.000 222999.000 223755.000 31999.000 
31978.000 226571.000 227357.000 31875.000 
31904.000 230209.000 231024.000 32051.000 
32024.000 233786.000 234624.000 31927.000 
31905.000 237440.000 238171.000 31824.000 
31962.000 241146.000 241789.000 32054.000 
31943.000 244671.000 245419.000 31860.000 
31902.000 248204.000 248991.000 31978.000 
32024.000 251941.000 252754.000 31839.000 
31905.000 255491.000 256330.000 31950.000 
31973.000 259117.000 259851.000 32054.000 
31936.000 262785.000 263488.000 31890.000 
31888.000 266414.000 267124.000 32026.000 
31976.000 269851.000 270671.000 31842.000 
31889.000 273552.000 274394.000 31920.000 
31969.000 277233.000 278070.000 32052.000 
31936.000 280837.000 281569.000 31901.000 
31880.000 284470.000 285128.000 31888.000 
31975.000 288061.000 288837.000 31800.000 
31872.000 291571.000 292366.000 31907.000 
31938.000 295237.000 296079.000 32060.000 
31945.000 298858.000 299720.000 31957.000 
31817.000 302592.000 303324.000 31883.000 
31971.000 306194.000 306812.000 31800.000 
31865.000 309755.000 310487.000 31907.000 
31930.000 313324.000 314120.000 32070.000 
31921.000 316960.000 317782.000 31958.000 
31932.000 320551.000 321413.000 31883.000 
31967.000 322498.000 323320.000 31846.000 
32027.000 322498.000 323320.000 31883.000 
31927.000 322498.000 323320.000 32046.000 
31897.000 322498.000 323320.000 31930.000 
31931.000 322498.000 323320.000 31944.000 
31958.000 322498.000 323320.000 31972.000 
31902.000 277302.000 277250.000 31891.000 
31922.000 277215.000 277205.000 32053.000 
31870.000 277200.000 277179.000 31943.000 
31920.000 279587.000 279681.000 31803.000 
31978.000 283802.000 283809.000 31963.000 
32032.000 287698.000 287747.000 31891.000 
31916.000 291472.000 291439.000 32053.000 
31881.000 296163.000 296078.000 31920.000 
31921.000 300952.000 300919.000 31811.000 
31952.000 305641.000 305652.000 31961.000 
32031.000 310358.000 310421.000 31852.000 
31916.000 315262.000 315337.000 32059.000 
32006.000 320153.000 320013.000 31920.000 
31904.000 322502.000 322585.000 31936.000 
31926.000 322502.000 322585.000 32060.000 
31987.000 322502.000 322585.000 31968.000 
31955.000 322502.000 322585.000 32055.000 
31999.000 322502.000 322585.000 31985.000 
31932.000 322502.000 322585.000 31931.000 
31928.000 234546.000 234566.000 31992.000 
32030.000 234201.000 234290.000 31959.000 
31848.000 236507.000 236604.000 31920.000 
31992.000 238791.000 238907.000 31874.000 
31932.000 241234.000 241382.000 31925.000 
31928.000 243546.000 243585.000 32068.000 
32014.000 246144.000 246113.000 31963.000 
31907.000 248926.000 248600.000 31920.000 
27477.000 252262.000 252275.000 28137.000 
20798.000 255151.000 255197.000 20853.000 
18646.000 257591.000 257659.000 19138.000 
17762.000 260100.000 260078.000 17830.000 
22210.000 261786.000 261592.000 21859.000 
33676.000 263725.000 263573.000 33469.000 
42984.000 265317.000 265350.000 42158.000 
53440.000 267705.000 267765.000 52425.000 
60434.000 269792.000 269886.000 60079.000 
64404.000 270105.000 270176.000 64067.000 
66925.000 272617.000 272509.000 66864.000 
67935.000 274896.000 274871.000 67882.000 
69058.000 276588.000 276597.000 68917.000 
68051.000 277363.000 277283.000 68130.000 
67330.000 277327.000 277248.000 67175.000 
64545.000 279638.000 279688.000 64284.000 
61764.000 279696.000 279703.000 62121.000 
60709.000 282140.000 282121.000 61170.000 
60153.000 282149.000 282077.000 59937.000 
59188.000 283518.000 283344.000 58888.000 
58422.000 284458.000 284479.000 58363.000 
56875.000 284409.000 284423.000 57484.000 
56460.000 284483.000 284516.000 56451.000 
56114.000 284423.000 284577.000 55989.000 
55832.000 284420.000 284505.000 55789.000 
55389.000 284576.000 284404.000 55623.000 
55983.000 284505.000 284483.000 56371.000 
56215.000 284441.000 284423.000 56292.000 
57871.000 284478.000 284423.000 58244.000 
58293.000 284423.000 284493.000 58231.000 
58495.000 284423.000 284504.000 58471.000 
58968.000 284495.000 284441.000 58715.000 
59246.000 284504.000 284511.000 59367.000 
59875.000 284441.000 284418.000 59620.000 
59228.000 284511.000 284423.000 59562.000 
59086.000 284418.000 284495.000 59271.000 
59184.000 284423.000 284433.000 59343.000 
58917.000 284495.000 284441.000 58962.000 
58792.000 284433.000 284511.000 58897.000 
58972.000 284377.000 284447.000 59167.000 
59241.000 284511.000 284418.000 59136.000 
58936.000 284447.000 284495.000 59072.000 
58753.000 284447.000 284433.000 58666.000 
58976.000 284491.000 284379.000 59524.000 
59272.000 284433.000 284455.000 59495.000 
59144.000 285843.000 285934.000 59102.000 
59155.000 286795.000 286867.000 59411.000 
59194.000 286871.000 286887.000 59392.000 
59171.000 286871.000 286876.000 59837.000 
59290.000 289235.000 289143.000 59401.000 
58713.000 289243.000 289188.000 59168.000 
58903.000 290372.000 290332.000 58905.000 
58736.000 291630.000 291597.000 58506.000 
59394.000 292943.000 292820.000 59658.000 
59113.000 293995.000 294033.000 59111.000 
58833.000 296267.000 296125.000 58511.000 
59227.000 296427.000 296421.000 59501.000 
59010.000 298753.000 298777.000 59304.000 
59052.000 301078.000 301052.000 58543.000 
58907.000 303294.000 303318.000 59024.000 
59035.000 305518.000 305582.000 59134.000 
59407.000 307913.000 307843.000 59324.000 
58946.000 310387.000 310338.000 59362.000 
59183.000 312909.000 312795.000 59333.000 
59216.000 315463.000 315298.000 58803.000 
58090.000 317808.000 317825.000 58579.000 
57620.000 320182.000 320245.000 57649.000 
57035.000 320217.000 320274.000 57116.000 
56689.000 320217.000 320274.000 57030.000 
56676.000 320217.000 320274.000 56527.000 
56331.000 320217.000 320274.000 56746.000 
56625.000 272450.000 279731.000 56667.000 
56977.000 226772.000 226741.000 56786.000 
57551.000 227021.000 227017.000 57243.000 
58293.000 230599.000 230563.000 58090.000 
58650.000 233803.000 233762.000 58814.000 
58610.000 236813.000 236499.000 58835.000 
59299.000 241174.000 241216.000 59048.000 
59155.000 245174.000 245284.000 59585.000 
58871.000 250118.000 250108.000 58865.000 
59227.000 254834.000 254755.000 59664.000 
58630.000 259046.000 259050.000 58784.000 
58993.000 262853.000 262815.000 59188.000 
59687.000 267396.000 267427.000 59392.000 
59280.000 271534.000 271683.000 59090.000 
59509.000 274717.000 274742.000 59196.000 
59296.000 278945.000 278898.000 58879.000 
58983.000 281882.000 281869.000 58883.000 
59415.000 285167.000 284946.000 59760.000 
58857.000 288780.000 288825.000 58852.000 
59323.000 291450.000 291578.000 59132.000 
58932.000 295026.000 294917.000 59757.000 
58925.000 298313.000 298230.000 58691.000 
59226.000 300835.000 300765.000 59117.000 
58389.000 303216.000 303054.000 59223.000 
59696.000 305489.000 305417.000 58710.000 
59648.000 307722.000 307744.000 59369.000 
58420.000 309973.000 309899.000 59152.000 
59258.000 311751.000 311781.000 58832.000 
59942.000 313154.000 313129.000 59849.000 
58615.000 315504.000 315371.000 58906.000 
58967.000 315524.000 315547.000 59214.000 
59495.000 317959.000 317929.000 59320.000 
59062.000 320044.000 319954.000 58868.000 
50271.000 320347.000 320241.000 48257.000 
28654.000 320347.000 320241.000 30264.000 
22602.000 320347.000 320241.000 21438.000 
20680.000 320347.000 320241.000 20558.000 
28062.000 229921.000 229979.000 28496.000 
40517.000 222299.000 222230.000 40579.000 
49216.000 226373.000 226338.000 49321.000 
59485.000 229393.000 229388.000 59888.000 
66734.000 231402.000 231378.000 66775.000 
71155.000 234164.000 234252.000 70957.000 
73029.000 236644.000 236634.000 73424.000 
74728.000 239107.000 238979.000 74961.000 
75320.000 241555.000 241371.000 75456.000 
74491.000 244362.000 244400.000 74691.000 
73993.000 246857.000 246855.000 73697.000 
71871.000 248439.000 248412.000 72322.000 
68866.000 250748.000 250758.000 69213.000 
66274.000 252270.000 252284.000 66490.000 
65251.000 255217.000 255157.000 65895.000 
64892.000 255796.000 255806.000 64598.000 
64311.000 258131.000 258192.000 64361.000 
63693.000 260528.000 260491.000 63603.000 
64108.000 262600.000 262609.000 63973.000 
63601.000 262980.000 262985.000 63203.000 
63780.000 265332.000 265273.000 63962.000 
63593.000 265357.000 265436.000 63614.000 
63740.000 267352.000 267421.000 63732.000 
63491.000 267806.000 267704.000 64052.000 
63688.000 267831.000 267750.000 63695.000 
64481.000 270079.000 270049.000 64130.000 
63828.000 270132.000 270107.000 64044.000 
64366.000 270123.000 270231.000 64037.000 
64119.000 272434.000 272609.000 64005.000 
64075.000 272449.000 272548.000 64043.000 
63829.000 272626.000 272579.000 64172.000 
63213.000 272548.000 272507.000 63773.000 
63713.000 272604.000 272449.000 64264.000 
63228.000 272507.000 272449.000 63537.000 
63804.000 272449.000 272518.000 63859.000 
64066.000 272449.000 272547.000 63731.000 
63476.000 272518.000 272604.000 63575.000 
63977.000 272547.000 272529.000 63953.000 
62814.000 272604.000 272443.000 63322.000 
63901.000 272529.000 272449.000 64227.000 
63328.000 272443.000 272518.000 63280.000 
63763.000 272443.000 272453.000 64193.000 
63652.000 272518.000 272604.000 63309.000 
64059.000 272453.000 272529.000 64161.000 
63744.000 272521.000 272462.000 63306.000 
63740.000 272528.000 272443.000 64128.000 
63505.000 272462.000 272513.000 63709.000 
63589.000 272462.000 272453.000 64033.000 
64492.000 272513.000 272521.000 63833.000 
64319.000 272453.000 272456.000 64085.000 
64479.000 272521.000 272462.000 64032.000 
64065.000 272456.000 272462.000 63930.000 
64556.000 272462.000 272530.000 64462.000 
63706.000 274569.000 274583.000 63743.000 
63954.000 274873.000 274891.000 64630.000 
63651.000 274873.000 274906.000 63569.000 
64626.000 274888.000 274792.000 64624.000 
63172.000 277255.000 277280.000 63326.000 
63990.000 277242.000 277267.000 63905.000 
63471.000 279239.000 279268.000 63582.000 
63383.000 279715.000 279653.000 62990.000 
63243.000 281710.000 281670.000 63520.000 
63827.000 282065.000 282036.000 63569.000 
63263.000 284373.000 284313.000 63846.000 
63639.000 285941.000 285840.000 63540.000 
63762.000 286766.000 286867.000 63917.000 
63436.000 289167.000 289289.000 63492.000 
64307.000 291539.000 291632.000 64573.000 
63458.000 293932.000 293887.000 63229.000 
64332.000 296281.000 296169.000 64394.000 
63243.000 298610.000 298630.000 63382.000 
64260.000 301088.000 301052.000 64275.000 
63197.000 303550.000 303577.000 63153.000 
64176.000 307222.000 307279.000 63952.000 
63086.000 308970.000 308907.000 63671.000 
64122.000 310813.000 310626.000 63695.000 
63092.000 312990.000 312860.000 63796.000 
64050.000 315263.000 315180.000 63600.000 
63152.000 317681.000 317722.000 63939.000 
64012.000 320166.000 320229.000 63698.000 
63660.000 324463.000 324504.000 63859.000 
63714.000 324530.000 324566.000 63533.000 
63807.000 324530.000 324566.000 64153.000 
63433.000 324530.000 324566.000 63411.000 
64337.000 324530.000 324566.000 64855.000 
63405.000 324530.000 324566.000 63305.000 
64380.000 235878.000 235810.000 64830.000 
63171.000 234209.000 234217.000 63239.000 
64201.000 236157.000 236150.000 64368.000 
63215.000 238834.000 238856.000 63446.000 
64152.000 241395.000 241412.000 63998.000 
63176.000 245939.000 246006.000 63615.000 
64054.000 250145.000 250135.000 63502.000 
63114.000 255253.000 255059.000 63883.000 
64054.000 259774.000 259665.000 63718.000 
63214.000 264046.000 264044.000 63921.000 
64066.000 267799.000 268027.000 63340.000 
63496.000 272249.000 272383.000 64136.000 
63658.000 276953.000 276875.000 63741.000 
63802.000 281184.000 281044.000 64211.000 
56946.000 284250.000 284313.000 57894.000 
35457.000 288239.000 288181.000 35061.000 
25232.000 291530.000 291528.000 25059.000 
35991.000 294915.000 295017.000 37066.000 
46961.000 298441.000 298390.000 47728.000 
57708.000 301133.000 301063.000 58098.000 
68710.000 304142.000 303822.000 68360.000 
76121.000 308688.000 308538.000 76399.000 
81664.000 316240.000 316095.000 81441.000 
83556.000 320686.000 320627.000 83565.000 
86845.000 326291.000 326157.000 86938.000 
87213.000 324083.000 324115.000 87584.000 
87878.000 323727.000 323726.000 88020.000 
86799.000 324414.000 324336.000 86913.000 
85378.000 323478.000 323560.000 85693.000 
84774.000 325713.000 325730.000 84643.000 
80710.000 326923.000 326841.000 80724.000 
76959.000 327475.000 327534.000 76822.000 
73986.000 329760.000 329796.000 74801.000 
73471.000 329863.000 329880.000 73604.000 
72001.000 332195.000 332301.000 72196.000 
72506.000 332208.000 332276.000 72680.000 
71780.000 332316.000 332367.000 70891.000 
71935.000 334587.000 334569.000 72510.000 
70909.000 334553.000 334667.000 70738.000 
72142.000 334553.000 334667.000 71626.000 
71460.000 334553.000 334667.000 71820.000 
72239.000 334553.000 331092.000 72468.000 
72452.000 334553.000 235117.000 72711.000 
72618.000 334553.000 234232.000 72700.000 
72892.000 232932.000 238816.000 73001.000 
72715.000 231860.000 240860.000 72569.000 
73514.000 236269.000 244006.000 73803.000 
72978.000 239724.000 248441.000 73063.000 
73944.000 243224.000 253016.000 73453.000 
73085.000 246335.000 257624.000 73039.000 
73846.000 250693.000 262232.000 73586.000 
73127.000 255456.000 266275.000 73101.000 
73580.000 260062.000 270022.000 73586.000 
73182.000 264472.000 274761.000 73424.000 
73048.000 268700.000 279340.000 72546.000 
73658.000 272395.000 282657.000 73619.000 
72902.000 277178.000 286688.000 72661.000 
73836.000 281657.000 289157.000 73787.000 
72878.000 285007.000 293676.000 73030.000 
73186.000 288920.000 296297.000 73131.000 
72503.000 291567.000 299840.000 72292.000 
72414.000 295444.000 303276.000 72819.000 
71868.000 298580.000 305894.000 72308.000 
73040.000 301152.000 308301.000 73327.000 
72288.000 304730.000 310741.000 72060.000 
73551.000 307914.000 313129.000 72996.000 
72417.000 310578.000 315451.000 72496.000 
72899.000 312972.000 317944.000 72707.000 
73286.000 315256.000 320277.000 72837.000 
72656.000 317528.000 322642.000 72223.000 
73246.000 319824.000 322992.000 73355.000 
72740.000 321875.000 325113.000 72232.000 
73068.000 322739.000 327167.000 73327.000 
72495.000 325050.000 327515.000 72406.000 
72852.000 327258.000 329804.000 72513.000 
72334.000 327516.000 330407.000 72373.000 
72765.000 329849.000 332359.000 72668.000 
72483.000 331081.000 332320.000 72600.000 
72996.000 332361.000 332280.000 73483.000 
72573.000 332320.000 334679.000 72740.000 
73185.000 332280.000 334603.000 73376.000 
72673.000 334664.000 334603.000 72752.000 
72829.000 334583.000 334603.000 72639.000 
72688.000 334583.000 334603.000 73177.000 
72539.000 334583.000 234577.000 72416.000 
72925.000 334583.000 233384.000 73034.000 
72569.000 334583.000 236182.000 72324.000 
72840.000 321760.000 240493.000 72886.000 
72563.000 232168.000 243484.000 72303.000 
72618.000 231844.000 246842.000 72678.000 
72283.000 236552.000 250828.000 72393.000 
72594.000 240904.000 255169.000 73132.000 
72359.000 243623.000 259878.000 72791.000 
72903.000 247981.000 264228.000 72990.000 
72449.000 251681.000 268370.000 72769.000 
73220.000 255633.000 272326.000 73070.000 
72773.000 260358.000 276984.000 72956.000 
72981.000 265040.000 281244.000 72810.000 
72906.000 269604.000 284334.000 73050.000 
72564.000 274055.000 288476.000 72733.000 
73098.000 277934.000 291443.000 72736.000 
72772.000 281902.000 293965.000 72309.000 
73153.000 286251.000 298091.000 73330.000 
72627.000 289158.000 300977.000 72517.000 
73285.000 292746.000 303463.000 72917.000 
72693.000 296128.000 307267.000 72334.000 
73436.000 298712.000 310297.000 72663.000 
72275.000 301918.000 312760.000 72558.000 
72923.000 305568.000 314855.000 73296.000 
72297.000 308256.000 317012.000 72671.000 
73462.000 310577.000 318990.000 73197.000 
72476.000 313005.000 320440.000 72604.000 
72463.000 315356.000 322666.000 72505.000 
72522.000 317737.000 324890.000 73118.000 
72427.000 320121.000 326904.000 72347.000 
73132.000 322469.000 327470.000 73068.000 
72552.000 322625.000 329776.000 72506.000 
67331.000 325026.000 329840.000 69141.000 
45425.000 327356.000 332275.000 47245.000 
27765.000 327414.000 332236.000 27962.000 
37292.000 329851.000 332239.000 36955.000 
48993.000 331874.000 334586.000 48588.000 
57797.000 332238.000 334691.000 57483.000 
68100.000 332209.000 334691.000 68194.000 
76315.000 332183.000 334691.000 76254.000 
82351.000 334566.000 329422.000 82729.000 
86723.000 334620.000 234853.000 86811.000 
88925.000 334620.000 234210.000 88827.000 
91454.000 334620.000 240811.000 90937.000 
91629.000 334620.000 244989.000 91799.000 
91908.000 334620.000 247722.000 91833.000 
91969.000 273155.000 250120.000 91797.000 
91307.000 233508.000 254556.000 91141.000 
91704.000 231798.000 259118.000 91170.000 
88622.000 237704.000 262091.000 88537.000 
86025.000 241177.000 266320.000 86223.000 
83678.000 243768.000 270006.000 83463.000 
82382.000 248359.000 274707.000 82161.000 
82188.000 252575.000 279118.000 82117.000 
81085.000 257176.000 282905.000 80759.000 
81606.000 261654.000 286638.000 81587.000 
80441.000 265168.000 290262.000 80968.000 
80290.000 269971.000 293686.000 80433.000 
79799.000 274537.000 296346.000 80161.000 
79632.000 278831.000 299699.000 79560.000 
80421.000 282731.000 303100.000 80205.000 
79713.000 286562.000 305865.000 79656.000 
80135.000 289119.000 308353.000 79900.000 
79783.000 293430.000 310710.000 79492.000 
79546.000 296267.000 313140.000 79128.000 
80018.000 298721.000 315464.000 79762.000 
79331.000 302977.000 317893.000 78965.000 
79674.000 305828.000 320328.000 80130.000 
79612.000 308284.000 322701.000 79576.000 
79820.000 310765.000 323041.000 79927.000 
80024.000 313161.000 325099.000 80556.000 
79842.000 315500.000 327463.000 79957.000 
80293.000 317922.000 329279.000 80414.000 
79847.000 320272.000 329841.000 79957.000 
79917.000 322645.000 332092.000 80136.000 
80039.000 322731.000 332207.000 79975.000 
79877.000 325116.000 332307.000 79796.000 
80623.000 327444.000 334058.000 81031.000 
79885.000 328933.000 334684.000 80203.000 
81006.000 329901.000 334726.000 80998.000 
80239.000 332115.000 334664.000 79964.000 
80097.000 332366.000 336989.000 79880.000 
80563.000 332321.000 337008.000 80612.000 
79943.000 333492.000 337007.000 79953.000 
80811.000 334630.000 337000.000 81153.000 
80236.000 334680.000 337136.000 79899.000 
80012.000 334680.000 337119.000 80056.000 
79480.000 337104.000 337104.000 80181.000 
79454.000 337119.000 337007.000 80074.000 
81329.000 337104.000 337007.000 81437.000 
79700.000 337007.000 337007.000 80194.000 
79711.000 337007.000 337131.000 79945.000 
80181.000 337007.000 337119.000 79883.000 
80149.000 337131.000 337104.000 79985.000 
80642.000 337109.000 337091.000 81569.000 
80144.000 337104.000 337006.000 80025.000 
80140.000 337091.000 337007.000 79946.000 
79981.000 337080.000 337131.000 79935.000 
80010.000 337006.000 337114.000 79997.000 
81032.000 337131.000 337096.000 81149.000 
79998.000 337114.000 337091.000 79823.000 
80399.000 337100.000 337080.000 80027.000 
80114.000 337091.000 337070.000 79934.000 
79993.000 337080.000 337131.000 79926.000 
80907.000 337070.000 337114.000 81155.000 
79888.000 337131.000 339426.000 79807.000 
80315.000 337114.000 339527.000 80006.000 
80072.000 337100.000 339464.000 79919.000 
79944.000 337087.000 341054.000 80087.000 
80890.000 337073.000 341746.000 80768.000 
79853.000 337070.000 341746.000 79864.000 
80282.000 339362.000 341746.000 80115.000 
80213.000 339480.000 341746.000 80044.000 
80209.000 339460.000 341746.000 79985.000 
80660.000 341072.000 255123.000 80864.000 
79907.000 341848.000 238755.000 79914.000 
80441.000 341848.000 238999.000 80342.000 
80087.000 341848.000 245188.000 79941.000 
80095.000 341848.000 250680.000 80099.000 
80623.000 341848.000 256819.000 80601.000 
80052.000 260858.000 262185.000 80004.000 
80887.000 238832.000 265270.000 80381.000 
80166.000 238999.000 267706.000 80052.000 
80085.000 245029.000 271354.000 80116.000 
80533.000 250578.000 274674.000 80548.000 
80103.000 256362.000 277908.000 79862.000 
81306.000 262015.000 281732.000 80665.000 
80061.000 265251.000 284624.000 80174.000 
80108.000 267672.000 288976.000 80075.000 
80514.000 270352.000 292573.000 80832.000 
80050.000 274494.000 296297.000 79874.000 
81310.000 277147.000 298788.000 80555.000 
80013.000 281336.000 302784.000 80116.000 
79932.000 284367.000 305772.000 80221.000 
80176.000 288930.000 308340.000 80415.000 
79808.000 292781.000 311501.000 79801.000 
60917.000 296182.000 315038.000 60866.000 
31099.000 299020.000 317749.000 32184.000 
25675.000 302984.000 320005.000 26163.000 
27430.000 305778.000 322528.000 27333.000 
37847.000 308218.000 324926.000 37335.000 
47146.000 311804.000 327165.000 47037.000 
56122.000 315113.000 329419.000 55753.000 
66194.000 317723.000 329901.000 66248.000 
74036.000 320144.000 332189.000 73909.000 
80494.000 322440.000 334449.000 79766.000 
83020.000 324570.000 334660.000 83440.000 
84909.000 326436.000 336997.000 84903.000 
86814.000 328226.000 338093.000 86439.000 
86909.000 329834.000 339424.000 86612.000 
87168.000 332248.000 339376.000 86829.000 
86485.000 334219.000 339376.000 86488.000 
87039.000 334608.000 341741.000 86555.000 
83728.000 336939.000 341863.000 83443.000 
79699.000 337028.000 341863.000 79732.000 
77126.000 339381.000 341863.000 77392.000 
75622.000 339473.000 341863.000 75653.000 
74935.000 339414.000 341863.000 75578.000 
73963.000 341682.000 341863.000 74190.000 
74853.000 341868.000 237837.000 74513.000 
73308.000 341868.000 236616.000 73179.000 
73971.000 341868.000 240958.000 74108.000 
73672.000 341868.000 243689.000 73578.000 
74479.000 255168.000 247358.000 74430.000 
74810.000 236615.000 250833.000 75224.000 
74898.000 238994.000 255335.000 75180.000 
75341.000 243683.000 259989.000 76037.000 
74952.000 246137.000 264481.000 75239.000 
76332.000 250159.000 268663.000 76486.000 
75212.000 253928.000 272239.000 75343.000 
75374.000 257949.000 276966.000 75253.000 
75151.000 262766.000 281471.000 75017.000 
75287.000 267305.000 285591.000 75309.000 
75204.000 271835.000 289099.000 75266.000 
75275.000 276197.000 293624.000 74999.000 
75939.000 279585.000 297464.000 76161.000 
75094.000 284141.000 300910.000 74951.000 
76291.000 288541.000 303489.000 76402.000 
75122.000 292141.000 307634.000 74924.000 
75235.000 296112.000 310584.000 75178.000 
75263.000 299827.000 313103.000 74862.000 
75536.000 303289.000 315461.000 75480.000 
75440.000 305902.000 317903.000 75304.000 
75179.000 308268.000 320269.000 74960.000 
75769.000 312278.000 322713.000 75799.000 
75156.000 315238.000 325106.000 74943.000 
76528.000 317808.000 327425.000 76488.000 
75248.000 320201.000 329780.000 74871.000 
75401.000 322489.000 331259.000 75195.000 
75225.000 324756.000 332163.000 74915.000 
75399.000 326907.000 334583.000 75330.000 
75125.000 328767.000 335421.000 75197.000 
75222.000 329840.000 337003.000 74974.000 
75790.000 332187.000 339047.000 75661.000 
75198.000 334262.000 339440.000 74939.000 
76323.000 334590.000 339386.000 76599.000 
75154.000 336948.000 340620.000 74898.000 
75251.000 337013.000 341855.000 75205.000 
75368.000 339451.000 341855.000 74937.000 
75277.000 339404.000 341855.000 75258.000 
75199.000 339354.000 341855.000 75159.000 
75231.000 341674.000 341855.000 74974.000 
75489.000 341834.000 237890.000 75702.000 
75296.000 341834.000 238512.000 74852.000 
76179.000 341834.000 241861.000 76521.000 
75241.000 341834.000 245549.000 74931.000 
75389.000 248989.000 248375.000 75346.000 
75148.000 236611.000 252084.000 74928.000 
75328.000 238971.000 255653.000 75316.000 
75113.000 243725.000 260403.000 75246.000 
75182.000 247001.000 264977.000 75155.000 
76006.000 250445.000 269489.000 75814.000 
75222.000 254609.000 273819.000 74875.000 
76247.000 258263.000 277223.000 76206.000 
75251.000 262864.000 281903.000 74901.000 
75360.000 267585.000 286354.000 75409.000 
75565.000 272227.000 290093.000 74782.000 
75264.000 276664.000 293835.000 75328.000 
75125.000 280658.000 297792.000 75332.000 
75300.000 284318.000 301011.000 75021.000 
75838.000 288931.000 303561.000 75538.000 
75201.000 292895.000 307672.000 74894.000 
76392.000 296279.000 310509.000 76338.000 
75251.000 299066.000 313112.000 74916.000 
75642.000 303000.000 315589.000 75410.000 
75348.000 305831.000 317976.000 74726.000 
75412.000 308376.000 320399.000 75382.000 
75370.000 311926.000 322789.000 75273.000 
75253.000 315075.000 325122.000 75024.000 
75668.000 317839.000 327463.000 75577.000 
75367.000 320145.000 329853.000 74901.000 
76463.000 322629.000 331410.000 76541.000 
75217.000 325008.000 332280.000 74898.000 
75512.000 327295.000 334615.000 75512.000 
75361.000 329459.000 335708.000 74900.000 
75265.000 329856.000 337094.000 75302.000 
75045.000 332242.000 339251.000 75195.000 
75289.000 334536.000 339460.000 75054.000 
75501.000 334702.000 339406.000 75488.000 
75250.000 337054.000 340623.000 71499.000 
62480.000 338341.000 341865.000 56439.000 
32539.000 339476.000 341865.000 33134.000 
27366.000 339420.000 341865.000 27643.000 
38301.000 339364.000 341865.000 37052.000 
48498.000 341842.000 341865.000 47834.000 
57105.000 341746.000 237764.000 56894.000 
67733.000 341746.000 238522.000 67379.000 
75375.000 341746.000 241890.000 75414.000 
81106.000 341746.000 245730.000 81048.000 
85235.000 341746.000 248485.000 85216.000 
87083.000 341746.000 252322.000 87196.000 
88810.000 237654.000 255606.000 88590.000 
89347.000 236592.000 260288.000 89364.000 
90108.000 241128.000 264945.000 90403.000 
90582.000 244051.000 269573.000 90794.000 
90584.000 247631.000 274062.000 90531.000 
89102.000 250873.000 277807.000 88951.000 
85926.000 255383.000 281918.000 85276.000 
83369.000 259968.000 286494.000 83306.000 
80777.000 264620.000 290296.000 80498.000 
80238.000 268973.000 293875.000 79725.000 
79770.000 272735.000 297970.000 79707.000 
78827.000 277119.000 301065.000 78938.000 
78582.000 281612.000 304132.000 78298.000 
77515.000 285803.000 307797.000 77854.000 
77754.000 289086.000 310578.000 77647.000 
75878.000 293762.000 313147.000 76257.000 
76206.000 297868.000 315823.000 76789.000 
75633.000 301086.000 317796.000 75821.000 
74969.000 303816.000 320214.000 75304.000 
75942.000 307610.000 322577.000 75305.000 
75068.000 310491.000 325052.000 75024.000 
76188.000 312990.000 327473.000 76378.000 
76295.000 315989.000 329829.000 76414.000 
77550.000 317897.000 331436.000 77785.000 
77404.000 320279.000 332208.000 77716.000 
77009.000 322611.000 334556.000 77666.000 
77945.000 325019.000 335772.000 77981.000 
77632.000 327371.000 336997.000 77548.000 
78103.000 329755.000 339213.000 77604.000 
77115.000 331574.000 339375.000 77759.000 
78419.000 332271.000 339454.000 77995.000 
77876.000 334584.000 340772.000 77804.000 
77579.000 335815.000 341831.000 77432.000 
78412.000 337021.000 341831.000 78667.000 
77613.000 339145.000 341831.000 77697.000 
77891.000 339472.000 341831.000 77597.000 
77277.000 339414.000 341831.000 77408.000 
78070.000 340807.000 237411.000 78089.000 
77744.000 341892.000 238519.000 78098.000 
77341.000 341892.000 242441.000 77375.000 
77390.000 341892.000 245913.000 77194.000 
77342.000 341892.000 248416.000 77473.000 
77897.000 341892.000 252722.000 77702.000 
76981.000 237530.000 255699.000 77327.000 
77674.000 238600.000 260350.000 78047.000 
77559.000 242385.000 265197.000 77717.000 
77488.000 245668.000 269808.000 77557.000 
77662.000 248418.000 274303.000 77488.000 
77450.000 252417.000 278334.000 77617.000 
77886.000 255604.000 281896.000 77619.000 
77200.000 260422.000 286551.000 77991.000 
77991.000 265018.000 290785.000 77826.000 
77417.000 269509.000 293929.000 77867.000 
77352.000 274005.000 298095.000 77340.000 
77209.000 277773.000 301091.000 77696.000 
77376.000 281852.000 304705.000 77552.000 
77874.000 286398.000 307918.000 77464.000 
77914.000 290414.000 310657.000 78028.000 
78163.000 293869.000 313163.000 77793.000 
77892.000 298074.000 316316.000 77872.000 
77216.000 301131.000 318746.000 77785.000 
77920.000 304142.000 320276.000 77804.000 
77702.000 307880.000 322684.000 77919.000 
78298.000 310593.000 325126.000 77691.000 
77695.000 313042.000 327507.000 78140.000 
78211.000 316108.000 329841.000 78056.000 
78006.000 317934.000 331687.000 78039.000 
77616.000 320273.000 332274.000 77780.000 
78054.000 322709.000 334545.000 77439.000 
76932.000 325071.000 336179.000 77652.000 
77578.000 327435.000 337007.000 77781.000 
77625.000 329769.000 339211.000 78173.000 
78172.000 331501.000 339426.000 77912.000 
78053.000 332205.000 339386.000 78346.000 
77629.000 334611.000 340873.000 77824.000 
77870.000 335949.000 341787.000 77557.000 
77746.000 337009.000 341787.000 77820.000 
78332.000 339252.000 341787.000 77405.000 
77721.000 339404.000 341787.000 78036.000 
78262.000 339354.000 341787.000 77860.000 
77860.000 340819.000 237208.000 78062.000 
77829.000 341746.000 238642.000 77577.000 
77751.000 341746.000 242925.000 77304.000 
77679.000 341746.000 245986.000 77664.000 
77734.000 341746.000 248553.000 77520.000 
77767.000 341746.000 252971.000 78143.000 
77829.000 237486.000 255972.000 77557.000 
78172.000 238624.000 261490.000 78298.000 
78444.000 242362.000 265253.000 78206.000 
77704.000 245881.000 269963.000 77885.000 
78033.000 248505.000 274622.000 77847.000 
77164.000 252577.000 279009.000 77719.000 
70966.000 255670.000 282583.000 77626.000 
51149.000 260401.000 286746.000 49300.000 
27190.000 265131.000 291155.000 27611.000 
27508.000 269852.000 294208.000 27826.000 
37990.000 274254.000 298399.000 38821.000 
47958.000 278238.000 301054.000 48180.000 
56967.000 281966.000 303882.000 57071.000 
67858.000 286620.000 307788.000 66828.000 
74688.000 290748.000 310643.000 74672.000 
80228.000 294022.000 313119.000 80647.000 
83682.000 298191.000 316357.000 83382.000 
85035.000 301116.000 318229.000 85143.000 
86795.000 304537.000 321855.000 86667.000 
86374.000 307946.000 323464.000 86462.000 
86953.000 310567.000 325167.000 86427.000 
84977.000 313080.000 327509.000 84979.000 
84860.000 316369.000 329929.000 84823.000 
82398.000 318436.000 331902.000 82473.000 
79819.000 320393.000 333219.000 80055.000 
78475.000 322764.000 334644.000 78614.000 
77471.000 325083.000 336779.000 77355.000 
77031.000 327414.000 337099.000 76826.000 
76367.000 329802.000 339479.000 76111.000 
76736.000 331605.000 339461.000 76628.000 
75280.000 332363.000 339404.000 75414.000 
75735.000 334723.000 341227.000 75535.000 
74961.000 336233.000 341834.000 75086.000 
75065.000 337063.000 341834.000 75065.000 
75409.000 339315.000 341834.000 75531.000 
75115.000 339420.000 341834.000 75507.000 
75905.000 339493.000 341834.000 76251.000 
75537.000 341059.000 341834.000 75548.000 
76705.000 341740.000 249063.000 76326.000 
75586.000 341740.000 236606.000 75491.000 
76059.000 341740.000 236865.000 75849.000 
75669.000 341740.000 243379.000 75383.000 
75959.000 341740.000 246131.000 75267.000 
75661.000 237257.000 249328.000 75359.000 
75365.000 238615.000 253186.000 75442.000 
75760.000 242719.000 257797.000 75666.000 
75348.000 245954.000 262507.000 75265.000 
76548.000 248460.000 267052.000 76301.000 
75444.000 252924.000 271275.000 75014.000 
76224.000 256007.000 274688.000 76348.000 
75336.000 261199.000 279485.000 75372.000 
75055.000 265106.000 283958.000 75232.000 
74920.000 269851.000 288026.000 75138.000 
75281.000 274439.000 291533.000 75222.000 
75751.000 278672.000 295956.000 75310.000 
75305.000 282199.000 298680.000 75169.000 
76533.000 286564.000 303209.000 75735.000 
75174.000 290943.000 305898.000 75158.000 
75778.000 293933.000 308405.000 76021.000 
75031.000 298302.000 312441.000 75244.000 
75205.000 301222.000 315190.000 75541.000 
74872.000 305030.000 317716.000 75103.000 
75364.000 308050.000 320099.000 75079.000 
75664.000 310534.000 322406.000 75521.000 
74784.000 313026.000 324714.000 75299.000 
76387.000 316596.000 326890.000 75798.000 
74691.000 319047.000 328858.000 74793.000 
76040.000 320878.000 329786.000 75357.000 
74272.000 322619.000 332177.000 74305.000 
74684.000 325039.000 334257.000 75177.000 
74338.000 327449.000 334629.000 74741.000 
74712.000 329799.000 336965.000 75328.000 
75271.000 331806.000 337034.000 75047.000 
74661.000 332249.000 339364.000 75079.000 
76191.000 334580.000 339454.000 75899.000 
75261.000 336400.000 339397.000 74912.000 
75924.000 337027.000 341800.000 75785.000 
75223.000 339287.000 341862.000 74922.000 
75188.000 339472.000 341862.000 75390.000 
75150.000 339414.000 341862.000 75393.000 
75273.000 341128.000 341862.000 75513.000 
75512.000 341808.000 248975.000 75069.000 
75359.000 341808.000 236653.000 75303.000 
76211.000 341808.000 238981.000 75829.000 
75219.000 341808.000 243690.000 75167.000 
76449.000 341808.000 246182.000 75997.000 
75383.000 236986.000 250411.000 75364.000 
75278.000 238712.000 254107.000 75297.000 
74983.000 243074.000 258328.000 75110.000 
74990.000 245965.000 262808.000 75148.000 
75548.000 248553.000 267429.000 74761.000 
74908.000 253084.000 271965.000 74730.000 
75789.000 256741.000 276346.000 75197.000 
74620.000 261838.000 279850.000 74569.000 
75741.000 265768.000 284268.000 75957.000 
74661.000 269944.000 288760.000 74756.000 
75239.000 274591.000 292575.000 74948.000 
75382.000 279122.000 296185.000 74742.000 
74751.000 283118.000 299898.000 74867.000 
75123.000 286637.000 303203.000 75121.000 
75156.000 291249.000 305892.000 75214.000 
75774.000 294730.000 308719.000 75450.000 
75039.000 298532.000 312530.000 75027.000 
76497.000 301139.000 315326.000 75815.000 
75369.000 304575.000 317883.000 75116.000 
75513.000 307845.000 320172.000 75722.000 
74994.000 310618.000 322569.000 75436.000 
75184.000 313090.000 324842.000 75472.000 
75327.000 316701.000 326975.000 75268.000 
75487.000 318706.000 328947.000 75289.000 
67802.000 322039.000 329902.000 67985.000 
39341.000 323862.000 332242.000 37771.000 
25484.000 325477.000 334444.000 25976.000 
28961.000 327470.000 334663.000 29092.000 
40505.000 329914.000 336960.000 40022.000 
49967.000 331918.000 337009.000 49339.000 
59282.000 333491.000 339425.000 58294.000 
68404.000 334577.000 339386.000 68432.000 
74927.000 336792.000 339463.000 74784.000 
80026.000 337006.000 341812.000 80710.000 
82271.000 339425.000 341835.000 82508.000 
83128.000 339530.000 341835.000 83185.000 
84744.000 339464.000 341835.000 84687.000 
84938.000 341323.000 341835.000 85091.000 
85689.000 341851.000 247472.000 85706.000 
85538.000 341851.000 236695.000 85270.000 
85962.000 341851.000 239232.000 85429.000 
82511.000 341851.000 243683.000 82699.000 
80759.000 341851.000 246752.000 80357.000 
78163.000 341851.000 250505.000 78413.000 
78171.000 246138.000 254573.000 78091.000 
76633.000 236708.000 258854.000 76603.000 
76286.000 237969.000 262863.000 76035.000 
75675.000 243510.000 267487.000 75991.000 
75195.000 246118.000 272202.000 75311.000 
75526.000 249722.000 276564.000 75826.000 
75126.000 253255.000 280492.000 75084.000 
75645.000 257919.000 284436.000 75301.000 
75030.000 262684.000 288889.000 75148.000 
75769.000 267323.000 292711.000 75422.000 
75019.000 271690.000 296289.000 74851.000 
75858.000 275328.000 300161.000 75428.000 
75217.000 279534.000 303223.000 75124.000 
75479.000 284074.000 305922.000 75045.000 
75384.000 288258.000 309085.000 75709.000 
75651.000 291542.000 312628.000 75182.000 
75855.000 296162.000 315435.000 75815.000 
75268.000 299300.000 317912.000 74921.000 
75623.000 303333.000 320225.000 75511.000 
75322.000 305919.000 322595.000 74831.000 
75956.000 308881.000 324834.000 75732.000 
75220.000 312545.000 327099.000 74777.000 
75788.000 315303.000 329215.000 75674.000 
74911.000 317908.000 329950.000 74994.000 
75168.000 320305.000 332250.000 75218.000 
75021.000 322626.000 334473.000 75033.000 
75264.000 324856.000 334606.000 74736.000 
75630.000 327088.000 337010.000 75483.000 
74941.000 329165.000 337462.000 74582.000 
75492.000 329872.000 339454.000 75395.000 
75109.000 332256.000 339404.000 74798.000 
75404.000 334494.000 339478.000 75492.000 
75312.000 334646.000 341801.000 74850.000 
75973.000 337016.000 341827.000 75733.000 
75105.000 337301.000 341827.000 75243.000 
75266.000 339411.000 341827.000 75292.000 
75198.000 339493.000 341827.000 75495.000 
75403.000 339431.000 244964.000 74841.000 
75488.000 341754.000 236586.000 75338.000 
75052.000 341746.000 239561.000 74566.000 
75451.000 341746.000 243808.000 75386.000 
74930.000 341746.000 247415.000 74776.000 
75292.000 341746.000 250570.000 75058.000 
74743.000 246098.000 254909.000 75009.000 
76080.000 236559.000 259155.000 75244.000 
74850.000 239524.000 263277.000 74439.000 
74971.000 243788.000 267523.000 75247.000 
75214.000 246736.000 272202.000 75267.000 
74686.000 250571.000 276736.000 75043.000 
75373.000 254540.000 280900.000 75271.000 
74709.000 258812.000 284296.000 74479.000 
75433.000 262823.000 288922.000 75025.000 
75120.000 267397.000 293183.000 74412.000 
75279.000 272069.000 296314.000 75398.000 
75372.000 276587.000 300501.000 74823.000 
75965.000 280403.000 303413.000 75732.000 
75340.000 284226.000 305906.000 75161.000 
75425.000 288797.000 309478.000 75246.000 
75304.000 292903.000 312840.000 75398.000 
75451.000 296235.000 315477.000 74969.000 
75343.000 300274.000 317869.000 75623.000 
75079.000 303412.000 320164.000 74899.000 
75324.000 305932.000 322506.000 75454.000 
75144.000 309152.000 324873.000 74851.000 
75597.000 312552.000 327208.000 75300.000 
75008.000 315257.000 329378.000 75128.000 
75985.000 317801.000 329788.000 75814.000 
75005.000 320175.000 332187.000 75208.000 
75518.000 322495.000 334429.000 75149.000 
74687.000 324830.000 334576.000 75133.000 
74112.000 327035.000 336995.000 73956.000 
74143.000 329125.000 338041.000 74278.000 
73096.000 329857.000 339357.000 72740.000 
73662.000 332225.000 339454.000 74026.000 
72950.000 334377.000 339397.000 72942.000 
73257.000 334629.000 341788.000 73054.000 
72933.000 336989.000 341895.000 72958.000 
73431.000 337276.000 341895.000 73207.000 
72956.000 339464.000 341895.000 72909.000 
72851.000 339413.000 341895.000 72701.000 
72949.000 339362.000 242107.000 72689.000 
72258.000 341752.000 236576.000 72780.000 
73148.000 341878.000 240181.000 72888.000 
72238.000 341878.000 244078.000 72457.000 
55935.000 341878.000 247833.000 55863.000 
30470.000 341878.000 250744.000 31736.000 
31868.000 244898.000 255302.000 32550.000 
46766.000 236659.000 259487.000 46988.000 
55669.000 239757.000 264287.000 55796.000 
65603.000 243745.000 268273.000 65695.000 
75790.000 247155.000 272335.000 76699.000 
83065.000 250625.000 277015.000 82768.000 
88809.000 254778.000 281343.000 88459.000 
91045.000 259248.000 285103.000 91010.000 
92131.000 263458.000 289842.000 92145.000 
93498.000 269774.000 297287.000 93099.000 
92579.000 275332.000 300350.000 92447.000 
94289.000 281284.000 303404.000 93553.000 
92004.000 284154.000 303302.000 92044.000 
91870.000 287490.000 305959.000 92192.000 
92076.000 289493.000 309845.000 91905.000 
87699.000 292755.000 312762.000 88185.000 
84952.000 296251.000 315449.000 85118.000 
81342.000 300057.000 317903.000 81680.000 
81286.000 303302.000 320235.000 81228.000 
79397.000 305906.000 322634.000 79496.000 
79055.000 308879.000 324965.000 78843.000 
78252.000 312575.000 327236.000 77916.000 
77714.000 315359.000 329505.000 77313.000 
78951.000 317906.000 329862.000 79055.000 
77439.000 320324.000 332193.000 77276.000 
77474.000 322623.000 334506.000 77430.000 
76980.000 324862.000 334679.000 76746.000 
77344.000 327103.000 336988.000 77090.000 
78006.000 329193.000 338206.000 77543.000 
77187.000 329901.000 339525.000 77292.000 
78186.000 332344.000 339354.000 78079.000 
77452.000 334514.000 339435.000 77371.000 
77650.000 334664.000 341786.000 77248.000 
77822.000 336965.000 341808.000 77936.000 
77560.000 337257.000 344239.000 77178.000 
78244.000 339372.000 344183.000 78300.000 
77572.000 339458.000 344183.000 77150.000 
77870.000 339530.000 344183.000 77690.000 
77476.000 341841.000 271433.000 77684.000 
77527.000 341890.000 239135.000 77272.000 
78257.000 344134.000 239881.000 78300.000 
76942.000 344153.000 245858.000 77999.000 
78260.000 344259.000 249849.000 78267.000 
77543.000 344227.000 253058.000 77801.000 
77518.000 344192.000 255882.000 77750.000 
77419.000 344300.000 260206.000 77902.000 
77477.000 344263.000 264322.000 77106.000 
78317.000 344230.000 268320.000 78170.000 
77386.000 344259.000 272367.000 77827.000 
78147.000 344227.000 277064.000 78344.000 
77833.000 344198.000 281411.000 77746.000 
77654.000 344298.000 285372.000 77307.000 
78220.000 344263.000 289061.000 78036.000 
77394.000 344230.000 293541.000 77710.000 
78527.000 344230.000 296356.000 78502.000 
77753.000 344227.000 300348.000 78046.000 
77866.000 344198.000 303294.000 77802.000 
78101.000 344298.000 305809.000 77531.000 
77317.000 344261.000 308881.000 77091.000 
78587.000 344224.000 312545.000 78324.000 
77632.000 344230.000 315384.000 77450.000 
77538.000 344201.000 317919.000 77782.000 
77591.000 344176.000 320267.000 77188.000 
77377.000 344298.000 322547.000 77102.000 
78146.000 344261.000 324854.000 77740.000 
77132.000 346506.000 327088.000 77053.000 
77960.000 346665.000 329165.000 78256.000 
77120.000 346665.000 329888.000 77358.000 
77572.000 346665.000 332300.000 77453.000 
77590.000 345790.000 334433.000 77786.000 
77133.000 245211.000 334646.000 77030.000 
77930.000 243789.000 337016.000 78512.000 
76996.000 247948.000 337303.000 77413.000 
77564.000 253977.000 339485.000 77477.000 
77309.000 259770.000 339431.000 77812.000 
78207.000 265031.000 339404.000 77949.000 
80164.000 269879.000 341760.000 79637.000 
79161.000 272376.000 341815.000 79258.000 
79645.000 274780.000 344156.000 80111.000 
79623.000 278450.000 344259.000 79663.000 
79880.000 281945.000 344259.000 79894.000 
80191.000 285403.000 344259.000 80116.000 
79613.000 288925.000 302241.000 79926.000 
80905.000 292731.000 239288.000 80769.000 
80190.000 296145.000 239001.000 79822.000 
80260.000 300343.000 245637.000 80156.000 
79848.000 303337.000 248961.000 80040.000 
78875.000 305938.000 252684.000 79365.000 
79611.000 309315.000 255398.000 79225.000 
78715.000 312624.000 259928.000 78198.000 
78847.000 315263.000 263280.000 78501.000 
78251.000 317778.000 267533.000 77683.000 
77447.000 320947.000 272208.000 77641.000 
78213.000 323689.000 276733.000 78027.000 
77589.000 326518.000 280741.000 77351.000 
77819.000 328162.000 284339.000 78191.000 
77406.000 329783.000 288874.000 77291.000 
77364.000 332197.000 293045.000 77624.000 
78118.000 334552.000 296260.000 77577.000 
77216.000 336737.000 299623.000 77646.000 
78973.000 337038.000 303077.000 78706.000 
64821.000 339367.000 305810.000 67164.000 
37290.000 341208.000 308272.000 38569.000 
25945.000 341793.000 312224.000 26084.000 
29352.000 344053.000 315265.000 29737.000 
42105.000 344267.000 317826.000 42176.000 
50533.000 344234.000 320084.000 50757.000 
59902.000 346202.000 322423.000 60434.000 
69542.000 346564.000 324627.000 69592.000 
76530.000 346564.000 326765.000 76685.000 
82459.000 346564.000 328619.000 82046.000 
84372.000 346564.000 329763.000 84217.000 
85643.000 346564.000 332182.000 85804.000 
86704.000 242163.000 334248.000 86962.000 
87249.000 243449.000 334575.000 87096.000 
88371.000 246822.000 336947.000 88264.000 
88271.000 249934.000 337019.000 87373.000 
88636.000 252960.000 339349.000 89051.000 
84540.000 255768.000 339362.000 84579.000 
82078.000 260251.000 339442.000 82351.000 
80858.000 265004.000 341772.000 81042.000 
80522.000 269613.000 341843.000 80137.000 
79195.000 273941.000 344200.000 79558.000 
77734.000 277683.000 344192.000 78081.000 
77919.000 281862.000 344192.000 77533.000 
76014.000 286391.000 344192.000 76262.000 
76326.000 290316.000 334262.000 76478.000 
74376.000 293866.000 239395.000 74546.000 
74728.000 298420.000 239020.000 74794.000 
74318.000 302124.000 245125.000 74557.000 
74708.000 305781.000 248254.000 74749.000 
74892.000 308289.000 252167.000 74938.000 
74713.000 311760.000 255254.000 74668.000 
75835.000 315114.000 259599.000 75798.000 
74856.000 317778.000 262794.000 75044.000 
75752.000 320323.000 267433.000 75436.000 
74895.000 322748.000 271970.000 74799.000 
75031.000 325094.000 276350.000 75127.000 
74838.000 327469.000 279849.000 75045.000 
75213.000 329886.000 284267.000 75289.000 
75365.000 332238.000 288742.000 75258.000 
75406.000 334543.000 292307.000 74906.000 
76039.000 336195.000 296023.000 76067.000 
75095.000 337006.000 298739.000 74859.000 
76082.000 339326.000 302706.000 76013.000 
75102.000 340197.000 305779.000 74866.000 
75227.000 341806.000 308306.000 75105.000 
75167.000 343936.000 311576.000 75044.000 
75306.000 344228.000 314970.000 75293.000 
75335.000 344200.000 317761.000 75187.000 
75301.000 345357.000 320055.000 74915.000 
76069.000 346620.000 322368.000 76132.000 
75181.000 346620.000 324450.000 74868.000 
75860.000 346620.000 326263.000 76347.000 
75298.000 346620.000 327464.000 74913.000 
75144.000 346620.000 329887.000 75146.000 
75009.000 244203.000 332202.000 75069.000 
75269.000 242950.000 333990.000 75214.000 
75119.000 245413.000 334757.000 75214.000 
75293.000 248575.000 336978.000 74912.000 
76257.000 252009.000 337104.000 76181.000 
75110.000 255538.000 339410.000 74844.000 
76193.000 259610.000 339381.000 76156.000 
75141.000 264522.000 339458.000 74892.000 
75219.000 268635.000 341767.000 75179.000 
75216.000 272459.000 341874.000 74902.000 
75188.000 277133.000 344135.000 75237.000 
75449.000 281598.000 344148.000 75264.000 
75369.000 285600.000 344148.000 74842.000 
76013.000 289176.000 344148.000 75906.000 
75173.000 293624.000 338554.000 74843.000 
76407.000 297697.000 239675.000 76132.000 
75305.000 301085.000 239002.000 74892.000 
75208.000 305339.000 244237.000 75260.000 
75102.000 308163.000 248102.000 74853.000 
75459.000 310719.000 251225.000 75452.000 
75467.000 314294.000 254886.000 75309.000 
75239.000 317432.000 258913.000 75026.000 
75821.000 320102.000 262708.000 76079.000 
75144.000 322654.000 267230.000 74872.000 
76369.000 325102.000 271645.000 76570.000 
75175.000 327546.000 275654.000 74858.000 
75326.000 329895.000 279549.000 75319.000 
75511.000 332170.000 284091.000 74877.000 
75307.000 334472.000 288285.000 75385.000 
75159.000 334606.000 291599.000 75223.000 
75272.000 337090.000 295888.000 74919.000 
75853.000 339442.000 298624.000 76012.000 
75239.000 339461.000 302133.000 74896.000 
76311.000 341771.000 305533.000 76644.000 
75106.000 343280.000 308119.000 74850.000 
75259.000 344172.000 310724.000 75197.000 
75282.000 344176.000 314588.000 74956.000 
75384.000 344215.000 317533.000 75392.000 
75146.000 346659.000 319792.000 75164.000 
75250.000 346550.000 321927.000 74926.000 
76022.000 346550.000 323677.000 75810.000 
75139.000 346550.000 325066.000 74914.000 
76116.000 346550.000 327424.000 76423.000 
75135.000 249663.000 329819.000 74771.000 
75376.000 241330.000 332134.000 75148.000 
75147.000 244066.000 333381.000 74923.000 
75348.000 248583.000 334600.000 75281.000 
75070.000 250966.000 336805.000 75188.000 
74207.000 255118.000 337040.000 74870.000 
56504.000 258122.000 339333.000 58214.000 
32656.000 262782.000 339478.000 30567.000 
31590.000 267427.000 339418.000 31743.000 
45956.000 272133.000 341673.000 46329.000 
55083.000 276593.000 341858.000 55022.000 
65407.000 280442.000 344134.000 64949.000 
76693.000 284368.000 344220.000 76124.000 
83902.000 288856.000 344220.000 83931.000 
89455.000 292919.000 344220.000 89368.000 
92361.000 296306.000 342856.000 92189.000 
93498.000 300745.000 240316.000 93131.000 
92094.000 309690.000 241722.000 92055.000 
92810.000 314076.000 253795.000 92357.000 
93392.000 316829.000 257948.000 92904.000 
92718.000 313540.000 255138.000 92803.000 
92270.000 316040.000 254170.000 92112.000 
92950.000 319602.000 257988.000 93455.000 
90619.000 322460.000 262115.000 90628.000 
88067.000 324914.000 266871.000 87484.000 
85060.000 327269.000 271178.000 84396.000 
82930.000 329619.000 274697.000 83108.000 
82129.000 331804.000 279452.000 82115.000 
80797.000 333691.000 283908.000 80733.000 
79791.000 334655.000 287696.000 79672.000 
76879.000 337001.000 291462.000 77319.000 
77028.000 339024.000 295445.000 77032.000 
75632.000 339472.000 298650.000 75863.000 
76515.000 341791.000 301530.000 76646.000 
76244.000 341733.000 305450.000 76747.000 
76134.000 344171.000 308114.000 76853.000 
78161.000 344163.000 310700.000 78106.000 
77059.000 344163.000 314165.000 76954.000 
77459.000 346565.000 317416.000 77270.000 
77151.000 346658.000 319611.000 77081.000 
77394.000 348942.000 321611.000 77415.000 
77965.000 348999.000 322959.000 77898.000 
77355.000 348999.000 325152.000 77053.000 
78374.000 348999.000 327412.000 78375.000 
77233.000 348999.000 329746.000 77386.000 
77654.000 348999.000 332007.000 77516.000 
77447.000 348999.000 332745.000 77785.000 
77275.000 348999.000 334569.000 77324.000 
77967.000 348999.000 336664.000 78250.000 
77195.000 348974.000 337018.000 77407.000 
77607.000 348999.000 339296.000 77734.000 
77184.000 348999.000 339442.000 77731.000 
77583.000 348999.000 339386.000 77092.000 
78312.000 348999.000 341487.000 78184.000 
77320.000 348999.000 341820.000 76984.000 
77922.000 348999.000 344071.000 78134.000 
77517.000 348999.000 344204.000 77363.000 
77262.000 348999.000 344179.000 77156.000 
77684.000 348999.000 344156.000 77610.000 
77577.000 348999.000 344157.000 77181.000 
78268.000 348999.000 344262.000 78393.000 
77776.000 348999.000 344229.000 77484.000 
77759.000 348999.000 344204.000 78267.000 
77472.000 348999.000 344179.000 77792.000 
77532.000 348983.000 344156.000 77258.000 
78880.000 351311.000 344156.000 78447.000 
77567.000 351370.000 344262.000 78116.000 
77852.000 351370.000 344229.000 78164.000 
77368.000 351449.000 344201.000 77721.000 
77240.000 353832.000 344164.000 77580.000 
78135.000 353728.000 344156.000 78006.000 
77010.000 353728.000 344156.000 77819.000 
78182.000 353728.000 344262.000 78474.000 
77332.000 353728.000 344229.000 77628.000 
77444.000 353728.000 344201.000 77539.000 
77794.000 249140.000 344175.000 77754.000 
77020.000 250968.000 344153.000 77711.000 
78238.000 254382.000 344156.000 78488.000 
77511.000 260093.000 344262.000 77594.000 
77742.000 266219.000 344229.000 77381.000 
77936.000 271946.000 345752.000 77500.000 
77514.000 274687.000 346624.000 77756.000 
79082.000 277210.000 346548.000 78859.000 
77948.000 279657.000 346548.000 77344.000 
77600.000 283897.000 348913.000 77669.000 
77526.000 287586.000 348999.000 77841.000 
77579.000 291438.000 350271.000 77276.000 
78028.000 295910.000 351422.000 78105.000 
77124.000 299577.000 352748.000 77143.000 
77752.000 303432.000 353794.000 78050.000 
77091.000 307600.000 356064.000 77297.000 
77525.000 310666.000 356116.000 77168.000 
77558.000 314482.000 356116.000 77788.000 
77424.000 317596.000 356116.000 77070.000 
78577.000 320183.000 356116.000 78455.000 
77384.000 322703.000 356116.000 76929.000 
77516.000 325875.000 303748.000 77691.000 
77276.000 329207.000 252769.000 77448.000 
77524.000 332080.000 253332.000 77473.000 
78242.000 334640.000 257593.000 78386.000 
77270.000 336879.000 263982.000 77282.000 
77710.000 339044.000 267622.000 78178.000 
77238.000 340850.000 269959.000 77369.000 
77624.000 341787.000 273874.000 77153.000 
77625.000 344220.000 277120.000 77859.000 
77309.000 346629.000 281691.000 77069.000 
78126.000 347357.000 285921.000 78207.000 
77577.000 348993.000 289135.000 77432.000 
77436.000 350952.000 293671.000 77487.000 
69818.000 351318.000 298163.000 70075.000 
40125.000 353569.000 301374.000 41698.000 
26007.000 353731.000 305743.000 26195.000 
27726.000 353731.000 309823.000 27611.000 
38173.000 353731.000 312990.000 37913.000 
48010.000 353731.000 317134.000 48532.000 
58056.000 353731.000 320170.000 58091.000 
68625.000 270895.000 324425.000 68326.000 
75966.000 248461.000 327296.000 76633.000 
81510.000 248468.000 329866.000 82763.000 
85495.000 252676.000 332247.000 85226.000 
87259.000 253371.000 335226.000 87431.000 
89150.000 257687.000 338637.000 89179.000 
89085.000 259269.000 340600.000 89156.000 
88198.000 261910.000 343441.000 88147.000 
87125.000 264917.000 344616.000 87213.000 
87587.000 267488.000 346581.000 87519.000 
84101.000 269953.000 348977.000 84049.000 
81443.000 272333.000 351326.000 80923.000 
79341.000 274804.000 351359.000 79373.000 
77454.000 277234.000 353780.000 77552.000 
76523.000 279570.000 354980.000 77089.000 
75480.000 281880.000 356116.000 75721.000 
75099.000 284239.000 356116.000 75183.000 
73798.000 284628.000 356116.000 74302.000 
74365.000 286760.000 356116.000 74616.000 
73830.000 289132.000 356116.000 73771.000 
73131.000 290233.000 249902.000 72891.000 
73011.000 291647.000 248414.000 73066.000 
73045.000 293926.000 252779.000 72579.000 
73463.000 293999.000 254615.000 73685.000 
74237.000 296150.000 257966.000 74121.000 
74695.000 296421.000 260258.000 74927.000 
74968.000 297744.000 262779.000 75021.000 
75718.000 298852.000 265179.000 75611.000 
75539.000 298874.000 267575.000 75691.000 
75426.000 300152.000 270019.000 75628.000 
76080.000 301157.000 272397.000 76372.000 
75495.000 301143.000 275225.000 75443.000 
75133.000 301125.000 278317.000 75412.000 
75152.000 301235.000 280995.000 74975.000 
75514.000 301240.000 283430.000 75472.000 
75239.000 301210.000 286067.000 74890.000 
75276.000 301210.000 287071.000 76094.000 
75602.000 301141.000 289262.000 75474.000 
75312.000 301123.000 291630.000 75201.000 
75914.000 301235.000 293605.000 75657.000 
75487.000 301205.000 294031.000 75112.000 
75411.000 301180.000 296426.000 75141.000 
74997.000 301210.000 298359.000 74813.000 
75223.000 301184.000 298811.000 75208.000 
74930.000 301161.000 300889.000 74753.000 
75344.000 301233.000 301178.000 75835.000 
75950.000 301205.000 301180.000 75349.000 
74998.000 301180.000 303597.000 75240.000 
75524.000 301180.000 303551.000 75116.000 
75152.000 301184.000 303607.000 75409.000 
75146.000 301161.000 305916.000 75234.000 
75274.000 301266.000 305966.000 74565.000 
75585.000 301204.000 305966.000 75250.000 
75067.000 301178.000 305971.000 74736.000 
75676.000 301180.000 305997.000 75732.000 
75694.000 303559.000 305997.000 75262.000 
75405.000 303528.000 305998.000 75072.000 
75630.000 303607.000 305965.000 75829.000 
75246.000 305040.000 305965.000 75429.000 
75191.000 305994.000 305971.000 75218.000 
74862.000 305965.000 305974.000 75155.000 
75357.000 308333.000 305977.000 75518.000 
74629.000 308341.000 305998.000 74730.000 
75510.000 310735.000 305998.000 75903.000 
75188.000 310834.000 305998.000 75280.000 
75020.000 313167.000 305969.000 75234.000 
75291.000 315398.000 305974.000 75526.000 
74825.000 316947.000 305977.000 74882.000 
75306.000 317918.000 305980.000 75618.000 
74764.000 320362.000 305998.000 75072.000 
75074.000 322745.000 305998.000 75004.000 
74482.000 325087.000 305998.000 74629.000 
75415.000 327462.000 305973.000 75519.000 
74665.000 330679.000 305976.000 74782.000 
75036.000 334118.000 305980.000 74954.000 
75133.000 334614.000 308251.000 75152.000 
74866.000 336977.000 308324.000 75264.000 
75323.000 339039.000 308422.000 75577.000 
75101.000 341564.000 308963.000 75079.000 
76262.000 343962.000 310812.000 76012.000 
75270.000 346506.000 310816.000 74974.000 
75989.000 350172.000 313065.000 75652.000 
75143.000 353590.000 313161.000 75159.000 
75377.000 355672.000 315474.000 75240.000 
74959.000 355672.000 315524.000 75330.000 
75194.000 355672.000 317957.000 75314.000 
75387.000 355672.000 320126.000 75564.000 
75261.000 355672.000 321304.000 75285.000 
75866.000 355672.000 322663.000 76021.000 
75052.000 264280.000 325076.000 75316.000 
76179.000 258135.000 327434.000 76076.000 
75081.000 258139.000 329877.000 75114.000 
75742.000 260516.000 332286.000 75775.000 
75005.000 265024.000 334645.000 75119.000 
75282.000 267757.000 337094.000 74996.000 
75386.000 272303.000 339159.000 75065.000 
75371.000 276775.000 341742.000 75115.000 
57662.000 281487.000 344183.000 57755.000 
32349.000 286441.000 346467.000 31203.000 
28870.000 291317.000 348635.000 28585.000 
41344.000 296066.000 351287.000 41192.000 
50721.000 300517.000 353991.000 50445.000 
59989.000 304686.000 358238.000 60717.000 
70739.000 308272.000 358238.000 70683.000 
78024.000 312753.000 358238.000 77943.000 
84266.000 316101.000 358238.000 83847.000 
87192.000 320111.000 358238.000 86341.000 
87907.000 323720.000 358238.000 87940.000 
88952.000 327260.000 332510.000 89261.000 
89371.000 330698.000 260619.000 89591.000 
89774.000 334173.000 260626.000 90104.000 
89116.000 336956.000 262805.000 89116.000 
89097.000 339365.000 265083.000 89845.000 
87104.000 341848.000 267947.000 87717.000 
83051.000 344956.000 272311.000 83095.000 
80099.000 346620.000 276944.000 80535.000 
78142.000 349241.000 281615.000 78343.000 
78008.000 351318.000 286492.000 77957.000 
76477.000 353714.000 291255.000 76427.000 
76581.000 353804.000 296135.000 76233.000 
75483.000 353804.000 300859.000 75418.000 
75405.000 353804.000 305213.000 75900.000 
75573.000 353804.000 309612.000 75222.000 
75370.000 353804.000 312949.000 75290.000 
75216.000 249094.000 317442.000 75551.000 
74876.000 250857.000 320591.000 74791.000 
75022.000 252988.000 324777.000 75166.000 
74790.000 255195.000 327642.000 75171.000 
75538.000 257415.000 331917.000 75721.000 
75000.000 260098.000 334555.000 74838.000 
75386.000 262693.000 338188.000 75540.000 
75283.000 265137.000 341304.000 75109.000 
75220.000 267568.000 343933.000 74827.000 
75057.000 270033.000 346458.000 75311.000 
74577.000 272434.000 348933.000 75260.000 
75007.000 274841.000 351277.000 75164.000 
74495.000 277851.000 353658.000 74595.000 
75655.000 280668.000 355886.000 75180.000 
75154.000 283202.000 356114.000 75136.000 
74956.000 285944.000 356114.000 75475.000 
75752.000 288329.000 356114.000 75622.000 
75214.000 289212.000 356114.000 75062.000 
75146.000 291594.000 356114.000 75322.000 
75216.000 293509.000 261775.000 75397.000 
75279.000 294047.000 252583.000 75326.000 
75159.000 296456.000 253260.000 75075.000 
75409.000 298285.000 255665.000 76047.000 
75823.000 298722.000 258015.000 75378.000 
75764.000 300997.000 260405.000 75907.000 
75396.000 301125.000 262877.000 75290.000 
75262.000 301171.000 265279.000 75096.000 
75074.000 303567.000 268401.000 74994.000 
75164.000 303660.000 271529.000 74771.000 
74643.000 303521.000 274201.000 75373.000 
75352.000 305887.000 277054.000 75541.000 
74993.000 305950.000 279586.000 75206.000 
75769.000 305950.000 281992.000 75566.000 
75161.000 305952.000 284345.000 75185.000 
75061.000 305996.000 286758.000 75253.000 
74887.000 305997.000 289131.000 74810.000 
75096.000 305997.000 291480.000 75015.000 
74969.000 305948.000 293529.000 74884.000 
74937.000 305950.000 293998.000 75050.000 
75516.000 305956.000 296349.000 75480.000 
75466.000 305962.000 298380.000 75505.000 
75746.000 305996.000 298818.000 75372.000 
75319.000 305997.000 301093.000 75623.000 
75034.000 305997.000 301235.000 75302.000 
74829.000 305948.000 303614.000 74892.000 
74839.000 305956.000 303547.000 74981.000 
75179.000 305962.000 305267.000 74938.000 
75277.000 305966.000 305995.000 74989.000 
75410.000 305968.000 305997.000 75669.000 
75470.000 305997.000 307149.000 75122.000 
74826.000 305997.000 308342.000 75047.000 
75570.000 305997.000 308303.000 75241.000 
74667.000 305960.000 308390.000 75237.000 
75115.000 305966.000 308339.000 74828.000 
74690.000 305971.000 308364.000 75069.000 
75557.000 308308.000 308444.000 75361.000 
74784.000 308364.000 308388.000 74988.000 
75337.000 308444.000 308302.000 75481.000 
75652.000 310035.000 308390.000 75495.000 
74975.000 310684.000 308341.000 75016.000 
75630.000 310727.000 308341.000 75632.000 
75392.000 313054.000 308443.000 75347.000 
75672.000 313098.000 308388.000 75807.000 
75144.000 315495.000 308339.000 74777.000 
75604.000 315870.000 308389.000 75429.000 
75209.000 317954.000 308341.000 75587.000 
75106.000 320274.000 308341.000 75264.000 
75641.000 322063.000 308424.000 75746.000 
75275.000 322691.000 308369.000 75103.000 
76533.000 325135.000 308339.000 76832.000 
74503.000 327522.000 308422.000 75254.000 
75230.000 329872.000 308369.000 75069.000 
74798.000 332301.000 308340.000 74915.000 
74940.000 335940.000 308424.000 75171.000 
74760.000 337009.000 310103.000 75052.000 
74615.000 339336.000 310712.000 75323.000 
67519.000 341826.000 310763.000 67192.000 
40831.000 344104.000 310793.000 39133.000 
25672.000 346366.000 313069.000 25260.000 
31964.000 348831.000 313209.000 32369.000 
45507.000 351296.000 314672.000 45471.000 
53902.000 354157.000 315525.000 53607.000 
63731.000 355659.000 317041.000 64157.000 
72432.000 355659.000 317954.000 72955.000 
78946.000 355659.000 320176.000 79100.000 
82800.000 355659.000 320420.000 82599.000 
84685.000 355659.000 322805.000 84717.000 
86762.000 355659.000 325060.000 87152.000 
87225.000 259080.000 327368.000 87265.000 
88055.000 258112.000 329631.000 88540.000 
87002.000 259638.000 331849.000 87164.000 
86515.000 262179.000 334409.000 86565.000 
86667.000 265071.000 336927.000 86551.000 
82840.000 269554.000 339376.000 83464.000 
80325.000 273824.000 339434.000 80173.000 
78574.000 277953.000 343595.000 78351.000 
77851.000 283401.000 344151.000 78325.000 
76612.000 288239.000 347355.000 76684.000 
76625.000 292868.000 348984.000 76431.000 
74392.000 297319.000 353299.000 74070.000 
74057.000 301490.000 355919.000 74139.000 
73120.000 305771.000 357849.000 72850.000 
73224.000 310203.000 357849.000 73292.000 
72605.000 314087.000 357849.000 72901.000 
72592.000 317732.000 357849.000 72395.000 
73160.000 321666.000 357849.000 73539.000 
72641.000 325007.000 357849.000 72354.000 
73553.000 328868.000 267143.000 73818.000 
72580.000 332194.000 260434.000 72661.000 
73311.000 334679.000 260572.000 73141.000 
72646.000 337040.000 262923.000 72903.000 
72739.000 339969.000 265550.000 72524.000 
72902.000 343398.000 269883.000 72596.000 
72742.000 346148.000 274498.000 73050.000 
73276.000 348679.000 278700.000 72974.000 
72783.000 350814.000 283542.000 72354.000 
73305.000 352093.000 288421.000 73422.000 
72961.000 353761.000 293337.000 72495.000 
73138.000 353761.000 298107.000 72804.000 
72935.000 353761.000 302786.000 72595.000 
73143.000 353761.000 306384.000 73307.000 
72893.000 353761.000 310545.000 72661.000 
73530.000 289765.000 314803.000 73440.000 
72614.000 248616.000 318311.000 72851.000 
72855.000 250879.000 322484.000 72705.000 
72891.000 253292.000 325847.000 72809.000 
72765.000 255560.000 329585.000 72544.000 
73155.000 258131.000 332813.000 73261.000 
72500.000 260436.000 336320.000 72353.000 
72774.000 262846.000 339273.000 72580.000 
72386.000 265851.000 341793.000 72473.000 
72739.000 269013.000 344215.000 72934.000 
72414.000 271876.000 346948.000 72642.000 
73124.000 274493.000 348991.000 73272.000 
72592.000 277027.000 351399.000 72909.000 
72914.000 279461.000 353757.000 73006.000 
73232.000 281924.000 356170.000 73283.000 
72871.000 284288.000 356204.000 72816.000 
73182.000 286760.000 356204.000 73077.000 
72506.000 288993.000 356204.000 72803.000 
73242.000 290500.000 356204.000 73109.000 
72313.000 291578.000 356204.000 72622.000 
73519.000 293990.000 252188.000 73079.000 
72836.000 295502.000 253210.000 72631.000 
73242.000 296485.000 255155.000 72807.000 
73263.000 298767.000 256913.000 72866.000 
72716.000 298724.000 258426.000 72679.000 
73162.000 301120.000 261839.000 73330.000 
72586.000 301143.000 264796.000 72653.000 
72739.000 302338.000 267395.000 72376.000 
72361.000 303607.000 269865.000 72539.000 
73467.000 303660.000 272270.000 73328.000 
72626.000 304306.000 274731.000 72513.000 
73269.000 305925.000 277170.000 72829.000 
72765.000 305943.000 279913.000 72908.000 
72747.000 305950.000 282820.000 72707.000 
73141.000 305956.000 285556.000 73330.000 
72763.000 305996.000 287956.000 72571.000 
73034.000 305997.000 289181.000 72471.000 
72511.000 305997.000 291546.000 72633.000 
73284.000 305941.000 293945.000 72894.000 
72547.000 305950.000 295563.000 72449.000 
73235.000 305956.000 296371.000 72725.000 
72669.000 305962.000 298708.000 72794.000 
72915.000 305996.000 300257.000 72918.000 
73108.000 305997.000 301120.000 73157.000 
72584.000 305997.000 303202.000 72499.000 
73094.000 305948.000 303624.000 72453.000 
72672.000 305954.000 303547.000 72672.000 
73122.000 305962.000 305902.000 72756.000 
72604.000 305966.000 305997.000 72576.000 
73184.000 305966.000 305997.000 72651.000 
72488.000 305997.000 308253.000 72454.000 
73040.000 305997.000 308344.000 73051.000 
73086.000 305997.000 308303.000 73137.000 
72427.000 305960.000 308303.000 72552.000 
73077.000 305966.000 308390.000 72780.000 
72514.000 305966.000 308364.000 72711.000 
72826.000 308380.000 308444.000 72662.000 
72712.000 308364.000 308388.000 72500.000 
53332.000 308444.000 308302.000 50984.000 
28615.000 310613.000 308303.000 28592.000 
27860.000 310686.000 308390.000 27620.000 
39794.000 310687.000 308341.000 40380.000 
49540.000 313099.000 308443.000 50036.000 
59838.000 313098.000 308388.000 59272.000 
70463.000 315534.000 308339.000 70321.000 
77549.000 317411.000 308302.000 77668.000 
83608.000 317960.000 308389.000 84353.000 
86098.000 320265.000 308341.000 86183.000 
88141.000 322460.000 308424.000 87687.000 
89274.000 324376.000 308371.000 89198.000 
89584.000 326403.000 308339.000 89474.000 
88725.000 328456.000 308339.000 88702.000 
86871.000 331149.000 308422.000 87077.000 
85902.000 333851.000 308340.000 85949.000 
83347.000 336694.000 308424.000 83412.000 
80932.000 337012.000 310731.000 80706.000 
78278.000 339679.000 310714.000 78080.000 
77673.000 341848.000 310730.000 77925.000 
76492.000 344190.000 311013.000 76556.000 
75861.000 346545.000 313127.000 75977.000 
76008.000 349324.000 313210.000 76030.000 
75207.000 352738.000 315491.000 75232.000 
75209.000 355568.000 315528.000 75164.000 
74927.000 355568.000 317823.000 74980.000 
75088.000 355568.000 317954.000 75381.000 
74602.000 355568.000 320318.000 75072.000 
75787.000 355568.000 322505.000 75338.000 
74570.000 355568.000 323582.000 75182.000 
75862.000 285546.000 325103.000 75590.000 
75163.000 258224.000 327447.000 75545.000 
75254.000 258158.000 329858.000 75193.000 
75747.000 260342.000 332218.000 75465.000 
75100.000 262873.000 334688.000 75045.000 
75282.000 267045.000 337096.000 75086.000 
74805.000 271263.000 339454.000 74597.000 
75387.000 274838.000 341427.000 75490.000 
74304.000 279871.000 344098.000 74645.000 
75397.000 284924.000 345919.000 75345.000 
74414.000 289950.000 348813.000 74741.000 
75042.000 294458.000 350967.000 74835.000 
75063.000 298672.000 353685.000 75340.000 
74775.000 303449.000 356153.000 74589.000 
75280.000 307904.000 357874.000 75343.000 
74669.000 311053.000 357874.000 74534.000 
74879.000 315327.000 357874.000 75183.000 
74593.000 318858.000 357874.000 74736.000 
75561.000 322581.000 357874.000 75850.000 
74747.000 326327.000 357874.000 75091.000 
75394.000 329749.000 261429.000 75140.000 
75488.000 332241.000 260471.000 75470.000 
75089.000 336459.000 260697.000 74868.000 
75741.000 339176.000 264276.000 75522.000 
75002.000 341666.000 267481.000 75177.000 
75808.000 344170.000 271694.000 75661.000 
74913.000 346543.000 275923.000 74519.000 
75213.000 348960.000 280084.000 75602.000 
74310.000 351383.000 285326.000 75145.000 
75809.000 353673.000 290164.000 75637.000 
75091.000 353837.000 294942.000 75078.000 
74997.000 353837.000 299515.000 74951.000 
75121.000 353837.000 303499.000 74920.000 
74709.000 353837.000 308115.000 75000.000 
75707.000 353837.000 312469.000 75294.000 
75151.000 251797.000 316203.000 75183.000 
75924.000 250651.000 320020.000 75528.000 
74846.000 252181.000 323624.000 75460.000 
76008.000 253354.000 327352.000 75716.000 
74738.000 255634.000 330856.000 75322.000 
75989.000 258527.000 334428.000 75695.000 
75427.000 261921.000 336975.000 75107.000 
75102.000 264771.000 339777.000 74552.000 
75355.000 267388.000 343102.000 75284.000 
74740.000 269893.000 346065.000 74691.000 
75606.000 272322.000 348718.000 75172.000 
74727.000 274809.000 350957.000 74786.000 
75093.000 277219.000 353324.000 74941.000 
74885.000 279638.000 354839.000 75038.000 
75722.000 282059.000 356154.000 75690.000 
75084.000 284424.000 356154.000 75065.000 
75468.000 286818.000 356154.000 75212.000 
75134.000 289262.000 356154.000 75169.000 
75013.000 291447.000 356154.000 74640.000 
75429.000 291582.000 292198.000 75314.000 
75082.000 294044.000 251063.000 74732.000 
75329.000 296254.000 253328.000 75026.000 
74736.000 296415.000 255747.000 74981.000 
75646.000 298788.000 258018.000 75561.000 
74826.000 300372.000 260236.000 75089.000 
76011.000 301161.000 262772.000 75652.000 
74885.000 301143.000 265170.000 74968.000 
75065.000 303291.000 267639.000 75049.000 
75236.000 303555.000 270034.000 75491.000 
75126.000 303611.000 272384.000 74987.000 
75402.000 305666.000 276727.000 75493.000 
74893.000 305931.000 279257.000 75140.000 
75553.000 305943.000 281749.000 75145.000 
75159.000 305950.000 284294.000 74971.000 
76029.000 305950.000 286733.000 76059.000 
74754.000 305995.000 289095.000 74555.000 
75300.000 305996.000 291355.000 75062.000 
74980.000 305997.000 292148.000 75144.000 
66806.000 305941.000 293994.000 66849.000 
40679.000 305950.000 296334.000 38768.000 
26018.000 305950.000 297021.000 26199.000 
31690.000 305956.000 298757.000 31358.000 
45121.000 305958.000 301073.000 45074.000 
52874.000 305996.000 301123.000 52529.000 
62015.000 305997.000 303460.000 61877.000 
71621.000 305997.000 303571.000 71479.000 
78839.000 305948.000 303625.000 78776.000 
84307.000 305956.000 305952.000 84246.000 
86307.000 305962.000 305997.000 86186.000 
87898.000 305966.000 305997.000 88164.000 
89616.000 305997.000 308345.000 89690.000 
88658.000 305997.000 308394.000 89051.000 
88283.000 305997.000 308347.000 87817.000 
87573.000 305955.000 308303.000 87219.000 
87435.000 305962.000 308390.000 87717.000 
82762.000 308114.000 308364.000 83157.000 
80352.000 308390.000 308364.000 80687.000 
78213.000 308339.000 308444.000 78073.000 
77220.000 308364.000 308345.000 77060.000 
76510.000 310793.000 308303.000 76454.000 
76475.000 310834.000 308390.000 76016.000 
76189.000 312880.000 308341.000 75965.000 
74956.000 313111.000 308339.000 74819.000 
75998.000 315241.000 308443.000 75911.000 
74747.000 315482.000 308388.000 74570.000 
75279.000 317908.000 308339.000 75491.000 
74731.000 319717.000 308389.000 74813.000 
74898.000 320296.000 308341.000 75037.000 
74965.000 322636.000 308341.000 75015.000 
74880.000 324977.000 308424.000 75201.000 
75181.000 327311.000 308388.000 75233.000 
74468.000 329734.000 308339.000 74903.000 
75591.000 332146.000 308422.000 75888.000 
74590.000 334540.000 308340.000 74502.000 
75247.000 336993.000 308341.000 75634.000 
75089.000 338763.000 310779.000 74675.000 
75408.000 341644.000 310817.000 75337.000 
74771.000 343724.000 310713.000 75052.000 
75126.000 345264.000 312912.000 75014.000 
75275.000 348056.000 313134.000 74990.000 
75155.000 351058.000 313134.000 74934.000 
75687.000 353608.000 315531.000 75740.000 
74847.000 355643.000 315604.000 74717.000 
75619.000 355643.000 317933.000 75709.000 
74807.000 355643.000 319744.000 75013.000 
75242.000 355643.000 320335.000 75730.000 
75397.000 355643.000 322718.000 75311.000 
75428.000 355643.000 324988.000 75334.000 
75166.000 263470.000 326830.000 75102.000 
75113.000 258162.000 328650.000 75207.000 
75712.000 258181.000 330676.000 75755.000 
75207.000 260537.000 333445.000 75065.000 
76536.000 264149.000 336190.000 76228.000 
74755.000 267711.000 339092.000 75054.000 
75855.000 272169.000 339528.000 75682.000 
74846.000 276808.000 341835.000 74583.000 
75360.000 281671.000 344167.000 74454.000 
74894.000 286533.000 346473.000 74490.000 
74879.000 291276.000 348974.000 74908.000 
75429.000 296034.000 351971.000 74900.000 
74899.000 300564.000 355121.000 74805.000 
76054.000 304715.000 357984.000 75496.000 
74904.000 308278.000 357984.000 74748.000 
75394.000 312764.000 357984.000 75324.000 
75312.000 316866.000 357984.000 74846.000 
75332.000 320207.000 357984.000 75184.000 
75096.000 324107.000 357984.000 75611.000 
75440.000 327388.000 291900.000 75268.000 
75399.000 331370.000 260643.000 75182.000 
75172.000 334279.000 260511.000 75177.000 
76291.000 336926.000 262619.000 76374.000 
75337.000 339389.000 265293.000 75130.000 
75885.000 341756.000 269083.000 75912.000 
74835.000 344242.000 273039.000 75534.000 
75471.000 347114.000 277193.000 75132.000 
75347.000 348993.000 281856.000 74998.000 
75017.000 351415.000 286618.000 75170.000 
75866.000 353759.000 291391.000 75066.000 
75202.000 353825.000 296323.000 75051.000 
76182.000 353825.000 300992.000 75807.000 
75173.000 353825.000 305660.000 74827.000 
75640.000 353825.000 310224.000 75909.000 
75207.000 353825.000 313040.000 74538.000 
75018.000 249390.000 317633.000 75068.000 
74945.000 250802.000 321630.000 74873.000 
75148.000 252957.000 324909.000 75042.000 
75452.000 255016.000 328838.000 74822.000 
74962.000 258007.000 332154.000 74852.000 
75833.000 260407.000 334621.000 75325.000 
74754.000 262878.000 338747.000 74758.000 
75807.000 265261.000 341535.000 75470.000 
74639.000 267639.000 344047.000 74732.000 
75280.000 270067.000 346550.000 75573.000 
74781.000 272440.000 348966.000 74999.000 
74721.000 275669.000 351282.000 75050.000 
74840.000 278646.000 353644.000 74935.000 
74491.000 281258.000 355948.000 75159.000 
75240.000 283713.000 356055.000 75274.000 
74703.000 286304.000 356055.000 74692.000 
75651.000 287759.000 356055.000 75751.000 
75315.000 289277.000 356055.000 74590.000 
75432.000 291644.000 356055.000 75977.000 
60180.000 293679.000 256447.000 58389.000 
35207.000 294062.000 252882.000 35080.000 
31360.000 296455.000 253329.000 30527.000 
44921.000 298512.000 255814.000 44477.000 
53961.000 298798.000 258143.000 54461.000 
63245.000 300970.000 260376.000 63217.000 
74873.000 301163.000 262867.000 74507.000 
81415.000 301164.000 266256.000 81346.000 
86510.000 303558.000 269241.000 86372.000 
90359.000 303555.000 271974.000 90118.000 
91674.000 303611.000 274467.000 91827.000 
92850.000 305963.000 277176.000 93100.000 
92434.000 305932.000 279617.000 93075.000 
92726.000 305935.000 281995.000 93074.000 
93413.000 305943.000 284491.000 93221.000 
94264.000 305950.000 286881.000 95803.000 
93234.000 305995.000 289221.000 93033.000 
91273.000 305996.000 291542.000 91087.000 
88829.000 305997.000 293749.000 88757.000 
87382.000 305932.000 294001.000 87807.000 
85619.000 305941.000 296435.000 85456.000 
84662.000 305950.000 298652.000 85088.000 
83979.000 305956.000 298763.000 84078.000 
83813.000 305962.000 301195.000 83776.000 
83764.000 305996.000 302022.000 83711.000 
82389.000 305997.000 303502.000 82698.000 
81354.000 305997.000 303571.000 81212.000 
80184.000 305948.000 305593.000 80442.000 
79712.000 305956.000 305965.000 80241.000 
79317.000 305962.000 305996.000 79786.000 
78445.000 305966.000 307787.000 78150.000 
78044.000 305996.000 308362.000 78062.000 
77954.000 305997.000 308394.000 78391.000 
78193.000 305997.000 308347.000 78200.000 
78927.000 305955.000 308303.000 78993.000 
78933.000 305960.000 308303.000 78926.000 
78905.000 308254.000 308416.000 79208.000 
79318.000 308303.000 308364.000 79687.000 
79234.000 308390.000 308444.000 79695.000 
80063.000 309547.000 308345.000 80114.000 
80188.000 310806.000 308302.000 80203.000 
79875.000 310834.000 308303.000 79500.000 
80711.000 313062.000 308390.000 80451.000 
80576.000 313128.000 308341.000 80287.000 
80768.000 315480.000 308443.000 80179.000 
80066.000 315483.000 308388.000 80290.000 
80566.000 317939.000 308339.000 80538.000 
81240.000 320178.000 308302.000 81383.000 
79956.000 321762.000 308390.000 79561.000 
80223.000 322595.000 308341.000 80144.000 
79904.000 325009.000 308424.000 80134.000 
80205.000 327373.000 308388.000 80046.000 
81477.000 329815.000 308339.000 80726.000 
79658.000 332216.000 308339.000 79392.000 
80284.000 335363.000 308389.000 80815.000 
79841.000 337010.000 310398.000 79351.000 
79956.000 339256.000 310790.000 80089.000 
80329.000 341768.000 310817.000 80165.000 
79582.000 344204.000 310715.000 79626.000 
80012.000 346507.000 313143.000 80318.000 
79258.000 348754.000 313154.000 79222.000 
79515.000 351296.000 315053.000 79613.000 
79950.000 354763.000 315545.000 80220.000 
79418.000 355578.000 317452.000 79860.000 
79731.000 355578.000 317946.000 80063.000 
79596.000 355578.000 320198.000 79500.000 
80192.000 355578.000 321529.000 80232.000 
80074.000 355578.000 322753.000 80389.000 
79951.000 355578.000 325180.000 79751.000 
79552.000 258575.000 327452.000 79715.000 
79633.000 258208.000 329732.000 79749.000 
80160.000 259587.000 331996.000 80429.000 
80426.000 262441.000 334464.000 80735.000 
80085.000 265177.000 336910.000 79947.000 
79610.000 269701.000 339418.000 80105.000 
79730.000 274342.000 340600.000 79501.000 
79984.000 278717.000 343917.000 80133.000 
80247.000 283858.000 344199.000 79801.000 
80152.000 288684.000 348168.000 80580.000 
79792.000 293327.000 349575.000 80273.000 
80068.000 297915.000 353602.000 79693.000 
79704.000 302380.000 356083.000 79774.000 
80417.000 305860.000 357962.000 80046.000 
80725.000 310546.000 357962.000 80303.000 
79882.000 314084.000 357962.000 79711.000 
80356.000 317755.000 357962.000 80129.000 
79820.000 321648.000 357962.000 79807.000 
80131.000 324910.000 357962.000 79649.000 
80061.000 328805.000 263962.000 79858.000 
79974.000 332147.000 260483.000 79763.000 
81043.000 334617.000 260584.000 81026.000 
79763.000 337861.000 262953.000 80103.000 
80297.000 341155.000 266704.000 80561.000 
79483.000 343945.000 270069.000 80109.000 
79959.000 346317.000 274740.000 79688.000 
80776.000 348808.000 279078.000 80493.000 
79612.000 351131.000 284072.000 79578.000 
80424.000 353035.000 288870.000 80743.000 
79615.000 353786.000 293620.000 80306.000 
79768.000 353786.000 298345.000 79602.000 
80340.000 353786.000 303120.000 79929.000 
79624.000 353786.000 307217.000 80056.000 
80436.000 353786.000 310685.000 80589.000 
71942.000 267118.000 315161.000 71933.000 
44765.000 249829.000 319334.000 46723.000 
26957.000 250975.000 322591.000 27684.000 
27525.000 253300.000 326612.000 27630.000 
37285.000 255687.000 329787.000 37295.000 
49049.000 258023.000 333727.000 49147.000 
58098.000 260425.000 336704.000 57683.000 
68492.000 262969.000 339329.000 68459.000 
76397.000 265947.000 341783.000 76850.000 
82769.000 269061.000 344410.000 82632.000 
86992.000 271875.000 347746.000 86678.000 
89366.000 274447.000 349696.000 89159.000 
90928.000 276886.000 351961.000 91299.000 
90495.000 279445.000 353694.000 91280.000 
91693.000 281944.000 356092.000 91342.000 
90450.000 284313.000 356114.000 89995.000 
89755.000 286755.000 356114.000 89575.000 
89630.000 289078.000 356114.000 89811.000 
86949.000 290346.000 356114.000 87154.000 
83696.000 291614.000 356114.000 83858.000 
81806.000 293937.000 251532.000 82100.000 
80679.000 295383.000 253192.000 80550.000 
79141.000 296471.000 255442.000 79127.000 
77924.000 298778.000 257578.000 78226.000 
77019.000 298835.000 259491.000 77543.000 
75790.000 301194.000 262237.000 76305.000 
75805.000 301187.000 264933.000 76035.000 
75644.000 302321.000 267474.000 75609.000 
75633.000 303579.000 269976.000 75518.000 
75350.000 303556.000 272465.000 75194.000 
75287.000 304149.000 275108.000 75139.000 
75268.000 305989.000 278171.000 75190.000 
75501.000 305923.000 280941.000 75522.000 
75220.000 305935.000 283576.000 75573.000 
75319.000 305943.000 286158.000 75087.000 
75201.000 305950.000 288674.000 74956.000 
75214.000 305946.000 290453.000 75006.000 
74913.000 305995.000 291575.000 74655.000 
74979.000 305996.000 293973.000 75702.000 
74973.000 305997.000 295951.000 74455.000 
75078.000 305941.000 296367.000 75039.000 
75124.000 305950.000 298784.000 75184.000 
74745.000 305950.000 300747.000 75427.000 
75511.000 305956.000 301209.000 75454.000 
75584.000 305996.000 303443.000 75621.000 
77234.000 305997.000 303508.000 77209.000 
77035.000 305997.000 303510.000 76473.000 
77449.000 305948.000 305906.000 77360.000 
77355.000 305950.000 305962.000 77410.000 
77254.000 305956.000 305996.000 77545.000 
78348.000 305962.000 308341.000 78305.000 
77508.000 305964.000 308364.000 77946.000 
79199.000 305997.000 308308.000 78982.000 
77991.000 305997.000 308396.000 77372.000 
78391.000 305997.000 308347.000 78223.000 
77819.000 307342.000 308303.000 77704.000 
77422.000 308343.000 308387.000 78004.000 
78129.000 308303.000 308364.000 77649.000 
77321.000 308390.000 308364.000 77699.000 
79003.000 310699.000 308444.000 78712.000 
77309.000 310783.000 308345.000 77656.000 
77917.000 311847.000 308303.000 78016.000 
77308.000 313140.000 308390.000 77608.000 
77201.000 314065.000 308341.000 77779.000 
76780.000 315547.000 308364.000 76738.000 
76329.000 317702.000 308444.000 76243.000 
76674.000 317917.000 308388.000 77207.000 
75157.000 320377.000 308302.000 75201.000 
76133.000 322704.000 308390.000 76180.000 
74937.000 324875.000 308341.000 75349.000 
75120.000 327018.000 308341.000 75260.000 
74977.000 329281.000 308421.000 75233.000 
75249.000 331673.000 308388.000 75122.000 
75380.000 334334.000 308339.000 75570.000 
74892.000 336890.000 308422.000 75438.000 
76043.000 337017.000 310717.000 76294.000 
74851.000 340959.000 310761.000 75075.000 
75924.000 341809.000 310791.000 75828.000 
74895.000 344145.000 312102.000 75238.000 
75275.000 346578.000 313172.000 75267.000 
75043.000 349230.000 313154.000 75076.000 
75289.000 352612.000 315468.000 75170.000 
75291.000 355670.000 315482.000 75537.000 
74908.000 355670.000 317869.000 75308.000 
76018.000 355670.000 317940.000 76245.000 
74874.000 355670.000 320275.000 75066.000 
75918.000 355670.000 322565.000 75698.000 
74859.000 355670.000 324287.000 75341.000 
75091.000 285601.000 325090.000 75165.000 
75032.000 258120.000 327531.000 74962.000 
75292.000 258093.000 329844.000 75144.000 
75165.000 260476.000 332182.000 75473.000 
74914.000 262880.000 334615.000 75332.000 
76032.000 267309.000 337932.000 76294.000 
74787.000 271123.000 339380.000 75166.000 
76331.000 274790.000 341673.000 75937.000 
74923.000 279483.000 344190.000 75306.000 
75163.000 284910.000 346255.000 75257.000 
75070.000 289713.000 348900.000 75183.000 
75214.000 294357.000 351157.000 75161.000 
75251.000 298619.000 353768.000 75678.000 
74830.000 303310.000 357359.000 75448.000 
76125.000 307776.000 357840.000 76159.000 
74871.000 310740.000 357840.000 75104.000 
67012.000 315461.000 357840.000 67411.000 
40855.000 319488.000 357840.000 41034.000 
25890.000 322637.000 357840.000 26336.000 
26005.000 326714.000 357840.000 25726.000 
31742.000 329779.000 261052.000 32144.000 
44407.000 332589.000 260527.000 44601.000 
51205.000 336144.000 261897.000 51518.000 
60623.000 339034.000 264798.000 60197.000 
68722.000 341697.000 267629.000 68566.000 
75835.000 344175.000 272142.000 76268.000 
80853.000 346544.000 276627.000 80981.000 
83647.000 348961.000 281094.000 83393.000 
86234.000 351331.000 286105.000 86370.000 
86804.000 353556.000 290927.000 86647.000 
85960.000 353761.000 295567.000 86155.000 
85467.000 353761.000 300238.000 85414.000 
84933.000 353761.000 304507.000 84559.000 
83684.000 353761.000 308201.000 83921.000 
81357.000 353761.000 312826.000 80909.000 
79298.000 253427.000 317132.000 79648.000 
77130.000 250677.000 320195.000 77133.000 
76938.000 251569.000 324379.000 77186.000 
76460.000 253313.000 327401.000 76059.000 
76446.000 257630.000 331538.000 76268.000 
75257.000 259290.000 334592.000 75340.000 
75062.000 262254.000 337032.000 75194.000 
75476.000 265089.000 340690.000 75240.000 
75083.000 267605.000 343680.000 74644.000 
75694.000 270005.000 346362.000 75638.000 
75087.000 272369.000 348858.000 74896.000 
76053.000 274810.000 351252.000 75739.000 
75487.000 277185.000 353580.000 75230.000 
75821.000 279635.000 355489.000 75741.000 
