0 0 0 0
38 38 38 38
75 80 80 75
94 122 122 97
107 164 164 109
123 206 205 124
141 247 247 142
161 289 289 164
179 331 331 181
199 373 373 201
219 415 415 221
239 457 457 242
260 498 498 263
281 540 540 285
301 582 582 305
322 624 624 326
343 666 666 347
364 708 708 368
385 749 749 389
406 791 791 410
427 833 833 430
448 875 875 451
469 917 917 472
490 959 959 493
511 1000 1000 514
532 1042 1042 535
552 1084 1084 556
573 1126 1126 577
594 1168 1168 598
616 1210 1210 619
636 1251 1251 640
657 1293 1293 661
678 1335 1335 681
699 1377 1377 702
720 1419 1419 723
741 1461 1461 744
762 1502 1502 765
783 1544 1544 786
803 1586 1586 807
825 1628 1628 828
845 1670 1670 849
866 1712 1712 870
887 1753 1753 891
908 1795 1795 912
929 1837 1837 932
950 1879 1879 953
971 1921 1921 975
992 1963 1963 995
1013 2004 2004 1016
1034 2046 2046 1037
1054 2088 2088 1058
1075 2130 2130 1079
1096 2172 2172 1100
1117 2214 2214 1121
1138 2255 2255 1142
1159 2297 2297 1163
1180 2339 2339 1184
1201 2381 2381 1204
1222 2423 2423 1225
1243 2465 2465 1246
1264 2506 2506 1267
1285 2548 2548 1288
1306 2590 2590 1309
1326 2632 2632 1330
1347 2674 2674 1351
1368 2716 2716 1372
1389 2757 2757 1393
1410 2799 2799 1414
1431 2841 2841 1434
1452 2883 2883 1456
1473 2925 2925 1476
1494 2967 2967 1497
1515 3008 3008 1518
1536 3050 3050 1539
1556 3092 3092 1560
1577 3134 3134 1581
1598 3176 3176 1602
1620 3218 3218 1623
1640 3259 3259 1644
1661 3301 3301 1665
1682 3343 3343 1685
1703 3385 3385 1706
1724 3427 3427 1727
1745 3469 3469 1748
1766 3510 3510 1770
1787 3552 3552 1790
1807 3594 3594 1811
1829 3636 3636 1832
1849 3678 3678 1853
1870 3720 3720 1874
1891 3761 3761 1895
1912 3803 3803 1916
1933 3845 3845 1936
1954 3887 3887 1957
1975 3929 3929 1979
1996 3971 3971 1999
2017 4012 4012 2020
2038 4054 4054 2041
2058 4096 4096 2062
2079 4138 4138 2083
2101 4180 4180 2104
2115 4222 4222 2119
2134 4263 4263 2138
2154 4305 4305 2157
2177 4347 4347 2178
2208 4389 4389 2200
2240 4431 4431 2225
2273 4473 4473 2248
2302 4514 4514 2272
2328 4556 4556 2293
2355 4598 4598 2313
2377 4640 4640 2332
2401 4682 4682 2352
2423 4724 4724 2371
2445 4765 4765 2390
2465 4807 4807 2408
2484 4849 4849 2427
2505 4891 4891 2446
2527 4933 4933 2465
2549 4975 4975 2485
2570 5016 5016 2505
2589 5058 5058 2525
2610 5100 5100 2546
2631 5142 5142 2565
2652 5184 5184 2586
2673 5226 5226 2607
2695 5267 5267 2627
2716 5309 5309 2647
2739 5351 5351 2669
2761 5393 5393 2689
2783 5435 5435 2711
2806 5477 5477 2730
2827 5518 5518 2750
2848 5560 5560 2771
2871 5602 5602 2791
2892 5644 5644 2811
2913 5686 5686 2831
2935 5728 5728 2851
2957 5769 5769 2871
2978 5811 5811 2891
3000 5853 5853 2911
3022 5895 5895 2931
3044 5937 5937 2951
3066 5979 5979 2973
3087 6020 6020 2991
3110 6062 6062 3011
3132 6104 6104 3031
3153 6146 6146 3052
3175 6188 6188 3071
3197 6230 6230 3091
3220 6271 6271 3111
3202 6275 6275 3094
3186 6275 6275 3076
3190 6275 6275 3075
3199 6275 6275 3083
3204 6275 6276 3088
3208 6275 6275 3090
3209 6275 6275 3088
3214 6275 6275 3091
3214 6275 6275 3092
3216 6275 6275 3092
3218 6275 6275 3091
3219 6275 6275 3090
3220 6275 6275 3088
3221 6275 6275 3088
3221 6275 6275 3087
3221 6275 6275 3086
3220 6275 6275 3087
3220 6275 6275 3085
3220 6275 6275 3085
3220 6275 6275 3086
3220 6275 6275 3086
3220 6275 6275 3087
3220 6275 6275 3087
3220 6275 6275 3088
3219 6275 6275 3089
3219 6275 6275 3090
3219 6275 6275 3091
3218 6275 6275 3091
3216 6275 6275 3092
3216 6275 6275 3093
3216 6275 6275 3093
3215 6275 6275 3095
3214 6275 6275 3096
3213 6275 6275 3096
3213 6275 6275 3098
3211 6275 6275 3098
3210 6275 6275 3098
3210 6275 6275 3099
3209 6275 6275 3100
3209 6275 6275 3100
3208 6275 6275 3101
3207 6275 6275 3102
3207 6275 6275 3103
3205 6275 6275 3104
3204 6275 6275 3105
3204 6275 6275 3106
3202 6275 6275 3106
3202 6275 6275 3107
3201 6275 6275 3108
3201 6275 6275 3109
3201 6275 6275 3110
3199 6275 6275 3110
3198 6275 6275 3111
3196 6275 6275 3103
3183 6275 6275 3092
3177 6275 6275 3085
3175 6275 6275 3087
3174 6275 6275 3089
3180 6275 6275 3101
3184 6275 6275 3109
3189 6275 6275 3119
3193 6275 6275 3125
3196 6275 6275 3129
3195 6275 6275 3132
3194 6275 6275 3135
3194 6275 6275 3136
3191 6275 6275 3137
3190 6275 6275 3138
3187 6275 6275 3138
3185 6275 6275 3137
3182 6275 6275 3135
3182 6275 6275 3136
3180 6275 6275 3136
3180 6275 6275 3136
3178 6275 6275 3137
3178 6275 6275 3137
3175 6275 6275 3138
3176 6275 6275 3138
3175 6275 6275 3139
3174 6275 6275 3141
3174 6275 6275 3142
3174 6275 6275 3143
3172 6275 6275 3144
3172 6275 6275 3142
3170 6275 6275 3145
3171 6275 6275 3145
3169 6275 6275 3145
3168 6275 6275 3147
3168 6275 6275 3147
3166 6276 6275 3148
3166 6275 6275 3149
3165 6275 6275 3151
3165 6275 6275 3151
3163 6275 6275 3152
3163 6275 6275 3152
3162 6276 6275 3152
3161 6275 6275 3153
3161 6275 6275 3154
3161 6275 6275 3155
3158 6275 6275 3155
3166 6275 6275 3162
3165 6276 6275 3165
3166 6275 6275 3168
3163 6275 6275 3168
3152 6275 6275 3170
3141 6275 6275 3165
3127 6275 6275 3164
3119 6276 6276 3161
3113 6275 6275 3162
3106 6275 6275 3164
3104 6275 6275 3166
3100 6275 6275 3168
3099 6275 6275 3170
3097 6276 6276 3173
3097 6275 6275 3176
3100 6275 6275 3181
3097 6275 6275 3181
3096 6275 6275 3184
3094 6275 6275 3186
3093 6276 6276 3187
3094 6275 6275 3189
3093 6275 6275 3189
3093 6275 6275 3193
3092 6275 6275 3193
3091 6275 6275 3194
3089 6276 6276 3196
3088 6275 6275 3197
3085 6275 6275 3197
3084 6275 6275 3200
3082 6275 6275 3198
3080 6275 6275 3203
3078 6276 6276 3203
3078 6275 6275 3204
3074 6275 6275 3205
3073 6275 6275 3207
3072 6275 6275 3209
3070 6275 6275 3210
3069 6276 6276 3212
3067 6275 6275 3214
3066 6275 6275 3216
3064 6275 6275 3217
3062 6275 6275 3219
3060 6275 6275 3219
3059 6276 6276 3223
3056 6275 6275 3224
3055 6275 6275 3227
3054 6275 6275 3226
3053 6275 6275 3231
3050 6275 6275 3231
3048 6276 6276 3233
3047 6275 6275 3233
3046 6275 6275 3236
3043 6275 6275 3237
3041 6275 6275 3238
3041 6275 6275 3240
3038 6276 6276 3242
3038 6275 6275 3244
3033 6275 6275 3240
3021 6275 6275 3227
3011 6275 6275 3219
3012 6275 6275 3226
3020 6276 6276 3238
3023 6275 6275 3248
3030 6275 6275 3258
3033 6275 6275 3266
3037 6275 6275 3270
3037 6275 6275 3271
3039 6276 6276 3276
3039 6275 6275 3277
3037 6275 6275 3277
3036 6275 6275 3277
3035 6275 6275 3276
3034 6275 6275 3275
3029 6276 6276 3272
3028 6275 6275 3268
3028 6275 6275 3267
3027 6275 6275 3266
3027 6275 6275 3264
3030 6275 6275 3264
3029 6276 6276 3262
3029 6275 6275 3262
3029 6275 6275 3260
3032 6275 6275 3259
3033 6275 6275 3258
3034 6275 6275 3256
3036 6276 6276 3255
3039 6275 6275 3254
3040 6275 6275 3254
3041 6275 6275 3251
3043 6275 6275 3251
3044 6275 6275 3249
3047 6276 6276 3247
3046 6275 6275 3245
3049 6275 6275 3245
3050 6275 6275 3243
3051 6275 6275 3240
3053 6275 6275 3240
3054 6276 6276 3239
3055 6275 6275 3239
3057 6275 6275 3235
3057 6275 6275 3234
3060 6275 6275 3233
3062 6275 6275 3231
3064 6276 6276 3238
3078 6275 6275 3248
3084 6275 6275 3254
3088 6275 6275 3253
3088 6275 6275 3249
3083 6275 6275 3237
3080 6276 6276 3228
3076 6275 6275 3217
3072 6275 6275 3213
3071 6275 6275 3206
3072 6275 6275 3203
3074 6275 6275 3199
3074 6276 6276 3197
3077 6275 6275 3195
3079 6275 6275 3194
3083 6275 6275 3192
3087 6275 6275 3194
3089 6275 6275 3195
3091 6276 6276 3193
3093 6275 6275 3192
3094 6275 6275 3192
3097 6275 6275 3190
3097 6275 6275 3189
3100 6275 6275 3189
3101 6276 6276 3187
3102 6275 6275 3185
3104 6275 6275 3183
3104 6275 6275 3181
3105 6275 6275 3179
3107 6275 6275 3178
3108 6276 6276 3178
3112 6275 6275 3175
3111 6275 6275 3174
3114 6275 6275 3174
3116 6275 6275 3171
3117 6275 6275 3170
3119 6275 6276 3169
3120 6275 6275 3166
3121 6275 6275 3166
3122 6275 6275 3164
3124 6275 6275 3162
3125 6275 6275 3162
3126 6275 6276 3161
3128 6275 6275 3159
3130 6275 6275 3158
3130 6275 6275 3155
3134 6275 6275 3155
3132 6275 6275 3153
3137 6275 6276 3151
3137 6275 6275 3149
3138 6275 6275 3149
3139 6275 6275 3145
3140 6275 6275 3145
3143 6275 6275 3145
3143 6275 6275 3143
3145 6275 6275 3141
3147 6275 6275 3139
3145 6275 6275 3135
3131 6275 6275 3118
3121 6275 6275 3108
3125 6275 6275 3108
3139 6275 6275 3118
3144 6275 6275 3118
3154 6275 6275 3125
3162 6275 6275 3130
3168 6275 6275 3132
3171 6275 6275 3134
3174 6275 6275 3133
3178 6275 6275 3134
3179 6275 6275 3132
3180 6275 6275 3131
3182 6275 6275 3128
3184 6275 6275 3126
3185 6275 6275 3125
3184 6275 6275 3122
3182 6275 6275 3118
3182 6275 6275 3118
3182 6275 6275 3114
3183 6275 6275 3115
3182 6275 6275 3113
3185 6275 6275 3113
3185 6275 6275 3111
3186 6275 6275 3110
3186 6275 6275 3111
3186 6275 6275 3109
3190 6275 6275 3108
3188 6275 6275 3107
3189 6275 6275 3107
3189 6275 6275 3106
3190 6275 6275 3105
3191 6275 6275 3104
3191 6275 6275 3104
3191 6275 6275 3102
3192 6275 6275 3102
3193 6275 6275 3100
3194 6275 6275 3103
3194 6275 6275 3100
3198 6275 6275 3100
3197 6275 6275 3099
3198 6275 6275 3098
3199 6275 6275 3098
3199 6275 6275 3097
3201 6275 6275 3097
3201 6275 6275 3095
3204 6275 6275 3100
3217 6275 6275 3112
3226 6275 6275 3121
3223 6275 6275 3116
3214 6275 6275 3104
3212 6275 6275 3095
3203 6275 6275 3085
3200 6275 6275 3079
3196 6275 6275 3075
3197 6275 6275 3073
3197 6275 6275 3071
3195 6275 6275 3069
3197 6275 6275 3069
3198 6275 6275 3068
3199 6275 6275 3069
3201 6275 6275 3072
3205 6275 6275 3072
3207 6275 6275 3075
3207 6275 6275 3074
3209 6275 6275 3074
3210 6275 6275 3078
3208 6275 6275 3075
3210 6275 6275 3076
3209 6275 6275 3076
3210 6275 6275 3077
3209 6275 6275 3078
3208 6275 6275 3078
3207 6275 6275 3078
3207 6275 6275 3078
3205 6276 6275 3080
3205 6275 6275 3079
3204 6275 6275 3080
3203 6275 6275 3080
3202 6275 6275 3081
3201 6275 6275 3082
3202 6276 6275 3083
3200 6275 6275 3083
3200 6275 6275 3084
3199 6275 6275 3084
3199 6275 6275 3086
3198 6275 6275 3086
3198 6276 6275 3084
3197 6275 6275 3087
3197 6275 6275 3087
3196 6275 6275 3088
3195 6275 6275 3089
3194 6275 6275 3090
3194 6276 6275 3091
3193 6275 6275 3092
3191 6275 6275 3092
3192 6275 6275 3094
3191 6275 6275 3093
3191 6275 6275 3095
3189 6276 6276 3095
3189 6275 6275 3093
3187 6275 6275 3096
3187 6275 6275 3096
3169 6275 6275 3081
3156 6275 6275 3069
3151 6276 6276 3064
3151 6275 6275 3066
3155 6275 6275 3069
3163 6275 6275 3077
3171 6275 6275 3081
3179 6275 6275 3087
3184 6276 6276 3092
3189 6275 6275 3095
3192 6275 6275 3097
3192 6275 6275 3099
3192 6275 6275 3098
3192 6275 6275 3099
3193 6276 6276 3099
3193 6275 6275 3099
3195 6275 6275 3099
3191 6275 6275 3098
3188 6275 6275 3095
3186 6275 6275 3094
3184 6276 6276 3093
3186 6275 6275 3095
3184 6275 6275 3092
3185 6275 6275 3092
3184 6275 6275 3091
3184 6275 6275 3092
3183 6276 6276 3093
3184 6275 6275 3093
3182 6275 6275 3095
3183 6275 6275 3094
3184 6275 6275 3097
3182 6275 6275 3097
3181 6276 6276 3098
3180 6275 6275 3097
3180 6275 6275 3100
3177 6275 6275 3099
3179 6275 6275 3100
3176 6275 6275 3101
3176 6276 6276 3102
3178 6275 6275 3104
3176 6275 6275 3103
3176 6275 6275 3104
3174 6275 6275 3102
3174 6275 6275 3105
3173 6276 6276 3105
3172 6275 6275 3106
3174 6275 6275 3110
3190 6275 6275 3126
3201 6275 6275 3138
3197 6275 6275 3135
3184 6276 6276 3125
3177 6275 6275 3122
3171 6275 6275 3117
3162 6275 6275 3110
3157 6275 6275 3107
3155 6275 6275 3105
3153 6276 6276 3105
3151 6275 6275 3106
3149 6275 6275 3104
3149 6275 6275 3106
3148 6275 6275 3107
3147 6275 6275 3108
3146 6276 6276 3108
3148 6275 6275 3111
3150 6275 6275 3112
3151 6275 6275 3113
3152 6275 6275 3116
3152 6275 6275 3114
3154 6276 6276 3116
3152 6275 6275 3115
3153 6275 6275 3116
3152 6275 6275 3116
3154 6275 6275 3115
3153 6275 6275 3115
3151 6276 6276 3116
3154 6275 6275 3117
3153 6275 6275 3116
3155 6275 6275 3116
3154 6275 6275 3115
3154 6275 6275 3116
3155 6276 6276 3115
3155 6275 6275 3115
3154 6275 6275 3116
3154 6275 6275 3115
3155 6275 6275 3114
3154 6275 6275 3115
3153 6276 6276 3116
3154 6275 6275 3115
3154 6275 6275 3115
3154 6275 6275 3114
3154 6275 6275 3115
3153 6275 6275 3113
3154 6276 6276 3114
3154 6275 6275 3115
3154 6275 6275 3115
3155 6275 6275 3116
3155 6275 6275 3114
3155 6275 6275 3115
3152 6276 6276 3114
3154 6275 6275 3116
3154 6275 6275 3114
3154 6275 6275 3116
3155 6275 6275 3116
3150 6275 6275 3114
3135 6276 6276 3106
3122 6275 6275 3094
3119 6275 6275 3089
3127 6275 6275 3088
3138 6275 6275 3092
3147 6275 6275 3097
3156 6276 6276 3101
3165 6275 6275 3106
3168 6275 6275 3109
3171 6275 6275 3108
3174 6275 6275 3110
3177 6275 6275 3109
3179 6276 6276 3108
3181 6275 6275 3107
3181 6275 6275 3105
3184 6275 6275 3105
3181 6275 6275 3104
3178 6275 6275 3103
3178 6275 6276 3100
3177 6275 6275 3097
3177 6275 6275 3097
3178 6275 6275 3098
3179 6275 6275 3095
3177 6275 6275 3095
3178 6275 6276 3094
3179 6275 6275 3093
3178 6275 6275 3092
3178 6275 6275 3093
3178 6275 6275 3092
3178 6275 6275 3091
3177 6275 6276 3092
3177 6275 6275 3091
3178 6275 6275 3093
3177 6275 6275 3093
3177 6275 6275 3094
3177 6275 6275 3096
3176 6275 6276 3096
3176 6275 6275 3096
3175 6275 6275 3097
3175 6275 6275 3098
3174 6275 6275 3098
3174 6275 6275 3098
3173 6275 6275 3100
3172 6275 6275 3101
3172 6275 6275 3102
3171 6275 6275 3102
3187 6275 6275 3118
3199 6275 6275 3132
3205 6275 6275 3138
3202 6275 6275 3140
3197 6275 6275 3136
3185 6275 6275 3129
3178 6275 6275 3126
3167 6275 6275 3122
3161 6275 6275 3119
3156 6275 6275 3116
3151 6275 6275 3115
3151 6275 6275 3115
3148 6275 6275 3116
3147 6275 6275 3117
3145 6275 6275 3119
3143 6275 6275 3122
3141 6275 6275 3122
3143 6275 6275 3125
3146 6275 6275 3128
3145 6275 6275 3131
3145 6275 6275 3133
3143 6275 6275 3133
3142 6275 6275 3138
3141 6275 6275 3138
3140 6275 6275 3140
3140 6275 6275 3140
3139 6275 6275 3142
3137 6275 6275 3141
3138 6275 6275 3142
3135 6275 6275 3145
3133 6275 6275 3142
3134 6275 6275 3143
3134 6275 6275 3144
3132 6275 6275 3146
3132 6275 6275 3145
3133 6275 6275 3146
3130 6275 6275 3149
3132 6275 6275 3148
3130 6275 6275 3148
3128 6275 6275 3147
3128 6275 6275 3150
3127 6275 6275 3150
3127 6275 6275 3151
3126 6275 6275 3153
3127 6275 6275 3153
3125 6275 6275 3153
3125 6275 6275 3154
3123 6275 6275 3155
3122 6275 6275 3153
3122 6275 6275 3155
3121 6275 6275 3157
3122 6275 6275 3157
3120 6275 6275 3158
3120 6275 6275 3159
3120 6275 6275 3159
3119 6275 6275 3160
3118 6275 6275 3160
3109 6275 6275 3157
3096 6275 6275 3142
3084 6275 6275 3132
3082 6275 6275 3130
3086 6275 6275 3135
3097 6275 6275 3146
3100 6275 6275 3151
3106 6275 6275 3160
3111 6275 6275 3165
3112 6275 6275 3167
3114 6275 6275 3172
3113 6275 6275 3173
3115 6275 6275 3174
3115 6275 6275 3174
3116 6275 6275 3176
3113 6275 6275 3175
3112 6275 6275 3176
3110 6275 6275 3174
3108 6276 6275 3171
3108 6275 6275 3171
3106 6275 6275 3170
3107 6275 6275 3171
3106 6275 6275 3169
3106 6275 6275 3172
3105 6276 6275 3170
3106 6275 6275 3170
3104 6275 6275 3170
3105 6275 6275 3169
3106 6275 6275 3170
3104 6275 6275 3169
3107 6276 6275 3170
3106 6275 6275 3170
3106 6275 6275 3172
3105 6275 6275 3169
3107 6275 6275 3171
3105 6275 6275 3170
3106 6276 6276 3169
3105 6275 6275 3170
3104 6275 6275 3169
3107 6275 6275 3170
3105 6275 6275 3170
3106 6275 6275 3172
3106 6276 6276 3170
3106 6275 6275 3171
3105 6275 6275 3169
3105 6275 6275 3169
3107 6275 6275 3170
3125 6275 6275 3179
3138 6276 6276 3191
3140 6275 6275 3197
3133 6275 6275 3199
3120 6275 6275 3191
3112 6275 6275 3188
3103 6275 6275 3184
3095 6276 6276 3180
3090 6275 6275 3176
3088 6275 6275 3175
3085 6275 6275 3175
3081 6275 6275 3176
3081 6275 6275 3179
3078 6276 6276 3178
3077 6275 6275 3179
3074 6275 6275 3180
3077 6275 6275 3181
3080 6275 6275 3182
3080 6275 6275 3185
3082 6276 6276 3187
3081 6275 6275 3189
3081 6275 6275 3189
3080 6275 6275 3191
3081 6275 6275 3191
3079 6275 6275 3192
3080 6276 6276 3193
3080 6275 6275 3194
3080 6275 6275 3194
3080 6275 6275 3193
3080 6275 6275 3195
3083 6275 6275 3195
3081 6276 6276 3195
3080 6275 6275 3194
3081 6275 6275 3193
3081 6275 6275 3192
3081 6275 6275 3190
3081 6275 6275 3190
3082 6276 6276 3189
3083 6275 6275 3189
3084 6275 6275 3188
3083 6275 6275 3188
3082 6275 6275 3189
3084 6275 6275 3187
3085 6276 6276 3186
3086 6275 6275 3185
3087 6275 6275 3185
3088 6275 6275 3184
3089 6275 6275 3184
3089 6275 6275 3184
3090 6276 6276 3181
3090 6275 6275 3184
3091 6275 6275 3182
3091 6275 6275 3182
3092 6275 6275 3181
3093 6275 6275 3180
3093 6276 6276 3179
3094 6275 6275 3179
3083 6275 6275 3167
3072 6275 6275 3153
3063 6275 6275 3145
3065 6275 6275 3145
3072 6276 6276 3148
3080 6275 6275 3157
3088 6275 6275 3162
3095 6275 6275 3169
3101 6275 6275 3172
3105 6275 6275 3174
3107 6276 6276 3175
3108 6275 6275 3173
3109 6275 6275 3175
3110 6275 6275 3175
3110 6275 6275 3174
3111 6275 6275 3173
3111 6276 6276 3174
3108 6275 6275 3172
3110 6275 6275 3168
3108 6275 6275 3167
3108 6275 6275 3167
3108 6275 6275 3165
3110 6276 6276 3164
3108 6275 6275 3164
3108 6275 6275 3163
3110 6275 6275 3162
3109 6275 6275 3162
3111 6275 6275 3162
3110 6276 6276 3160
3114 6275 6275 3160
3113 6275 6275 3159
3113 6275 6275 3160
3114 6275 6275 3156
3114 6275 6275 3157
3115 6276 6276 3158
3116 6275 6275 3156
3116 6275 6275 3156
3117 6275 6275 3155
3118 6275 6275 3155
3118 6275 6275 3152
3120 6276 6276 3153
3120 6275 6275 3151
3120 6275 6275 3152
3120 6275 6275 3151
3121 6275 6275 3150
3122 6275 6275 3151
3130 6276 6276 3151
3143 6275 6275 3170
3155 6275 6275 3177
3157 6275 6275 3180
3153 6275 6275 3175
3145 6275 6275 3166
3141 6276 6276 3159
3134 6275 6275 3151
3129 6275 6275 3146
3127 6275 6275 3142
3126 6275 6275 3139
3126 6275 6275 3136
3124 6276 6276 3138
3124 6275 6275 3136
3125 6275 6275 3134
3126 6275 6275 3135
3130 6275 6275 3136
3130 6275 6275 3136
3131 6275 6276 3138
3131 6275 6275 3139
3133 6275 6275 3140
3132 6275 6275 3141
3133 6275 6275 3141
3132 6275 6275 3140
3134 6275 6276 3141
3134 6275 6275 3141
3134 6275 6275 3141
3135 6275 6275 3142
3134 6275 6275 3141
3134 6275 6275 3141
3132 6275 6276 3141
3133 6275 6275 3141
3133 6275 6275 3140
3134 6275 6275 3142
3132 6275 6275 3142
3134 6275 6275 3142
3133 6275 6275 3142
3133 6275 6275 3141
3135 6275 6275 3142
3131 6275 6275 3141
3134 6275 6275 3141
3133 6275 6275 3140
3133 6275 6275 3141
3133 6275 6275 3141
3133 6275 6275 3142
3130 6275 6275 3143
3131 6275 6275 3142
3129 6275 6275 3143
3128 6275 6275 3143
3130 6275 6275 3144
3127 6275 6275 3142
3127 6275 6275 3145
3126 6275 6275 3145
3126 6275 6275 3146
3124 6275 6275 3147
3124 6275 6275 3148
3123 6275 6275 3149
3122 6275 6275 3149
3111 6275 6275 3138
3097 6275 6275 3123
3094 6275 6275 3120
3102 6275 6275 3130
3110 6275 6275 3139
3117 6275 6275 3146
3124 6275 6275 3155
3128 6275 6275 3158
3130 6275 6275 3163
3133 6275 6275 3164
3133 6275 6275 3164
3134 6275 6275 3165
3135 6275 6275 3163
3136 6275 6275 3164
3133 6275 6275 3163
3134 6275 6275 3162
3134 6275 6275 3162
3131 6275 6275 3160
3130 6275 6275 3156
3126 6275 6275 3154
3129 6275 6275 3153
3128 6275 6275 3151
3128 6275 6275 3152
3127 6275 6275 3150
3129 6275 6275 3150
3132 6275 6275 3151
3130 6275 6275 3149
3131 6275 6275 3148
3129 6275 6275 3147
3132 6275 6275 3148
3134 6275 6275 3145
3133 6275 6275 3145
3134 6275 6275 3145
3134 6275 6275 3143
3135 6275 6275 3143
3136 6275 6275 3143
3136 6275 6275 3141
3136 6275 6275 3142
3137 6275 6275 3140
3138 6275 6275 3138
3139 6275 6275 3138
3140 6275 6275 3138
3142 6275 6275 3137
3141 6275 6275 3136
3142 6275 6275 3138
3142 6275 6275 3136
3154 6275 6275 3146
3168 6275 6275 3158
3177 6275 6275 3165
3178 6275 6275 3164
3172 6275 6275 3157
3165 6275 6275 3149
3157 6275 6275 3142
3151 6275 6275 3135
3149 6275 6275 3130
3144 6275 6275 3127
3144 6275 6275 3125
3144 6276 6275 3124
3144 6275 6275 3122
3144 6275 6275 3121
3145 6275 6275 3121
3146 6275 6275 3122
3147 6275 6275 3118
3151 6276 6275 3119
3150 6275 6275 3120
3153 6275 6275 3121
3157 6275 6275 3121
3155 6275 6275 3121
3156 6275 6275 3121
3158 6276 6275 3120
3159 6275 6275 3120
3161 6275 6275 3117
3160 6275 6275 3117
3161 6275 6275 3119
3162 6275 6275 3117
3161 6276 6276 3115
3162 6275 6275 3115
3164 6275 6275 3115
3165 6275 6275 3117
3163 6275 6275 3116
3165 6275 6275 3115
3164 6276 6276 3116
3166 6275 6275 3115
3167 6275 6275 3115
3165 6275 6275 3115
3166 6275 6275 3118
3164 6275 6275 3116
3165 6276 6276 3117
3165 6275 6275 3115
3164 6275 6275 3117
3164 6275 6275 3117
3163 6275 6275 3116
3162 6275 6275 3117
3161 6276 6276 3115
3161 6275 6275 3118
3162 6275 6275 3118
3160 6275 6275 3118
3157 6275 6275 3119
3157 6275 6275 3119
3158 6276 6276 3120
3158 6275 6275 3120
3157 6275 6275 3121
3157 6275 6275 3123
3144 6275 6275 3111
3131 6275 6275 3096
3123 6276 6276 3090
3122 6275 6275 3091
3129 6275 6275 3098
3134 6275 6275 3105
3142 6275 6275 3113
3149 6275 6275 3120
3153 6276 6276 3125
3155 6275 6275 3131
3157 6275 6275 3130
3157 6275 6275 3132
3158 6275 6275 3133
3156 6275 6275 3135
3156 6276 6276 3135
3156 6275 6275 3135
3154 6275 6275 3137
3152 6275 6275 3135
3151 6275 6275 3133
3149 6275 6275 3133
3148 6276 6276 3133
3147 6275 6275 3133
3146 6275 6275 3132
3147 6275 6275 3132
3144 6275 6275 3131
3144 6275 6275 3131
3143 6276 6276 3132
3141 6275 6275 3131
3143 6275 6275 3131
3142 6275 6275 3132
3144 6275 6275 3132
3143 6275 6275 3131
3145 6276 6276 3133
3144 6275 6275 3131
3146 6275 6275 3131
3146 6275 6275 3131
3148 6275 6275 3130
3148 6275 6275 3129
3148 6276 6276 3129
3149 6275 6275 3129
3150 6275 6275 3128
3153 6275 6275 3129
3151 6275 6275 3126
3153 6275 6275 3126
3154 6276 6276 3125
3154 6275 6275 3124
3154 6275 6275 3124
3167 6275 6275 3135
3180 6275 6275 3148
3183 6275 6275 3153
3177 6276 6276 3144
3168 6275 6275 3134
3161 6275 6275 3127
3154 6275 6275 3118
3150 6275 6275 3115
3147 6275 6275 3110
3145 6276 6276 3108
3144 6275 6275 3107
3144 6275 6275 3107
3145 6275 6275 3111
3143 6275 6275 3108
3145 6275 6275 3109
3144 6276 6276 3110
3145 6275 6275 3110
3147 6275 6275 3112
3148 6275 6275 3116
3150 6275 6275 3117
3149 6275 6275 3119
3152 6276 6276 3122
3150 6275 6275 3120
3151 6275 6275 3122
3150 6275 6275 3122
3147 6275 6275 3121
3148 6275 6275 3123
3148 6276 6276 3124
3148 6275 6275 3124
3147 6275 6275 3125
3147 6275 6275 3127
3146 6275 6275 3126
3145 6275 6275 3127
3145 6276 6276 3128
3144 6275 6275 3128
3142 6275 6275 3129
3143 6275 6275 3130
3141 6275 6275 3129
3141 6275 6275 3131
3142 6276 6276 3134
3140 6275 6275 3133
3140 6275 6275 3133
3137 6275 6275 3133
3138 6275 6275 3135
3137 6275 6275 3133
3137 6276 6276 3135
3136 6275 6275 3136
3135 6275 6275 3137
3136 6275 6275 3140
3133 6275 6275 3138
3133 6275 6275 3140
3131 6276 6276 3140
3133 6275 6275 3141
3131 6275 6275 3140
3129 6275 6275 3142
3130 6275 6275 3142
3129 6275 6275 3142
3117 6275 6276 3128
3104 6275 6275 3116
3098 6275 6275 3113
3107 6275 6275 3122
3113 6275 6275 3128
3121 6275 6275 3138
3129 6275 6276 3146
3135 6275 6275 3150
3138 6275 6275 3153
3138 6275 6275 3155
3141 6275 6275 3156
3141 6275 6275 3156
3143 6275 6276 3158
3141 6275 6275 3159
3138 6275 6275 3159
3139 6275 6275 3160
3137 6275 6275 3157
3135 6275 6275 3157
3133 6275 6275 3155
3130 6275 6275 3154
3128 6275 6275 3153
3126 6275 6275 3150
3127 6275 6275 3150
3125 6275 6275 3150
3125 6275 6275 3148
3124 6275 6275 3148
3121 6275 6275 3148
3124 6275 6275 3148
3124 6275 6275 3145
3125 6275 6275 3146
3127 6275 6275 3146
3127 6275 6275 3145
3129 6275 6275 3144
3129 6275 6275 3143
3131 6275 6275 3143
3134 6275 6275 3142
3135 6275 6275 3141
3136 6275 6275 3140
3135 6275 6275 3139
3137 6275 6275 3138
3139 6275 6275 3135
3140 6275 6275 3136
3141 6275 6275 3135
3141 6275 6275 3133
3143 6275 6275 3132
3143 6275 6275 3129
3157 6275 6275 3141
3174 6275 6275 3154
3180 6275 6275 3161
3181 6275 6275 3160
3175 6275 6275 3151
3169 6275 6275 3143
3164 6275 6275 3134
3157 6275 6275 3127
3155 6275 6275 3123
3152 6275 6275 3115
3152 6275 6275 3114
3152 6275 6275 3112
3153 6275 6275 3110
3156 6275 6275 3108
3155 6275 6275 3107
3157 6275 6275 3107
3157 6275 6275 3103
3161 6275 6275 3105
3165 6275 6275 3106
3166 6275 6275 3106
3168 6275 6275 3106
3168 6275 6275 3104
3170 6275 6275 3105
3171 6275 6275 3102
3173 6275 6275 3104
3174 6275 6275 3105
3176 6275 6275 3103
3177 6275 6275 3102
3178 6275 6275 3102
3178 6275 6275 3101
3178 6275 6275 3102
3179 6275 6275 3100
3178 6275 6275 3098
3180 6275 6275 3098
3181 6275 6275 3097
3183 6275 6275 3097
3181 6275 6275 3096
3183 6275 6275 3098
3181 6275 6275 3095
3184 6275 6275 3095
3184 6275 6275 3093
3183 6275 6275 3092
3186 6275 6275 3095
3186 6275 6275 3092
3186 6275 6275 3092
3186 6275 6275 3091
3188 6275 6275 3091
3189 6275 6275 3090
3188 6275 6275 3089
3190 6275 6275 3089
3188 6275 6275 3087
3191 6276 6275 3087
3192 6275 6275 3086
3192 6275 6275 3086
3193 6275 6275 3087
3193 6275 6275 3085
3194 6275 6275 3084
3182 6276 6275 3074
3169 6275 6275 3061
3158 6275 6275 3050
3162 6275 6275 3051
3165 6275 6275 3056
3175 6275 6275 3066
3178 6276 6275 3072
3185 6275 6275 3083
3190 6275 6275 3088
3192 6275 6275 3093
3192 6275 6275 3097
3190 6275 6275 3098
3193 6276 6275 3100
3192 6275 6275 3100
3190 6275 6275 3101
3188 6275 6275 3101
3188 6275 6275 3104
3183 6275 6275 3101
3181 6276 6276 3102
3179 6275 6275 3100
3175 6275 6275 3100
3175 6275 6275 3102
3173 6275 6275 3101
3172 6275 6275 3104
3171 6276 6276 3103
3171 6275 6275 3103
3171 6275 6275 3103
3169 6275 6275 3104
3169 6275 6275 3104
3165 6275 6275 3102
3168 6276 6276 3105
3167 6275 6275 3105
3168 6275 6275 3108
3169 6275 6275 3106
3168 6275 6275 3107
3170 6275 6275 3107
3169 6276 6276 3107
3169 6275 6275 3107
3167 6275 6275 3105
3169 6275 6275 3106
3168 6275 6275 3106
3169 6275 6275 3107
3168 6276 6276 3106
3169 6275 6275 3108
3171 6275 6275 3106
3169 6275 6275 3107
3169 6275 6275 3107
3181 6275 6275 3122
3193 6276 6276 3134
3198 6275 6275 3138
3188 6275 6275 3130
3181 6275 6275 3122
3173 6275 6275 3116
3166 6275 6275 3107
3159 6276 6276 3104
3155 6275 6275 3101
3152 6275 6275 3100
3152 6275 6275 3099
3150 6275 6275 3099
3148 6275 6275 3099
3149 6276 6276 3098
3150 6275 6275 3100
3151 6275 6275 3099
3151 6275 6275 3100
3153 6275 6275 3103
3154 6275 6275 3106
3157 6276 6276 3107
3157 6275 6275 3107
3159 6275 6275 3111
3158 6275 6275 3110
3160 6275 6275 3110
3161 6275 6275 3112
3160 6276 6276 3112
3163 6275 6275 3112
3161 6275 6275 3112
3160 6275 6275 3113
3159 6275 6275 3113
3157 6275 6275 3114
3158 6276 6276 3115
3157 6275 6275 3115
3156 6275 6275 3115
3156 6275 6275 3116
3154 6275 6275 3116
3155 6275 6275 3117
3156 6276 6276 3117
3154 6275 6275 3118
3154 6275 6275 3119
3153 6275 6275 3119
3153 6275 6275 3120
3152 6275 6275 3120
3152 6276 6276 3122
3150 6275 6275 3121
3151 6275 6275 3123
3150 6275 6275 3123
3146 6275 6275 3123
3150 6275 6275 3124
3148 6276 6276 3124
3147 6275 6275 3127
3146 6275 6275 3126
3146 6275 6275 3128
3145 6275 6275 3127
3144 6275 6275 3127
3144 6276 6276 3128
3143 6275 6275 3129
3130 6275 6275 3116
3116 6275 6275 3103
3108 6275 6275 3099
3115 6275 6275 3107
3122 6276 6276 3115
3128 6275 6275 3123
3135 6275 6275 3132
3137 6275 6275 3138
3141 6275 6275 3142
3142 6275 6275 3144
3144 6276 6276 3145
3143 6275 6275 3146
3143 6275 6275 3148
3144 6275 6275 3148
3141 6275 6275 3148
3139 6275 6275 3152
3135 6276 6276 3150
3132 6275 6275 3149
3131 6275 6275 3147
3128 6275 6275 3145
3128 6275 6275 3147
3126 6275 6275 3146
3126 6276 6276 3149
3124 6275 6275 3148
3122 6275 6275 3150
3123 6275 6275 3150
3121 6275 6275 3149
3124 6275 6275 3150
3121 6276 6276 3151
3121 6275 6275 3152
3119 6275 6275 3152
3119 6275 6275 3153
3118 6275 6275 3153
3118 6275 6275 3154
3120 6276 6276 3155
3117 6275 6275 3155
3115 6275 6275 3155
3116 6275 6275 3157
3115 6275 6275 3157
3114 6275 6275 3157
3114 6275 6276 3160
3115 6275 6275 3159
3113 6275 6275 3160
3112 6275 6275 3158
3112 6275 6275 3161
3111 6275 6275 3161
3123 6275 6276 3171
3136 6275 6275 3185
3145 6275 6275 3193
3143 6275 6275 3195
3140 6275 6275 3189
3131 6275 6275 3179
3127 6275 6276 3172
3120 6275 6275 3163
3116 6275 6275 3156
3113 6275 6275 3152
3113 6275 6275 3149
3115 6275 6275 3145
3112 6275 6276 3146
3113 6275 6275 3145
3115 6275 6275 3144
3117 6275 6275 3144
3117 6275 6275 3142
3122 6275 6275 3143
3125 6275 6275 3144
3127 6275 6275 3145
3130 6275 6275 3143
3131 6275 6275 3144
3133 6275 6275 3143
3133 6275 6275 3141
3134 6275 6275 3142
3135 6275 6275 3142
3134 6275 6275 3141
3137 6275 6275 3141
3137 6275 6275 3141
3139 6275 6275 3140
3138 6275 6275 3141
3138 6275 6275 3140
3137 6275 6275 3137
3136 6275 6275 3138
3137 6275 6275 3138
3135 6275 6275 3138
3138 6275 6275 3138
3136 6275 6275 3138
3137 6275 6275 3138
3136 6275 6275 3141
3137 6275 6275 3139
3137 6275 6275 3138
3137 6275 6275 3138
3139 6275 6275 3138
3135 6275 6275 3138
3137 6275 6275 3138
3137 6275 6275 3138
3137 6275 6275 3138
3137 6275 6275 3139
3138 6275 6275 3139
3139 6275 6275 3138
3137 6275 6275 3138
3137 6275 6275 3137
3135 6275 6275 3138
3137 6275 6275 3138
3137 6275 6275 3138
3137 6275 6275 3138
3126 6275 6275 3128
3114 6275 6275 3115
3105 6275 6275 3105
3106 6275 6275 3109
3114 6275 6275 3117
3119 6275 6275 3125
3126 6275 6275 3133
3132 6275 6275 3140
3136 6275 6275 3144
3137 6275 6275 3148
3138 6275 6275 3150
3138 6275 6275 3150
3139 6275 6275 3152
3140 6275 6275 3153
3137 6275 6275 3153
3137 6275 6275 3152
3136 6275 6275 3152
3134 6275 6275 3150
3133 6275 6275 3148
3132 6275 6275 3147
3132 6275 6275 3147
3131 6275 6275 3146
3132 6275 6275 3144
3132 6275 6275 3144
3131 6275 6275 3142
3131 6275 6275 3142
3131 6275 6275 3142
3129 6275 6275 3140
3132 6275 6275 3140
3133 6275 6275 3141
3133 6275 6275 3139
3136 6275 6275 3138
3135 6275 6275 3136
3136 6275 6275 3136
3137 6275 6275 3136
3136 6275 6275 3134
3137 6275 6275 3135
3138 6275 6275 3134
3136 6275 6275 3135
3138 6275 6275 3133
3139 6276 6275 3131
3140 6275 6275 3132
3140 6275 6275 3131
3141 6275 6275 3131
3144 6275 6275 3130
3143 6275 6275 3129
3144 6276 6275 3129
3157 6275 6275 3142
3171 6275 6275 3154
3177 6275 6275 3160
3172 6275 6275 3151
3164 6275 6275 3142
3159 6276 6275 3134
3151 6275 6275 3125
3148 6275 6275 3119
3147 6275 6275 3115
3144 6275 6275 3111
3144 6275 6275 3112
3144 6276 6276 3111
3144 6275 6275 3110
3143 6275 6275 3110
3146 6275 6275 3108
3148 6275 6275 3105
3152 6275 6275 3107
3155 6276 6276 3109
3156 6275 6275 3109
3160 6275 6275 3110
3160 6275 6275 3110
3161 6275 6275 3110
3161 6275 6275 3110
3163 6276 6276 3109
3163 6275 6275 3107
3164 6275 6275 3108
3165 6275 6275 3107
3164 6275 6275 3107
3167 6275 6275 3106
3166 6276 6276 3106
3168 6275 6275 3105
3167 6275 6275 3105
3168 6275 6275 3104
3168 6275 6275 3104
3167 6275 6275 3103
3169 6276 6276 3103
3170 6275 6275 3103
3173 6275 6275 3101
3171 6275 6275 3100
3173 6275 6275 3101
3172 6275 6275 3099
3171 6276 6276 3099
3173 6275 6275 3100
3173 6275 6275 3098
3173 6275 6275 3098
3174 6275 6275 3098
3176 6275 6275 3098
3175 6276 6276 3095
3177 6275 6275 3096
3176 6275 6275 3095
3177 6275 6275 3095
3177 6275 6275 3095
3178 6275 6275 3094
3179 6276 6276 3093
3179 6275 6275 3093
3181 6275 6275 3093
3181 6275 6275 3090
3164 6275 6275 3076
3154 6275 6275 3063
3151 6276 6276 3061
3157 6275 6275 3066
3166 6275 6275 3074
3174 6275 6275 3080
3182 6275 6275 3089
3186 6275 6275 3092
3190 6276 6276 3096
3191 6275 6275 3099
3192 6275 6275 3098
3193 6275 6275 3099
3195 6275 6275 3099
3194 6275 6275 3099
3193 6276 6276 3096
3192 6275 6275 3096
3193 6275 6275 3093
3190 6275 6275 3091
3188 6275 6275 3090
3188 6275 6275 3088
3187 6276 6276 3089
3188 6275 6275 3089
3187 6275 6275 3089
3187 6275 6275 3088
3187 6275 6275 3088
3185 6275 6275 3088
3187 6276 6276 3088
3187 6275 6275 3087
3188 6275 6275 3086
3187 6275 6275 3088
3187 6275 6275 3088
3187 6275 6275 3090
3185 6276 6276 3088
3186 6275 6275 3089
3186 6275 6275 3089
3186 6275 6275 3089
3186 6275 6275 3088
3187 6275 6275 3088
3186 6276 6276 3087
3185 6275 6275 3088
3186 6275 6275 3089
3186 6275 6275 3089
3186 6275 6275 3090
3186 6275 6275 3089
3186 6276 6276 3090
3186 6275 6275 3088
3196 6275 6275 3100
3209 6275 6275 3112
3219 6275 6275 3122
3217 6275 6275 3118
3209 6276 6276 3109
3203 6275 6275 3103
3197 6275 6275 3094
3190 6275 6275 3088
3187 6275 6275 3083
3186 6275 6275 3080
3185 6276 6276 3077
3186 6275 6275 3076
3184 6275 6275 3075
3183 6275 6275 3074
3185 6275 6275 3074
3186 6275 6275 3075
3185 6276 6276 3078
3188 6275 6275 3078
3189 6275 6275 3080
3190 6275 6275 3081
3191 6275 6275 3080
3191 6275 6275 3082
3192 6276 6276 3084
3192 6275 6275 3084
3191 6275 6275 3086
3191 6275 6275 3087
3191 6275 6275 3086
3190 6275 6275 3090
3190 6276 6276 3088
3188 6275 6275 3088
3188 6275 6275 3090
3186 6275 6275 3090
3186 6275 6275 3092
3186 6275 6275 3092
3185 6276 6276 3093
3186 6275 6275 3094
3184 6275 6275 3096
3184 6275 6275 3095
3183 6275 6275 3094
3182 6275 6275 3096
3182 6275 6276 3097
3181 6275 6275 3096
3182 6275 6275 3098
3180 6275 6275 3098
3178 6275 6275 3098
3178 6275 6275 3100
3177 6275 6276 3100
3177 6275 6275 3103
3176 6275 6275 3102
3175 6275 6275 3101
3174 6275 6275 3103
3175 6275 6275 3104
3173 6275 6276 3105
3174 6275 6275 3106
3172 6275 6275 3107
3170 6275 6275 3107
3170 6275 6275 3110
3160 6275 6275 3098
3147 6275 6275 3085
3137 6275 6275 3077
3138 6275 6275 3079
3145 6275 6275 3088
3152 6275 6275 3096
3157 6275 6275 3103
3163 6275 6275 3110
3167 6275 6275 3117
3170 6275 6275 3120
3170 6275 6275 3122
3171 6275 6275 3124
3171 6275 6275 3124
3170 6275 6275 3125
3169 6275 6275 3126
3168 6275 6275 3125
3169 6275 6275 3126
3164 6275 6275 3124
3161 6275 6275 3123
3160 6275 6275 3122
3159 6275 6275 3122
3158 6275 6275 3119
3158 6275 6275 3122
3159 6275 6275 3121
3156 6275 6275 3122
3156 6275 6275 3124
3155 6275 6275 3123
3152 6275 6275 3124
3153 6275 6275 3125
3153 6275 6275 3125
3153 6275 6275 3124
3151 6275 6275 3126
3153 6275 6275 3125
3152 6275 6275 3127
3152 6275 6275 3128
3151 6275 6275 3127
3149 6275 6275 3128
3149 6275 6275 3130
3148 6275 6275 3130
3148 6275 6275 3129
3148 6275 6275 3130
3148 6275 6275 3129
3146 6275 6275 3132
3148 6275 6275 3132
3146 6275 6275 3132
3144 6275 6275 3134
3144 6275 6275 3134
3160 6275 6275 3149
3171 6275 6275 3161
3175 6275 6275 3164
3168 6275 6275 3158
3159 6275 6275 3151
3153 6275 6275 3145
3143 6275 6275 3136
3140 6275 6275 3134
3135 6275 6275 3128
3133 6275 6275 3127
3132 6275 6275 3126
3131 6275 6275 3127
3129 6275 6275 3126
3131 6275 6275 3126
3133 6275 6275 3129
3132 6275 6275 3130
3132 6275 6275 3134
3134 6275 6275 3134
3137 6275 6275 3136
3136 6275 6275 3136
3137 6275 6275 3137
3136 6275 6275 3137
3138 6275 6275 3137
3138 6275 6275 3138
3137 6275 6275 3138
3138 6275 6275 3140
3137 6275 6275 3138
3138 6275 6275 3139
3136 6275 6275 3138
3137 6275 6275 3138
3136 6275 6275 3137
3137 6275 6275 3137
3137 6275 6275 3137
3137 6276 6275 3138
3138 6275 6275 3139
3137 6275 6275 3138
3137 6275 6275 3139
3135 6275 6275 3139
3137 6275 6275 3140
3136 6276 6275 3138
3137 6275 6275 3139
3138 6275 6275 3138
3137 6275 6275 3137
3138 6275 6275 3138
3137 6275 6275 3138
3137 6276 6275 3140
3136 6275 6275 3138
3137 6275 6275 3139
3135 6275 6275 3138
3137 6275 6275 3139
3137 6275 6275 3138
3137 6276 6276 3137
3138 6275 6275 3138
3138 6275 6275 3136
3137 6275 6275 3139
3137 6275 6275 3138
3138 6275 6275 3139
3124 6276 6276 3127
3113 6275 6275 3114
3105 6275 6275 3107
3115 6275 6275 3116
3122 6275 6275 3124
3129 6275 6275 3128
3136 6276 6276 3138
3142 6275 6275 3143
3146 6275 6275 3146
3146 6275 6275 3148
3148 6275 6275 3149
3147 6275 6275 3152
3149 6276 6276 3152
3150 6275 6275 3150
3151 6275 6275 3149
3151 6275 6275 3149
3152 6275 6275 3145
3149 6275 6275 3145
3149 6276 6276 3142
3151 6275 6275 3141
3148 6275 6275 3140
3149 6275 6275 3139
3147 6275 6275 3138
3149 6275 6275 3137
3149 6276 6276 3136
3149 6275 6275 3133
3148 6275 6275 3134
3149 6275 6275 3133
3149 6275 6275 3133
3149 6275 6275 3131
3149 6276 6276 3131
3148 6275 6275 3129
3150 6275 6275 3129
3150 6275 6275 3129
3153 6275 6275 3127
3153 6275 6275 3126
3155 6276 6276 3123
3156 6275 6275 3125
3158 6275 6275 3123
3159 6275 6275 3122
3159 6275 6275 3122
3162 6275 6275 3120
3162 6276 6276 3118
3164 6275 6275 3117
3165 6275 6275 3116
3167 6275 6275 3114
3178 6275 6275 3125
3192 6275 6275 3137
3201 6276 6276 3144
3201 6275 6275 3141
3194 6275 6275 3131
3189 6275 6275 3123
3186 6275 6275 3116
3178 6275 6275 3108
3175 6276 6276 3101
3171 6275 6275 3097
3172 6275 6275 3095
3174 6275 6275 3092
3173 6275 6275 3090
3175 6275 6275 3091
3176 6276 6276 3088
3177 6275 6275 3088
3180 6275 6275 3086
3183 6275 6275 3088
3185 6275 6275 3089
3188 6275 6275 3089
3190 6276 6276 3089
3193 6275 6275 3088
3193 6275 6275 3087
3193 6275 6275 3086
3196 6275 6275 3085
3197 6275 6275 3083
3200 6276 6276 3082
3200 6275 6275 3081
3202 6275 6275 3079
3202 6275 6275 3078
3203 6275 6275 3079
3206 6275 6275 3077
3204 6276 6276 3076
3207 6275 6275 3074
3208 6275 6275 3072
3208 6275 6275 3072
3210 6275 6275 3071
3212 6275 6275 3071
3212 6276 6276 3068
3214 6275 6275 3068
3214 6275 6275 3066
3215 6275 6275 3066
3217 6275 6275 3064
3217 6275 6275 3063
3219 6276 6276 3064
3221 6275 6275 3060
3222 6275 6275 3060
3221 6275 6275 3059
3224 6275 6275 3058
3224 6275 6275 3057
3226 6276 6276 3056
3227 6275 6275 3054
3227 6275 6275 3052
3230 6275 6275 3052
3230 6275 6275 3048
3232 6275 6275 3050
3233 6276 6276 3049
3226 6275 6275 3038
3213 6275 6275 3024
3203 6275 6275 3013
3202 6275 6275 3012
3206 6275 6275 3014
3220 6276 6276 3022
3226 6275 6275 3024
3235 6275 6275 3031
3241 6275 6275 3036
3246 6275 6275 3040
3249 6275 6275 3040
3252 6276 6276 3042
3253 6275 6275 3043
3252 6275 6275 3043
3255 6275 6275 3043
3252 6275 6275 3038
3253 6275 6275 3040
3253 6276 6276 3040
3252 6275 6275 3037
3250 6275 6275 3034
3251 6275 6275 3034
3250 6275 6275 3031
3249 6275 6275 3031
3250 6275 6276 3029
3248 6275 6275 3028
3248 6275 6275 3028
3248 6275 6275 3028
3249 6275 6275 3027
3247 6275 6275 3027
3249 6275 6276 3027
3249 6275 6275 3026
3247 6275 6275 3029
3249 6275 6275 3027
3247 6275 6275 3027
3248 6275 6275 3027
3248 6275 6276 3026
3249 6275 6275 3027
3247 6275 6275 3027
3249 6275 6275 3028
3248 6275 6275 3026
3247 6275 6275 3027
3249 6275 6275 3027
3247 6275 6275 3027
3248 6275 6275 3028
3248 6275 6275 3027
3248 6275 6275 3030
3247 6275 6275 3029
3259 6275 6275 3041
3271 6275 6275 3055
3278 6275 6275 3063
3269 6275 6275 3055
3261 6275 6275 3047
3253 6275 6275 3043
3245 6275 6275 3035
3240 6275 6275 3030
3234 6275 6275 3027
3233 6275 6275 3026
3231 6275 6275 3025
3229 6275 6275 3023
3229 6275 6275 3027
3227 6275 6275 3027
3225 6275 6275 3028
3224 6275 6275 3029
3224 6275 6275 3032
3225 6275 6275 3033
3225 6275 6275 3035
3225 6275 6275 3039
3224 6275 6275 3038
3225 6275 6275 3039
3225 6275 6275 3040
3224 6275 6275 3041
3222 6275 6275 3041
3224 6275 6275 3042
3225 6275 6275 3044
3225 6275 6275 3044
3226 6275 6275 3046
3224 6275 6275 3046
3225 6275 6275 3047
3223 6275 6275 3048
3223 6275 6275 3049
3222 6275 6275 3048
3220 6275 6275 3051
3220 6275 6275 3052
3218 6275 6275 3052
3218 6275 6275 3054
3216 6275 6275 3054
3215 6275 6275 3055
3213 6275 6275 3055
3212 6275 6275 3057
3210 6275 6275 3059
3209 6275 6275 3060
3208 6275 6275 3061
3207 6275 6275 3062
3207 6275 6275 3064
3204 6275 6275 3064
3204 6275 6275 3066
3203 6275 6275 3066
3202 6275 6275 3069
3199 6275 6275 3069
3196 6275 6275 3070
3197 6275 6275 3071
3196 6275 6275 3073
3197 6275 6275 3076
3194 6275 6275 3075
3183 6275 6275 3068
3171 6275 6275 3056
3160 6275 6275 3047
3158 6275 6275 3049
3159 6275 6275 3052
3162 6275 6275 3062
3168 6275 6275 3070
3172 6275 6275 3077
3175 6275 6275 3085
3178 6275 6275 3092
3178 6275 6275 3098
3179 6275 6275 3101
3180 6275 6275 3105
3177 6275 6275 3107
3175 6275 6275 3107
3171 6275 6275 3110
3170 6276 6275 3111
3166 6275 6275 3113
3164 6275 6275 3113
3162 6275 6275 3113
3159 6275 6275 3112
3159 6275 6275 3113
3155 6276 6275 3114
3154 6275 6275 3116
3153 6275 6275 3117
3152 6275 6275 3117
3150 6275 6275 3118
3149 6275 6275 3120
3148 6276 6275 3122
3147 6275 6275 3123
3147 6275 6275 3124
3145 6275 6275 3125
3142 6275 6275 3127
3141 6275 6275 3126
