0 0 0 0
38 38 38 38
75 75 75 75
95 96 97 97
127 126 125 125
159 159 156 156
191 191 188 187
223 223 218 217
255 255 249 247
287 290 279 277
318 324 309 307
348 357 340 337
378 392 371 368
409 427 401 399
440 461 432 430
471 494 462 460
502 528 492 491
532 561 522 522
563 593 551 554
593 628 580 587
622 662 608 621
652 695 637 655
682 730 666 688
712 764 694 719
742 799 723 751
772 834 752 783
803 869 781 815
834 903 810 846
865 938 838 877
896 973 867 909
928 1007 895 940
959 1042 923 971
990 1077 951 1003
1022 1111 979 1034
1053 1145 1007 1065
1085 1180 1036 1096
1116 1214 1066 1128
1147 1248 1094 1158
1177 1282 1123 1190
1207 1316 1152 1221
1237 1350 1183 1252
1268 1384 1213 1283
1298 1419 1243 1313
1328 1454 1274 1343
1358 1488 1304 1374
1389 1521 1335 1405
1420 1554 1366 1436
1451 1586 1397 1466
1481 1619 1428 1497
1512 1652 1459 1529
1543 1684 1490 1559
1536 1678 1483 1553
1530 1672 1477 1547
1542 1683 1486 1556
1542 1684 1490 1560
1541 1683 1491 1561
1539 1683 1492 1562
1538 1682 1496 1563
1537 1681 1499 1563
1535 1676 1502 1564
1535 1672 1506 1564
1535 1669 1509 1565
1535 1664 1511 1565
1534 1659 1515 1566
1533 1653 1518 1566
1533 1651 1522 1567
1532 1648 1526 1567
1532 1646 1530 1567
1531 1645 1536 1565
1530 1640 1540 1562
1531 1637 1546 1559
1532 1634 1552 1557
1532 1630 1556 1554
1532 1625 1565 1554
1532 1620 1572 1552
1532 1615 1579 1550
1531 1609 1586 1547
1529 1605 1593 1545
1529 1599 1602 1544
1528 1594 1609 1543
1525 1589 1617 1541
1524 1585 1626 1539
1522 1580 1634 1537
1519 1576 1644 1535
1518 1571 1652 1533
1516 1566 1660 1532
1513 1562 1667 1530
1512 1558 1675 1530
1511 1554 1683 1529
1510 1549 1690 1527
1509 1546 1696 1526
1507 1541 1703 1523
1508 1537 1710 1523
1507 1531 1715 1522
1509 1527 1721 1521
1510 1523 1726 1519
1510 1519 1730 1517
1511 1515 1735 1516
1513 1511 1740 1513
1515 1506 1744 1511
1518 1503 1748 1510
1515 1496 1746 1504
1514 1492 1744 1500
1510 1487 1741 1496
1517 1489 1747 1499
1520 1487 1750 1499
1525 1483 1750 1500
1528 1481 1749 1501
1530 1478 1746 1504
1533 1477 1744 1506
1536 1476 1740 1509
1539 1477 1737 1510
1541 1477 1734 1511
1544 1479 1730 1511
1546 1480 1727 1513
1546 1481 1724 1515
1547 1483 1719 1516
1546 1485 1715 1517
1547 1487 1710 1518
1550 1490 1707 1518
1550 1492 1703 1518
1551 1495 1698 1518
1553 1499 1695 1518
1553 1504 1688 1518
1554 1507 1683 1519
1555 1510 1676 1521
1556 1514 1670 1523
1558 1518 1665 1525
1557 1522 1657 1528
1558 1524 1651 1529
1560 1528 1645 1532
1560 1532 1638 1535
1561 1533 1631 1538
1563 1536 1624 1541
1564 1539 1618 1545
1564 1542 1610 1548
1567 1545 1602 1550
1569 1548 1596 1552
1569 1551 1588 1553
1571 1555 1582 1556
1572 1558 1575 1559
1573 1561 1567 1563
1573 1562 1560 1566
1574 1567 1554 1570
1572 1569 1549 1574
1571 1573 1542 1577
1569 1577 1537 1581
1567 1581 1531 1585
1566 1584 1525 1589
1563 1589 1520 1591
1559 1593 1514 1595
1562 1602 1515 1601
1562 1607 1516 1607
1565 1613 1518 1613
1557 1613 1509 1611
1554 1616 1503 1610
1548 1621 1500 1609
1545 1625 1497 1610
1542 1630 1496 1607
1540 1635 1496 1605
1536 1639 1497 1603
1534 1641 1499 1602
1532 1644 1501 1600
1530 1645 1503 1598
1528 1648 1504 1596
1530 1649 1505 1593
1530 1647 1508 1590
1533 1646 1510 1588
1534 1646 1512 1586
1534 1645 1514 1586
1536 1642 1516 1584
1536 1641 1518 1582
1536 1638 1520 1582
1538 1636 1522 1580
1540 1635 1522 1581
1540 1634 1526 1578
1541 1633 1528 1576
1542 1631 1528 1575
1544 1630 1531 1572
1545 1629 1534 1570
1546 1627 1535 1567
1548 1625 1537 1565
1550 1625 1540 1561
1552 1622 1541 1560
1554 1621 1544 1556
1556 1619 1548 1552
1558 1616 1551 1550
1558 1614 1554 1547
1562 1612 1558 1545
1564 1608 1561 1542
1567 1605 1563 1539
1569 1603 1567 1537
1571 1601 1570 1535
1575 1597 1573 1531
1577 1595 1574 1527
1579 1592 1577 1525
1582 1590 1581 1522
1584 1590 1584 1519
1585 1588 1586 1517
1588 1584 1589 1515
1590 1582 1592 1512
1592 1578 1595 1510
1594 1576 1597 1508
1585 1564 1594 1494
1584 1561 1596 1493
1580 1553 1595 1488
1584 1551 1593 1490
1591 1552 1594 1494
1596 1550 1594 1498
1599 1547 1594 1501
1603 1545 1593 1504
1605 1542 1589 1506
1609 1538 1587 1509
1610 1535 1586 1511
1613 1532 1585 1513
1611 1529 1585 1515
1613 1528 1585 1518
1613 1526 1584 1520
1614 1523 1582 1523
1613 1521 1582 1526
1614 1522 1579 1530
1615 1520 1577 1534
1615 1519 1575 1536
1615 1517 1572 1540
1614 1515 1572 1540
1616 1513 1569 1543
1616 1511 1567 1546
1617 1509 1568 1548
1617 1507 1569 1550
1618 1505 1567 1552
1617 1504 1568 1555
1617 1500 1568 1557
1617 1499 1568 1560
1616 1500 1569 1559
1616 1499 1568 1560
1616 1497 1567 1562
1616 1498 1568 1562
1616 1497 1569 1563
1617 1497 1567 1564
1615 1498 1567 1565
1615 1497 1567 1566
1614 1498 1566 1566
1614 1498 1566 1564
1613 1499 1565 1565
1613 1499 1565 1565
1613 1499 1566 1565
1616 1498 1565 1565
1616 1496 1564 1565
1616 1497 1564 1566
1616 1499 1563 1565
1616 1498 1564 1566
1616 1498 1563 1566
1617 1498 1564 1565
1627 1507 1569 1576
1632 1507 1571 1575
1636 1512 1576 1579
1635 1511 1581 1576
1629 1507 1583 1570
1626 1506 1585 1565
1625 1505 1587 1561
1623 1505 1589 1557
1623 1505 1592 1554
1622 1506 1594 1551
1623 1507 1597 1550
1621 1508 1600 1547
1622 1508 1599 1545
1622 1508 1600 1544
1623 1509 1601 1542
1622 1509 1603 1541
1624 1509 1604 1538
1623 1508 1608 1535
1623 1508 1610 1531
1624 1507 1613 1529
1624 1507 1617 1527
1625 1507 1618 1525
1625 1507 1621 1523
1626 1506 1622 1522
1626 1506 1622 1520
1627 1506 1623 1518
1626 1507 1624 1516
1629 1508 1624 1514
1629 1509 1626 1512
1629 1509 1627 1510
1629 1509 1626 1511
1628 1510 1626 1511
1630 1511 1626 1510
1629 1509 1627 1510
1630 1509 1624 1511
1629 1509 1626 1511
1631 1509 1625 1510
1631 1509 1626 1509
1633 1508 1627 1509
1632 1509 1625 1509
1632 1508 1626 1510
1632 1508 1626 1509
1631 1509 1626 1509
1629 1509 1625 1510
1630 1509 1625 1510
1631 1509 1626 1509
1630 1508 1626 1510
1631 1508 1625 1509
1631 1508 1627 1510
1631 1509 1626 1511
1631 1509 1626 1510
1629 1509 1626 1509
1631 1510 1622 1509
1627 1502 1607 1501
1627 1503 1604 1501
1623 1503 1607 1502
1622 1506 1615 1506
1621 1505 1621 1508
1618 1506 1626 1510
1616 1506 1630 1511
1613 1506 1631 1511
1611 1504 1633 1512
1608 1504 1638 1512
1605 1504 1638 1512
1603 1503 1640 1514
1601 1503 1642 1516
1598 1503 1642 1518
1596 1503 1641 1520
1593 1503 1642 1522
1591 1503 1641 1525
1589 1503 1642 1527
1587 1504 1642 1528
1586 1504 1642 1529
1585 1505 1644 1529
1584 1504 1644 1530
1583 1504 1643 1531
1583 1503 1643 1531
1582 1502 1644 1532
1582 1502 1643 1533
1581 1501 1642 1534
1581 1500 1644 1533
1580 1499 1646 1534
1577 1498 1647 1536
1577 1498 1647 1538
1575 1498 1649 1537
1572 1496 1650 1537
1571 1496 1651 1539
1569 1496 1652 1541
1567 1495 1652 1544
1566 1493 1654 1547
1564 1492 1656 1549
1565 1492 1655 1552
1565 1489 1655 1555
1564 1488 1655 1558
1563 1487 1655 1559
1562 1484 1654 1560
1562 1483 1654 1563
1562 1482 1654 1565
1561 1481 1654 1566
1560 1481 1653 1567
1560 1480 1653 1571
1559 1479 1652 1572
1559 1477 1655 1575
1562 1485 1669 1585
1562 1483 1671 1584
1565 1483 1668 1587
1565 1479 1660 1585
1566 1479 1652 1585
1568 1480 1645 1585
1570 1479 1639 1587
1572 1478 1634 1588
1577 1480 1629 1590
1579 1481 1623 1593
1582 1481 1620 1595
1584 1481 1616 1595
1586 1481 1613 1594
1589 1482 1610 1594
1591 1482 1608 1595
1593 1483 1605 1595
1597 1483 1603 1594
1598 1483 1600 1593
1600 1482 1598 1595
1601 1482 1594 1598
1601 1482 1591 1599
1602 1484 1591 1600
1602 1484 1588 1601
1602 1485 1586 1604
1602 1485 1583 1605
1604 1485 1580 1607
1604 1487 1578 1609
1605 1487 1574 1613
1606 1487 1570 1613
1607 1489 1568 1614
1607 1491 1565 1614
1608 1490 1562 1617
1611 1492 1558 1618
1613 1493 1555 1619
1613 1493 1551 1619
1614 1494 1549 1619
1615 1495 1546 1621
1617 1496 1542 1620
1617 1497 1542 1620
1617 1499 1538 1620
1618 1500 1537 1618
1619 1501 1534 1620
1620 1503 1532 1621
1620 1505 1530 1620
1620 1506 1528 1621
1621 1507 1524 1622
1622 1506 1523 1622
1622 1509 1522 1622
1623 1509 1519 1623
1622 1510 1517 1623
1624 1511 1515 1623
1626 1512 1513 1625
1622 1504 1497 1615
1621 1507 1494 1613
1618 1507 1491 1608
1621 1511 1498 1613
1621 1515 1500 1613
1622 1518 1503 1613
1620 1520 1504 1612
1620 1520 1504 1611
1618 1522 1505 1609
1617 1524 1507 1609
1615 1525 1508 1607
1614 1525 1512 1606
1612 1526 1516 1604
1611 1525 1519 1602
1607 1525 1522 1601
1606 1526 1525 1599
1604 1527 1530 1596
1602 1527 1534 1592
1601 1528 1537 1591
1599 1528 1539 1589
1598 1529 1542 1587
1598 1530 1545 1584
1596 1531 1547 1583
1593 1531 1550 1580
1593 1531 1554 1577
1591 1532 1559 1574
1589 1533 1561 1574
1588 1532 1564 1571
1587 1532 1567 1570
1585 1534 1571 1567
1583 1534 1575 1566
1579 1533 1579 1565
1578 1532 1582 1564
1576 1533 1585 1562
1575 1534 1588 1560
1572 1535 1592 1559
1570 1534 1592 1560
1568 1534 1596 1560
1565 1534 1597 1561
1562 1535 1600 1560
1559 1535 1602 1561
1557 1534 1605 1563
1555 1534 1607 1562
1552 1534 1610 1562
1549 1533 1613 1563
1547 1531 1616 1562
1544 1532 1619 1563
1542 1532 1621 1563
1540 1531 1625 1563
1537 1528 1627 1564
1540 1534 1644 1574
1540 1530 1648 1578
1542 1528 1654 1584
1537 1521 1651 1580
1534 1517 1652 1580
1531 1513 1653 1581
1529 1510 1653 1582
1528 1509 1656 1582
1527 1506 1659 1585
1525 1504 1659 1585
1525 1504 1660 1588
1524 1503 1659 1590
1524 1501 1658 1591
1524 1502 1658 1594
1523 1502 1658 1595
1523 1502 1655 1597
1522 1501 1652 1600
1521 1501 1652 1603
1520 1501 1652 1604
1519 1500 1650 1607
1517 1499 1650 1611
1515 1499 1649 1613
1515 1498 1650 1615
1514 1498 1650 1618
1512 1497 1648 1621
1512 1496 1646 1622
1512 1496 1646 1624
1511 1497 1645 1625
1510 1496 1644 1627
1511 1494 1642 1629
1511 1494 1640 1631
1511 1494 1639 1633
1510 1495 1640 1634
1510 1494 1638 1635
1510 1493 1637 1634
1510 1493 1635 1634
1510 1493 1638 1633
1510 1493 1638 1630
1511 1493 1640 1628
1512 1492 1641 1627
1513 1491 1644 1625
1514 1492 1645 1621
1514 1493 1647 1620
1514 1493 1648 1617
1515 1495 1648 1615
1516 1496 1648 1614
1517 1496 1650 1612
1518 1497 1651 1610
1518 1498 1650 1607
1519 1501 1652 1605
1519 1504 1651 1603
1518 1507 1650 1600
1518 1504 1646 1591
1512 1502 1638 1585
1511 1500 1634 1581
1508 1497 1628 1574
1515 1501 1630 1575
1522 1503 1629 1576
1528 1506 1627 1573
1533 1507 1626 1572
1537 1507 1623 1571
1540 1507 1620 1568
1544 1509 1618 1567
1546 1508 1615 1565
1552 1508 1613 1564
1555 1507 1612 1563
1559 1508 1611 1561
1562 1509 1609 1559
1566 1509 1607 1557
1570 1509 1604 1556
1575 1509 1602 1554
1578 1509 1600 1552
1581 1509 1597 1549
1585 1510 1594 1548
1590 1510 1592 1546
1592 1510 1590 1546
1595 1509 1588 1544
1598 1508 1585 1545
1601 1509 1583 1543
1604 1510 1581 1542
1606 1510 1580 1540
1609 1510 1577 1539
1615 1511 1573 1538
1618 1512 1572 1537
1620 1513 1571 1537
1624 1512 1569 1537
1626 1513 1565 1536
1629 1513 1563 1536
1631 1514 1559 1536
1634 1515 1557 1537
1636 1517 1553 1537
1639 1516 1549 1538
1641 1516 1546 1538
1644 1516 1542 1539
1646 1516 1540 1538
1649 1516 1537 1537
1651 1517 1534 1536
1653 1516 1532 1536
1656 1516 1530 1537
1657 1517 1527 1536
1661 1516 1525 1536
1665 1516 1523 1535
1667 1522 1525 1542
1676 1526 1530 1545
1680 1530 1532 1548
1687 1535 1534 1553
1683 1532 1530 1550
1680 1530 1528 1548
1677 1529 1527 1548
1676 1528 1526 1548
1676 1528 1527 1547
1675 1529 1527 1548
1674 1529 1526 1547
1674 1530 1526 1548
1672 1531 1526 1547
1672 1532 1526 1546
1672 1532 1526 1546
1672 1532 1525 1546
1670 1532 1525 1547
1671 1532 1527 1546
1670 1532 1527 1544
1670 1533 1528 1545
1669 1535 1528 1546
1668 1534 1528 1545
1668 1535 1528 1545
1668 1535 1527 1543
1668 1537 1528 1543
1669 1537 1529 1542
1669 1537 1529 1542
1669 1537 1529 1542
1669 1537 1529 1543
1669 1538 1529 1541
1667 1538 1530 1540
1667 1539 1529 1540
1667 1538 1529 1539
1666 1539 1529 1539
1666 1539 1529 1539
1667 1540 1529 1539
1668 1540 1531 1540
1667 1539 1531 1538
1667 1539 1530 1538
1665 1541 1530 1538
1666 1542 1529 1538
1666 1542 1530 1538
1665 1542 1530 1538
1665 1541 1530 1539
1666 1541 1529 1540
1667 1542 1529 1540
1666 1542 1529 1539
1666 1541 1528 1540
1665 1542 1529 1539
1664 1542 1529 1539
1665 1541 1529 1539
1665 1541 1529 1539
1666 1540 1529 1537
1651 1536 1520 1530
1649 1537 1522 1530
1643 1535 1517 1527
1650 1537 1522 1533
1653 1537 1523 1534
1655 1536 1523 1535
1657 1535 1524 1536
1658 1534 1524 1538
1659 1534 1525 1537
1658 1533 1524 1538
1659 1534 1523 1539
1658 1533 1523 1539
1659 1533 1523 1539
1661 1533 1522 1539
1660 1534 1521 1540
1659 1534 1520 1542
1660 1534 1520 1541
1659 1533 1520 1540
1660 1534 1521 1541
1659 1533 1522 1540
1659 1534 1522 1541
1659 1533 1522 1541
1657 1535 1524 1541
1658 1536 1522 1540
1657 1539 1522 1540
1656 1540 1521 1537
1655 1541 1521 1538
1655 1543 1520 1538
1654 1544 1519 1537
1654 1547 1518 1537
1653 1549 1516 1537
1653 1552 1516 1536
1652 1553 1514 1536
1652 1555 1512 1536
1650 1557 1510 1536
1650 1560 1510 1535
1650 1560 1509 1535
1649 1561 1509 1534
1649 1564 1508 1534
1649 1566 1508 1534
1647 1570 1507 1533
1644 1571 1507 1533
1642 1574 1506 1533
1638 1576 1506 1535
1636 1579 1507 1533
1634 1581 1507 1534
1632 1583 1507 1535
1628 1585 1506 1535
1626 1587 1506 1536
1622 1590 1505 1537
1635 1597 1515 1544
1636 1598 1514 1543
1641 1603 1519 1546
1634 1603 1513 1540
1629 1605 1512 1538
1625 1607 1511 1536
1623 1609 1511 1534
1622 1611 1512 1532
1621 1613 1510 1531
1620 1616 1510 1531
1618 1617 1511 1530
1619 1620 1510 1529
1618 1622 1511 1528
1616 1623 1511 1527
1614 1625 1511 1525
1614 1629 1511 1523
1612 1629 1510 1523
1613 1630 1510 1523
1612 1632 1509 1522
1611 1634 1508 1522
1612 1636 1509 1521
1612 1637 1509 1520
1612 1637 1506 1520
1610 1638 1507 1520
1607 1637 1507 1520
1606 1639 1507 1522
1605 1640 1507 1522
1603 1641 1507 1523
1603 1641 1507 1524
1602 1642 1507 1524
1603 1641 1508 1524
1603 1640 1507 1525
1604 1641 1508 1525
1601 1640 1508 1523
1603 1641 1509 1523
1602 1640 1509 1524
1603 1641 1511 1523
1603 1640 1512 1522
1602 1640 1512 1521
1603 1638 1511 1523
1603 1636 1511 1523
1606 1635 1512 1523
1607 1631 1513 1523
1611 1629 1513 1521
1613 1627 1512 1523
1615 1624 1512 1523
1617 1622 1512 1522
1620 1621 1513 1522
1622 1619 1512 1521
1625 1617 1513 1521
1626 1614 1513 1524
1626 1612 1511 1526
1627 1609 1504 1520
1618 1602 1500 1516
1617 1598 1499 1514
1614 1595 1501 1515
1612 1599 1509 1521
1608 1601 1514 1524
1605 1601 1520 1526
1601 1602 1524 1526
1598 1602 1528 1526
1594 1602 1530 1526
1591 1601 1532 1527
1588 1601 1535 1527
1586 1601 1537 1527
1584 1599 1540 1527
1583 1600 1543 1528
1581 1600 1545 1530
1578 1600 1548 1527
1576 1600 1550 1527
1572 1600 1553 1528
1569 1601 1554 1527
1568 1601 1556 1527
1566 1600 1559 1527
1565 1601 1561 1526
1565 1598 1564 1526
1565 1598 1567 1525
1565 1597 1569 1524
1565 1597 1574 1522
1565 1594 1575 1521
1564 1594 1577 1519
1563 1592 1579 1519
1561 1589 1582 1519
1563 1588 1584 1519
1562 1585 1587 1519
1563 1582 1589 1519
1564 1580 1592 1519
1563 1579 1593 1519
1561 1576 1595 1520
1559 1575 1597 1519
1559 1574 1600 1520
1555 1573 1600 1521
1554 1574 1601 1521
1553 1573 1601 1523
1551 1573 1604 1524
1549 1573 1608 1523
1547 1573 1609 1524
1546 1573 1611 1524
1545 1571 1615 1525
1542 1570 1617 1525
1540 1569 1620 1522
1539 1569 1624 1521
1537 1569 1634 1526
1544 1574 1642 1529
1544 1577 1647 1533
1546 1578 1647 1532
1547 1573 1641 1527
1548 1570 1638 1525
1548 1567 1636 1524
1551 1563 1635 1523
1553 1561 1634 1524
1554 1557 1636 1526
1555 1555 1637 1528
1557 1553 1637 1530
1557 1550 1637 1533
1557 1547 1637 1535
1557 1544 1636 1535
1558 1543 1638 1534
1559 1540 1638 1539
1559 1539 1638 1539
1560 1537 1637 1539
1562 1534 1640 1541
1564 1533 1639 1540
1566 1532 1638 1539
1569 1528 1639 1540
1571 1528 1638 1539
1573 1527 1637 1539
1575 1523 1637 1538
1576 1520 1636 1540
1576 1519 1638 1541
1577 1517 1638 1542
1578 1516 1639 1541
1578 1517 1639 1541
1577 1515 1639 1542
1578 1516 1640 1542
1579 1517 1640 1543
1577 1516 1637 1542
1577 1515 1638 1543
1579 1516 1640 1542
1580 1516 1639 1541
1581 1516 1639 1540
1583 1516 1641 1538
1583 1516 1641 1537
1584 1516 1643 1536
1587 1515 1642 1534
1587 1515 1639 1534
1589 1515 1640 1534
1589 1513 1641 1533
1590 1515 1638 1532
1592 1515 1638 1531
1593 1515 1636 1530
1594 1515 1636 1531
1594 1515 1634 1533
1597 1513 1633 1535
1597 1512 1631 1535
1585 1505 1623 1526
1584 1506 1622 1526
1580 1500 1617 1523
1582 1500 1616 1528
1585 1501 1619 1537
1585 1500 1620 1543
1585 1501 1619 1547
1584 1500 1617 1547
1583 1500 1614 1548
1583 1500 1614 1549
1583 1501 1612 1552
1583 1502 1611 1555
1581 1502 1608 1557
1581 1502 1606 1557
1582 1501 1606 1561
1580 1500 1604 1563
1579 1500 1601 1565
1576 1499 1602 1569
1574 1499 1600 1575
1572 1499 1598 1580
1569 1498 1596 1586
1566 1496 1594 1590
1564 1498 1592 1596
1561 1498 1589 1598
1560 1499 1586 1602
1558 1499 1585 1605
1556 1500 1584 1609
1555 1500 1582 1612
1554 1501 1580 1614
1551 1501 1577 1617
1548 1501 1575 1620
1547 1502 1575 1623
1547 1504 1573 1627
1546 1503 1571 1629
1545 1503 1570 1633
1541 1503 1568 1636
1540 1503 1566 1639
1538 1502 1565 1642
1535 1502 1563 1646
1532 1502 1563 1650
1530 1503 1562 1653
1528 1502 1561 1655
1526 1503 1558 1659
1523 1502 1557 1663
1521 1503 1555 1667
1519 1503 1555 1671
1517 1504 1553 1673
1515 1504 1553 1676
1511 1506 1551 1677
1510 1507 1550 1678
1522 1516 1557 1691
1522 1515 1556 1693
1525 1520 1559 1699
1523 1521 1559 1697
1519 1520 1554 1691
1518 1521 1550 1687
1517 1523 1548 1686
1517 1524 1547 1687
1517 1526 1548 1687
1516 1527 1546 1686
1516 1528 1546 1685
1515 1528 1546 1684
1515 1528 1546 1685
1513 1529 1546 1685
1512 1531 1545 1684
1513 1532 1544 1686
1513 1533 1542 1687
1515 1534 1541 1686
1516 1534 1541 1685
1516 1536 1541 1682
1517 1536 1541 1680
1518 1537 1542 1679
1517 1537 1542 1678
1518 1539 1542 1678
1518 1538 1543 1677
1518 1538 1543 1679
1518 1538 1542 1677
1518 1538 1542 1676
1519 1538 1543 1676
1520 1537 1543 1676
1520 1536 1543 1675
1519 1536 1543 1676
1517 1535 1543 1675
1517 1536 1542 1676
1516 1537 1543 1677
1517 1537 1543 1677
1516 1538 1543 1677
1517 1539 1544 1677
1517 1540 1544 1676
1517 1541 1542 1675
1517 1541 1543 1676
1517 1542 1541 1676
1517 1543 1541 1675
1518 1544 1542 1675
1518 1545 1542 1674
1519 1544 1540 1673
1520 1544 1540 1672
1521 1544 1539 1670
1522 1544 1539 1671
1522 1543 1539 1671
1522 1542 1539 1669
1522 1542 1538 1669
1521 1543 1538 1661
1515 1539 1531 1652
1515 1541 1530 1648
1521 1539 1531 1651
1528 1538 1533 1652
1534 1539 1533 1652
1538 1538 1533 1653
1542 1536 1533 1652
1545 1536 1532 1651
1548 1535 1531 1650
1551 1534 1530 1649
1555 1534 1528 1649
1557 1534 1527 1648
1560 1532 1528 1645
1561 1531 1529 1644
1562 1530 1527 1644
1563 1528 1526 1642
1567 1528 1526 1642
1568 1528 1526 1640
1571 1527 1525 1641
1573 1526 1526 1639
1574 1524 1526 1639
1575 1525 1525 1638
1577 1525 1524 1635
1578 1524 1525 1635
1580 1523 1524 1636
1580 1524 1523 1635
1584 1525 1522 1634
1585 1525 1522 1633
1587 1524 1521 1633
1590 1524 1520 1631
1592 1523 1519 1631
1594 1522 1519 1628
1596 1521 1519 1628
1599 1520 1517 1628
1601 1520 1515 1628
1604 1518 1514 1625
1607 1517 1515 1627
1609 1516 1513 1625
1610 1515 1513 1624
1612 1515 1512 1624
1614 1514 1512 1622
1617 1512 1511 1622
1618 1513 1512 1621
1619 1512 1511 1621
1621 1512 1510 1621
1624 1511 1509 1620
1626 1511 1507 1621
1627 1510 1507 1622
1629 1509 1507 1621
1633 1509 1506 1628
1642 1512 1510 1636
1645 1510 1510 1639
1641 1511 1508 1636
1636 1511 1505 1632
1634 1510 1505 1630
1633 1510 1504 1629
1632 1512 1504 1631
1631 1511 1504 1629
1631 1511 1504 1630
1630 1511 1505 1630
1630 1510 1506 1629
1630 1508 1506 1630
1630 1510 1505 1630
1630 1509 1504 1629
1631 1510 1505 1629
1631 1511 1507 1630
1630 1510 1506 1631
1629 1510 1507 1631
1628 1510 1507 1629
1628 1510 1505 1630
1629 1510 1506 1629
1629 1510 1506 1630
1629 1510 1506 1630
1631 1512 1506 1630
1630 1511 1506 1628
1631 1510 1506 1630
1628 1509 1507 1630
1628 1509 1507 1630
1629 1509 1508 1629
1628 1508 1508 1630
1627 1509 1507 1630
1627 1509 1507 1631
1627 1510 1506 1630
1627 1510 1509 1629
1628 1508 1510 1631
1627 1509 1509 1632
1626 1509 1508 1629
1627 1509 1508 1630
1628 1510 1508 1630
1629 1508 1508 1630
1628 1509 1507 1631
1627 1509 1508 1630
1629 1509 1507 1630
1630 1509 1507 1631
1629 1509 1508 1631
1627 1509 1508 1630
1627 1509 1510 1629
1628 1509 1509 1628
1627 1509 1509 1629
1628 1508 1509 1628
1627 1509 1512 1628
1626 1509 1511 1629
1620 1505 1503 1611
1620 1504 1505 1608
1614 1500 1502 1603
1612 1497 1507 1608
1612 1494 1515 1612
1612 1491 1520 1617
1610 1488 1526 1620
1609 1485 1529 1621
1606 1482 1533 1624
1605 1479 1537 1625
1605 1475 1540 1627
1605 1473 1544 1628
1603 1469 1547 1629
1603 1465 1549 1628
1602 1463 1552 1627
1604 1460 1554 1629
1603 1457 1556 1630
1603 1455 1560 1629
1604 1452 1562 1630
1606 1448 1565 1630
1605 1445 1567 1632
1604 1440 1571 1630
1605 1439 1574 1630
1605 1437 1577 1628
1606 1438 1579 1626
1607 1438 1581 1623
1606 1437 1583 1621
1607 1438 1585 1619
1608 1437 1587 1617
1609 1437 1587 1615
1610 1437 1588 1614
1609 1438 1587 1612
1609 1440 1587 1608
1609 1440 1589 1607
1609 1441 1589 1605
1611 1441 1591 1603
1611 1440 1591 1603
1612 1441 1592 1601
1615 1440 1593 1599
1615 1441 1593 1599
1614 1442 1594 1598
1614 1442 1595 1595
1615 1442 1597 1593
1617 1441 1598 1591
1618 1441 1597 1589
1621 1441 1598 1587
1625 1441 1599 1584
1627 1441 1599 1582
1631 1440 1597 1578
1634 1440 1599 1575
1643 1443 1608 1590
1645 1443 1607 1591
1651 1447 1610 1594
1653 1449 1607 1586
1656 1452 1600 1578
1657 1456 1596 1573
1660 1459 1591 1568
1664 1463 1588 1565
1666 1466 1584 1559
1669 1469 1582 1556
1670 1472 1581 1552
1672 1474 1578 1550
1673 1477 1576 1546
1675 1481 1574 1544
1676 1483 1572 1542
1677 1486 1570 1539
1680 1490 1569 1536
1680 1493 1567 1535
1679 1496 1565 1533
1678 1500 1563 1531
1679 1504 1562 1527
1679 1508 1558 1528
1680 1510 1556 1528
1680 1513 1553 1527
1680 1514 1551 1530
1679 1515 1549 1530
1681 1517 1547 1530
1681 1516 1546 1532
1681 1516 1547 1531
1681 1517 1546 1531
1681 1517 1545 1532
1682 1516 1545 1532
1681 1516 1545 1532
1682 1517 1545 1532
1683 1517 1545 1533
1683 1517 1543 1533
1682 1518 1544 1531
1682 1518 1544 1531
1681 1519 1544 1531
1682 1518 1543 1530
1682 1518 1543 1529
1683 1519 1542 1529
1683 1520 1541 1529
1682 1522 1541 1530
1683 1524 1541 1531
1680 1525 1540 1533
1677 1526 1540 1533
1675 1526 1541 1533
1672 1526 1542 1535
1671 1527 1541 1536
1669 1529 1541 1537
1668 1530 1540 1538
1668 1524 1540 1539
1664 1514 1536 1528
1660 1512 1536 1528
1656 1517 1534 1529
1653 1527 1537 1535
1649 1534 1536 1539
1647 1540 1535 1544
1644 1542 1533 1545
1640 1545 1531 1549
1636 1549 1529 1550
1633 1552 1527 1553
1629 1555 1526 1556
1626 1557 1525 1557
1622 1560 1523 1559
1618 1561 1523 1561
1616 1563 1522 1563
1613 1565 1521 1565
1610 1566 1522 1566
1607 1568 1524 1569
1604 1569 1525 1570
1599 1570 1525 1570
1596 1570 1526 1572
1593 1568 1528 1572
1591 1567 1530 1574
1588 1567 1532 1576
1586 1567 1533 1577
1583 1567 1534 1581
1579 1566 1536 1582
1576 1566 1540 1583
1573 1565 1540 1586
1570 1564 1542 1587
1568 1562 1544 1588
1564 1562 1546 1589
1560 1562 1549 1590
1559 1561 1551 1594
1555 1561 1552 1595
1552 1560 1554 1597
1549 1559 1558 1599
1546 1559 1559 1601
1542 1558 1561 1603
1540 1557 1562 1604
1537 1556 1564 1606
1534 1554 1567 1606
1532 1553 1569 1606
1529 1552 1570 1611
1527 1552 1572 1612
1523 1552 1573 1614
1519 1552 1576 1616
1516 1551 1579 1617
1513 1550 1581 1620
1509 1555 1583 1621
1510 1565 1588 1634
1509 1566 1590 1637
1510 1561 1593 1638
1509 1551 1591 1633
1508 1544 1594 1631
1507 1540 1598 1630
1507 1537 1600 1630
1507 1534 1602 1630
1509 1531 1605 1630
1508 1528 1609 1629
1508 1525 1611 1629
1508 1524 1614 1630
1509 1521 1617 1629
1508 1519 1620 1630
1508 1517 1621 1630
1509 1516 1623 1630
1509 1513 1623 1630
1509 1510 1622 1629
1510 1509 1622 1630
1511 1508 1624 1631
1511 1508 1625 1630
1511 1509 1624 1630
1512 1509 1624 1631
1511 1509 1622 1631
1511 1511 1622 1631
1512 1511 1620 1630
1513 1511 1620 1631
1513 1511 1618 1631
1512 1512 1620 1630
1512 1512 1619 1631
1511 1513 1619 1633
1511 1513 1619 1634
1511 1513 1618 1634
1510 1515 1617 1633
1511 1514 1619 1633
1510 1515 1617 1633
1510 1515 1615 1634
1510 1515 1615 1634
1510 1516 1616 1633
1509 1516 1615 1635
1512 1516 1613 1636
1511 1516 1610 1636
1510 1518 1611 1637
1512 1519 1609 1635
1511 1519 1606 1637
1513 1519 1605 1637
1514 1519 1603 1637
1515 1520 1601 1638
1515 1521 1600 1638
1515 1522 1598 1640
1515 1523 1595 1641
1516 1523 1593 1641
1509 1516 1584 1633
1510 1516 1582 1632
1507 1511 1575 1626
1506 1509 1570 1622
1510 1519 1570 1628
1512 1525 1569 1628
1512 1530 1566 1630
1514 1535 1562 1631
1515 1537 1559 1630
1516 1540 1556 1629
1515 1543 1553 1630
1514 1546 1549 1630
1514 1548 1548 1630
1514 1549 1546 1629
1514 1553 1546 1630
1514 1555 1542 1631
1514 1557 1541 1631
1514 1559 1538 1630
1514 1561 1535 1631
1515 1562 1534 1630
1514 1565 1532 1630
1514 1566 1531 1631
1514 1567 1529 1630
1513 1570 1528 1629
1513 1572 1527 1629
1514 1574 1526 1629
1515 1576 1522 1629
1515 1579 1521 1628
1515 1581 1519 1627
1514 1583 1517 1626
1513 1586 1516 1627
1513 1587 1514 1626
1512 1590 1510 1627
1513 1591 1510 1627
1513 1594 1509 1626
1513 1596 1507 1626
1513 1597 1504 1627
1513 1600 1503 1625
1509 1603 1502 1623
1509 1605 1503 1624
1509 1607 1500 1623
1509 1608 1500 1622
1510 1610 1500 1622
1509 1612 1501 1623
1508 1612 1499 1622
1507 1612 1499 1623
1508 1612 1498 1622
1509 1612 1497 1620
1510 1612 1497 1621
1510 1614 1496 1621
1518 1623 1504 1629
1518 1625 1504 1632
1521 1631 1509 1637
1524 1634 1510 1640
1519 1627 1508 1635
1517 1623 1507 1633
1515 1621 1508 1631
1515 1619 1509 1631
1514 1619 1511 1631
1513 1617 1511 1633
1514 1617 1512 1633
1515 1616 1512 1632
1516 1616 1513 1631
1515 1617 1513 1631
1515 1616 1511 1631
1515 1617 1513 1630
1514 1617 1512 1629
1514 1617 1513 1631
1514 1617 1513 1630
1513 1618 1512 1631
1512 1617 1513 1631
1512 1618 1516 1630
1510 1619 1516 1630
1510 1619 1516 1630
1510 1619 1516 1629
1509 1618 1516 1628
1510 1617 1518 1629
1510 1614 1518 1630
1510 1613 1518 1630
1512 1611 1519 1632
1516 1609 1519 1632
1519 1606 1520 1632
1521 1603 1519 1632
1523 1602 1518 1631
1526 1601 1517 1630
1528 1598 1518 1630
1530 1596 1518 1630
1533 1593 1518 1630
1536 1590 1518 1632
1538 1588 1519 1631
1541 1585 1518 1632
1542 1583 1519 1632
1543 1581 1519 1632
1546 1579 1517 1630
1548 1578 1518 1631
1551 1577 1518 1629
1553 1577 1518 1628
1556 1577 1517 1630
1557 1577 1518 1628
1556 1576 1519 1628
1555 1574 1518 1628
1555 1571 1519 1628
1555 1570 1519 1628
1543 1561 1517 1616
1543 1559 1519 1613
1545 1557 1518 1613
1553 1556 1521 1618
1557 1553 1521 1619
1561 1552 1521 1622
1566 1551 1522 1622
1569 1547 1523 1621
1571 1545 1522 1622
1573 1542 1521 1622
1576 1539 1521 1622
1579 1536 1522 1622
1581 1532 1522 1622
1584 1528 1523 1622
1587 1525 1523 1621
1590 1522 1524 1621
1594 1518 1526 1621
1598 1516 1527 1618
1601 1512 1525 1617
1605 1508 1526 1616
1608 1505 1528 1616
1612 1503 1529 1614
1614 1501 1529 1613
1615 1500 1530 1610
1617 1501 1531 1608
1618 1502 1532 1606
1619 1502 1533 1603
1618 1502 1535 1601
1618 1503 1538 1600
1616 1506 1541 1597
1614 1506 1544 1596
1612 1505 1547 1595
1610 1505 1549 1594
1609 1506 1551 1592
1607 1507 1554 1591
1606 1509 1556 1588
1605 1510 1556 1586
1603 1510 1561 1584
1601 1510 1563 1583
1600 1512 1566 1581
1598 1514 1569 1581
1596 1514 1572 1578
1593 1514 1574 1577
1590 1514 1578 1576
1586 1515 1582 1573
1584 1515 1584 1572
1585 1514 1587 1570
1585 1513 1591 1568
1584 1515 1593 1565
1585 1516 1595 1566
1597 1521 1602 1577
1598 1521 1603 1578
1595 1521 1608 1577
1588 1519 1609 1571
1583 1519 1612 1568
1580 1519 1615 1564
1576 1518 1617 1561
1573 1520 1619 1560
1572 1522 1623 1557
1569 1522 1626 1556
1569 1523 1629 1556
1566 1524 1632 1554
1564 1526 1635 1552
1561 1528 1637 1551
1559 1531 1639 1549
1556 1533 1643 1547
1553 1538 1642 1545
1550 1539 1643 1545
1548 1543 1645 1544
1545 1545 1646 1544
1541 1547 1647 1542
1538 1550 1647 1541
1536 1553 1648 1541
1534 1556 1649 1541
1533 1557 1651 1540
1532 1558 1650 1539
1529 1560 1651 1539
1528 1561 1651 1538
1526 1562 1650 1539
1525 1562 1650 1538
1524 1563 1650 1537
1523 1566 1650 1535
1524 1568 1649 1535
1523 1570 1650 1534
1523 1573 1650 1533
1522 1572 1650 1532
1521 1574 1651 1532
1520 1576 1649 1532
1520 1578 1648 1532
1518 1579 1647 1530
1518 1579 1647 1528
1518 1582 1646 1528
1518 1585 1646 1528
1518 1587 1645 1527
1518 1588 1644 1526
1518 1590 1644 1525
1517 1593 1642 1524
1518 1595 1641 1524
1518 1596 1641 1523
1517 1597 1641 1520
1517 1600 1640 1519
1515 1602 1639 1518
1504 1600 1632 1506
1503 1601 1629 1505
1499 1600 1624 1502
1507 1600 1622 1507
1513 1600 1619 1510
1517 1599 1617 1513
1521 1596 1615 1517
1525 1594 1613 1519
1527 1591 1611 1520
1531 1589 1607 1522
1535 1586 1605 1525
1538 1583 1603 1529
1541 1579 1602 1530
1544 1576 1599 1533
1547 1569 1598 1535
1551 1566 1595 1539
1554 1560 1592 1543
1558 1556 1591 1545
1562 1551 1588 1548
1565 1546 1587 1554
1568 1541 1586 1557
1572 1536 1584 1560
1575 1531 1582 1562
1579 1526 1582 1566
1583 1520 1582 1568
1584 1515 1581 1571
1585 1511 1581 1571
1589 1507 1582 1575
1592 1502 1582 1579
1594 1496 1581 1582
1596 1492 1584 1583
1599 1487 1582 1585
1600 1482 1580 1587
1602 1480 1580 1590
1602 1477 1580 1592
1603 1474 1581 1593
1602 1472 1581 1595
1604 1470 1581 1598
1603 1468 1580 1602
1603 1467 1583 1603
1603 1464 1581 1605
1603 1460 1581 1607
1603 1458 1581 1610
1604 1455 1580 1612
1604 1454 1581 1615
1603 1454 1580 1616
1602 1454 1579 1619
1601 1453 1577 1620
1600 1453 1577 1623
1600 1452 1577 1625
1611 1455 1582 1639
1611 1454 1583 1641
1615 1456 1587 1646
1605 1456 1587 1642
1598 1456 1591 1642
1592 1456 1593 1641
1587 1458 1595 1639
1584 1460 1597 1638
1577 1462 1600 1638
1572 1465 1602 1638
1567 1468 1603 1638
1564 1470 1605 1635
1559 1472 1606 1638
1556 1473 1608 1638
1552 1476 1610 1639
1548 1478 1612 1637
1543 1481 1616 1636
1539 1483 1618 1636
1536 1487 1620 1636
1532 1489 1621 1633
1529 1491 1622 1632
1526 1493 1624 1631
1523 1496 1625 1632
1519 1499 1626 1630
1516 1502 1626 1630
1515 1505 1627 1629
1512 1508 1627 1630
1510 1510 1626 1629
1507 1514 1626 1628
1505 1517 1626 1628
1502 1518 1624 1628
1499 1520 1626 1629
1498 1521 1627 1630
1496 1522 1628 1630
1496 1522 1627 1631
1495 1522 1626 1631
1495 1523 1628 1630
1494 1522 1628 1631
1494 1522 1629 1630
1495 1520 1626 1631
1495 1521 1628 1630
1495 1522 1628 1630
1496 1522 1628 1631
1496 1522 1628 1631
1496 1520 1629 1631
1496 1518 1629 1631
1496 1516 1630 1630
1498 1514 1632 1631
1497 1512 1632 1631
1498 1512 1633 1633
1498 1511 1633 1633
1498 1511 1634 1633
1499 1510 1634 1632
1491 1500 1624 1625
1490 1499 1619 1622
1490 1496 1617 1617
1498 1498 1622 1618
1501 1498 1623 1616
1508 1498 1623 1612
1512 1496 1626 1608
1517 1494 1629 1605
1521 1493 1631 1603
1526 1492 1633 1599
1529 1492 1633 1596
1532 1491 1635 1591
1535 1491 1636 1589
1539 1491 1635 1586
1543 1491 1635 1583
1545 1491 1636 1579
1548 1490 1637 1577
1551 1489 1639 1573
1553 1489 1639 1570
1554 1489 1639 1567
1557 1488 1639 1564
1560 1488 1639 1560
1562 1489 1639 1558
1567 1488 1638 1555
1571 1488 1637 1553
1573 1489 1636 1550
1577 1489 1635 1548
1580 1490 1635 1546
1583 1491 1634 1542
1585 1491 1635 1539
1588 1491 1635 1535
1590 1491 1636 1531
1593 1491 1637 1529
1598 1490 1636 1528
1600 1491 1637 1523
1602 1492 1636 1520
1604 1491 1637 1517
1608 1490 1637 1516
1611 1490 1636 1513
1612 1490 1637 1509
1613 1491 1637 1507
1615 1492 1637 1504
1618 1492 1639 1503
1623 1493 1637 1502
1624 1493 1637 1499
1627 1493 1636 1496
1630 1492 1635 1491
1634 1492 1635 1488
1637 1493 1635 1486
1639 1493 1635 1483
1651 1503 1644 1488
1655 1504 1647 1486
1659 1508 1648 1489
1655 1508 1641 1486
1653 1509 1639 1485
1651 1509 1638 1486
1650 1511 1635 1487
1647 1512 1634 1487
1644 1513 1633 1486
1641 1514 1632 1486
1640 1514 1633 1486
1638 1515 1633 1488
1636 1516 1633 1488
1635 1517 1633 1490
1632 1516 1634 1492
1630 1514 1635 1494
1628 1516 1636 1495
1624 1517 1635 1497
1622 1518 1636 1499
1620 1518 1636 1502
1617 1519 1637 1505
1613 1519 1636 1509
1610 1518 1636 1512
1606 1519 1637 1515
1601 1519 1639 1519
1598 1517 1640 1522
1593 1517 1642 1523
1590 1518 1642 1526
1586 1517 1642 1529
1583 1517 1640 1532
1579 1518 1639 1537
1577 1519 1637 1542
1574 1520 1636 1545
1570 1520 1634 1548
1567 1520 1632 1556
1565 1519 1631 1560
1562 1521 1629 1564
1557 1522 1627 1567
1554 1523 1627 1571
1552 1525 1625 1575
1549 1527 1624 1578
1547 1528 1619 1580
1544 1531 1615 1582
1540 1533 1616 1585
1537 1536 1615 1588
1534 1538 1615 1590
1529 1540 1615 1593
1525 1542 1615 1595
1521 1543 1615 1597
1516 1545 1614 1600
1511 1546 1614 1603
1507 1549 1613 1606
1496 1542 1605 1598
1492 1541 1606 1600
1486 1537 1603 1598
1482 1542 1602 1603
1481 1547 1605 1609
1478 1552 1605 1613
1474 1556 1603 1618
1472 1559 1600 1620
1469 1563 1598 1621
1466 1568 1596 1622
1465 1569 1594 1623
1463 1571 1592 1623
1462 1575 1589 1622
1462 1579 1587 1622
1461 1582 1583 1622
1461 1586 1581 1622
1460 1589 1578 1622
1459 1592 1576 1620
1459 1596 1574 1620
1460 1600 1573 1618
1460 1603 1571 1616
1460 1605 1569 1615
1460 1609 1567 1612
1462 1612 1566 1610
1463 1616 1563 1610
1463 1618 1560 1608
1465 1620 1559 1607
1466 1624 1559 1605
1466 1627 1557 1602
1466 1628 1557 1599
1466 1630 1556 1597
1465 1633 1557 1595
1465 1636 1557 1590
1465 1639 1557 1587
1465 1642 1557 1585
1465 1644 1558 1582
1466 1647 1556 1580
1467 1650 1556 1577
1469 1649 1555 1575
1469 1651 1557 1574
1470 1651 1558 1572
1471 1651 1557 1568
1473 1651 1557 1567
1474 1652 1554 1567
1477 1654 1553 1565
1479 1655 1551 1564
1483 1656 1548 1563
1487 1658 1547 1561
1490 1658 1547 1558
1493 1657 1546 1557
1502 1666 1553 1564
1503 1667 1552 1564
1508 1673 1553 1567
1510 1671 1552 1563
1509 1668 1547 1558
1512 1666 1544 1555
1516 1666 1542 1552
1518 1666 1542 1551
1522 1665 1540 1550
1526 1663 1539 1548
1528 1664 1538 1548
1530 1664 1537 1547
1532 1663 1536 1546
1536 1662 1534 1545
1538 1660 1535 1544
1541 1659 1534 1544
1545 1658 1533 1543
1549 1657 1532 1542
1551 1654 1531 1540
1554 1652 1530 1539
1556 1652 1529 1539
1559 1651 1528 1537
1561 1650 1527 1536
1562 1648 1525 1536
1565 1647 1525 1536
1569 1647 1524 1535
1571 1649 1523 1535
1572 1647 1522 1534
1576 1646 1522 1534
1578 1647 1521 1533
1581 1646 1518 1532
1583 1646 1516 1530
1588 1645 1515 1529
1590 1644 1514 1528
1594 1644 1513 1527
1598 1645 1511 1525
1599 1643 1511 1524
1600 1640 1511 1523
1602 1639 1511 1522
1603 1636 1511 1523
1603 1634 1512 1523
1604 1633 1513 1525
1605 1632 1511 1525
1607 1629 1514 1524
1609 1626 1513 1524
1610 1625 1514 1524
1610 1624 1515 1525
1611 1620 1516 1525
1613 1619 1516 1526
1614 1619 1518 1526
1615 1618 1518 1526
1616 1618 1517 1525
1618 1617 1516 1525
1612 1610 1507 1511
1613 1607 1507 1510
1610 1603 1505 1510
1612 1603 1512 1518
1612 1601 1515 1523
1609 1599 1519 1528
1607 1596 1521 1532
1605 1593 1524 1534
1604 1589 1526 1537
1602 1587 1529 1540
1598 1585 1532 1543
1596 1582 1533 1545
1594 1580 1536 1546
1591 1577 1539 1548
1589 1575 1542 1551
1586 1574 1544 1554
1583 1570 1547 1557
1580 1567 1550 1559
1577 1565 1553 1562
1574 1562 1556 1566
1572 1561 1559 1567
1568 1557 1561 1570
1564 1554 1566 1573
1561 1550 1570 1574
1560 1549 1573 1577
1556 1545 1576 1579
1554 1542 1579 1581
1552 1540 1583 1583
1550 1537 1585 1586
1546 1535 1588 1588
1544 1533 1590 1592
1540 1529 1592 1594
1538 1525 1595 1598
1536 1526 1599 1601
1533 1523 1599 1603
1529 1523 1602 1606
1527 1522 1603 1607
1526 1521 1604 1608
1523 1520 1604 1607
1522 1519 1606 1609
1520 1520 1606 1611
1516 1519 1610 1614
1513 1517 1613 1615
1511 1517 1615 1616
1507 1517 1617 1618
1503 1516 1619 1620
1500 1514 1620 1622
1497 1512 1621 1624
1496 1510 1624 1626
1492 1508 1628 1629
1496 1512 1639 1644
1495 1512 1642 1648
1497 1515 1646 1650
1494 1512 1641 1644
1492 1510 1639 1641
1492 1509 1638 1638
1491 1509 1637 1636
1491 1510 1638 1636
1489 1512 1638 1634
1489 1512 1638 1633
1489 1513 1638 1631
1489 1516 1640 1630
1490 1517 1641 1629
1489 1517 1641 1629
1488 1517 1641 1628
1488 1516 1642 1627
1488 1519 1642 1626
1488 1519 1641 1626
1488 1519 1641 1626
1488 1519 1641 1626
1488 1519 1640 1627
1489 1521 1640 1627
1490 1521 1637 1627
1490 1522 1634 1629
1489 1521 1632 1630
1491 1523 1630 1630
1491 1523 1628 1631
1490 1524 1628 1632
1490 1525 1627 1633
1491 1526 1625 1633
1491 1528 1624 1632
1491 1531 1623 1633
1491 1534 1620 1632
1492 1533 1616 1631
1493 1534 1615 1632
1494 1534 1612 1632
1495 1535 1611 1632
1496 1535 1609 1634
1497 1535 1607 1636
1497 1536 1607 1636
1498 1538 1605 1636
1499 1540 1601 1636
1500 1542 1598 1637
1500 1543 1595 1635
1503 1545 1593 1633
1507 1545 1590 1632
1510 1546 1588 1631
1513 1547 1586 1630
1516 1547 1585 1627
1520 1548 1582 1625
1524 1551 1579 1623
1526 1553 1576 1620
1529 1549 1567 1609
1525 1546 1562 1602
1526 1546 1558 1596
1525 1545 1552 1592
1532 1554 1555 1595
1535 1557 1553 1593
1541 1560 1553 1591
1543 1564 1551 1589
1547 1566 1549 1589
1549 1567 1544 1588
1551 1568 1540 1587
1553 1570 1537 1586
1556 1573 1533 1584
1560 1576 1531 1582
1562 1577 1528 1580
1565 1579 1527 1578
1568 1581 1523 1575
1572 1585 1520 1573
1574 1588 1519 1568
1577 1589 1517 1565
1578 1592 1516 1562
1580 1593 1515 1558
1583 1595 1515 1555
1584 1597 1514 1552
1586 1600 1513 1549
1589 1602 1511 1546
1592 1603 1510 1543
1593 1604 1509 1541
1596 1605 1508 1538
1598 1604 1507 1535
1600 1603 1508 1533
1601 1603 1508 1531
1605 1606 1508 1528
1607 1609 1508 1525
1610 1610 1507 1523
1612 1613 1506 1520
1614 1614 1506 1516
1616 1615 1505 1513
1617 1614 1506 1510
1619 1614 1508 1507
1621 1614 1508 1503
1622 1613 1511 1502
1622 1613 1511 1501
1622 1615 1513 1500
1621 1616 1512 1497
1621 1618 1513 1495
1618 1620 1511 1495
1616 1622 1513 1494
1615 1622 1514 1493
1614 1623 1515 1492
1613 1627 1523 1500
1620 1632 1527 1504
1624 1635 1529 1508
1627 1639 1532 1511
1624 1632 1527 1505
1624 1630 1526 1505
1622 1627 1523 1506
1623 1623 1522 1508
1622 1621 1521 1510
1623 1618 1522 1512
1623 1617 1522 1514
1623 1615 1522 1517
1623 1612 1524 1520
1622 1608 1523 1521
1622 1606 1523 1524
1624 1604 1522 1525
1623 1602 1523 1528
1623 1598 1523 1528
1624 1595 1522 1533
1625 1593 1523 1536
1625 1590 1524 1538
1625 1588 1524 1541
1625 1586 1522 1542
1626 1582 1522 1544
1627 1580 1522 1547
1627 1576 1522 1549
1627 1576 1522 1550
1627 1573 1523 1553
1627 1569 1523 1556
1628 1568 1523 1558
1627 1566 1522 1560
1628 1564 1522 1563
1626 1561 1522 1566
1627 1557 1523 1568
1626 1555 1523 1570
1626 1553 1522 1571
1627 1551 1523 1574
1626 1547 1522 1577
1628 1546 1522 1580
1629 1543 1520 1582
1630 1542 1520 1585
1629 1541 1518 1587
1629 1539 1517 1591
1629 1536 1515 1592
1630 1533 1516 1597
1631 1531 1515 1600
1632 1528 1515 1602
1634 1524 1512 1607
1636 1522 1510 1610
1637 1519 1509 1613
1638 1517 1508 1615
1637 1515 1505 1618
1636 1514 1505 1616
1628 1508 1496 1605
1625 1506 1494 1606
1618 1501 1489 1603
1620 1503 1497 1613
1618 1502 1501 1620
1616 1501 1505 1624
1613 1499 1507 1627
1610 1496 1510 1627
1608 1496 1513 1626
1605 1495 1515 1625
1603 1496 1517 1628
1601 1495 1520 1628
1597 1494 1523 1629
1596 1494 1527 1629
1593 1494 1529 1632
1590 1495 1532 1630
1586 1495 1534 1629
1584 1494 1535 1630
1583 1493 1538 1629
1581 1493 1541 1630
1577 1494 1544 1632
1574 1493 1547 1631
1572 1494 1549 1631
1569 1492 1552 1632
1567 1493 1553 1633
1564 1494 1556 1632
1562 1493 1558 1632
1560 1493 1560 1632
1557 1493 1563 1632
1555 1494 1565 1631
1552 1494 1568 1632
1550 1495 1569 1632
1547 1496 1572 1633
1544 1495 1574 1635
1542 1496 1576 1634
1539 1495 1578 1633
1535 1496 1580 1634
1532 1496 1582 1634
1531 1495 1584 1634
1529 1495 1588 1634
1526 1496 1589 1635
1523 1496 1591 1633
1521 1496 1594 1634
1519 1496 1596 1635
1517 1498 1599 1632
1513 1496 1603 1632
1511 1497 1605 1632
1509 1497 1606 1632
1507 1498 1611 1632
1504 1497 1615 1636
1509 1499 1626 1648
1511 1499 1631 1650
1515 1503 1637 1656
