0.000 0.000 0.000 0.000 
33933.000 34781.000 35607.000 35348.000 
58622.000 58743.000 59026.000 59050.000 
60479.000 60555.000 60468.000 60421.000 
20023.000 20449.000 20813.000 21371.000 
22601.000 22849.000 22555.000 22957.000 
23482.000 23687.000 23574.000 23917.000 
24496.000 24179.000 23852.000 24285.000 
23653.000 23313.000 23333.000 23480.000 
23024.000 23221.000 22793.000 23269.000 
23307.000 23338.000 23667.000 23013.000 
22835.000 22879.000 23066.000 22811.000 
23506.000 22990.000 22921.000 23326.000 
24879.000 24633.000 24815.000 24045.000 
25477.000 25532.000 25976.000 25529.000 
25151.000 25416.000 25231.000 25110.000 
24708.000 24702.000 24917.000 24453.000 
24443.000 24222.000 24281.000 24625.000 
24123.000 23754.000 24043.000 23961.000 
23657.000 23190.000 23258.000 23605.000 
23807.000 23955.000 23690.000 23821.000 
24548.000 24339.000 24598.000 24626.000 
24401.000 24343.000 24154.000 24385.000 
23801.000 23834.000 23440.000 23869.000 
23931.000 24186.000 23894.000 24470.000 
24245.000 24255.000 24239.000 24054.000 
24940.000 24990.000 24864.000 25168.000 
24751.000 25284.000 24892.000 24938.000 
25070.000 25149.000 25189.000 24820.000 
24805.000 24921.000 24923.000 25077.000 
25297.000 25454.000 25186.000 25046.000 
25146.000 24906.000 24893.000 25367.000 
25028.000 24888.000 25176.000 24897.000 
24458.000 24369.000 24536.000 25090.000 
24607.000 24727.000 24176.000 24517.000 
25202.000 25516.000 25108.000 25302.000 
24879.000 25150.000 24865.000 25069.000 
24765.000 24882.000 24722.000 25063.000 
24274.000 24101.000 24064.000 24371.000 
23103.000 22844.000 22838.000 22614.000 
23379.000 23279.000 22549.000 22773.000 
22969.000 23023.000 22959.000 23224.000 
23516.000 23317.000 23534.000 23249.000 
23167.000 23331.000 22820.000 23312.000 
22966.000 23040.000 22951.000 22899.000 
22086.000 21913.000 22340.000 22705.000 
22591.000 22909.000 22759.000 22810.000 
23238.000 23322.000 22986.000 23196.000 
22913.000 22488.000 22853.000 22660.000 
22346.000 22821.000 22546.000 22590.000 
22208.000 22635.000 22364.000 22484.000 
22549.000 22412.000 22218.000 22869.000 
22059.000 22308.000 22209.000 22559.000 
21605.000 22052.000 21776.000 21527.000 
22134.000 22124.000 21208.000 21643.000 
23123.000 23188.000 22605.000 23310.000 
24240.000 24407.000 24093.000 24634.000 
25477.000 25572.000 25671.000 25599.000 
25962.000 25711.000 25660.000 25910.000 
25731.000 25412.000 25902.000 25518.000 
25467.000 25350.000 25671.000 25374.000 
25103.000 24747.000 25000.000 25071.000 
24801.000 24243.000 24597.000 24106.000 
23712.000 23831.000 23898.000 23945.000 
23009.000 22948.000 22958.000 22710.000 
22607.000 22908.000 22792.000 22810.000 
22886.000 23218.000 23248.000 23038.000 
23755.000 23643.000 23817.000 23437.000 
23507.000 23368.000 23147.000 23279.000 
22816.000 22907.000 22919.000 22817.000 
22535.000 22411.000 22252.000 22428.000 
23234.000 23140.000 23149.000 22804.000 
22643.000 23078.000 22835.000 23028.000 
23809.000 23764.000 23736.000 23576.000 
24279.000 24353.000 24481.000 24172.000 
24339.000 24599.000 24558.000 24428.000 
23988.000 23747.000 23710.000 23799.000 
23111.000 23109.000 23565.000 22771.000 
23046.000 23685.000 23793.000 23752.000 
23921.000 23777.000 23896.000 23976.000 
23417.000 23514.000 23286.000 23356.000 
23606.000 23720.000 23760.000 23865.000 
23243.000 23450.000 23578.000 23283.000 
23854.000 23441.000 23778.000 23616.000 
23593.000 23598.000 23913.000 23376.000 
22994.000 23510.000 23258.000 23242.000 
23369.000 23553.000 23837.000 23444.000 
24079.000 23561.000 23937.000 23856.000 
24176.000 24502.000 24228.000 24401.000 
24015.000 24072.000 24050.000 24326.000 
23551.000 23480.000 23794.000 23453.000 
23341.000 23454.000 23474.000 23419.000 
23880.000 23649.000 23923.000 23927.000 
23759.000 24406.000 24361.000 23504.000 
24148.000 24007.000 24168.000 24027.000 
25190.000 24991.000 24797.000 24533.000 
25044.000 24920.000 25119.000 24584.000 
24533.000 25039.000 24678.000 24408.000 
24283.000 24267.000 24242.000 24438.000 
24387.000 24030.000 24249.000 23781.000 
24087.000 24049.000 24043.000 24500.000 
12860.000 12907.000 12757.000 13061.000 
12081.000 11998.000 12472.000 12216.000 
12454.000 12021.000 12492.000 12674.000 
25331.000 23798.000 24747.000 24380.000 
28815.000 29025.000 29435.000 29097.000 
31491.000 31696.000 31289.000 31556.000 
34588.000 34415.000 34820.000 34498.000 
36942.000 36958.000 37243.000 37548.000 
37727.000 38342.000 38003.000 37938.000 
39380.000 39446.000 39273.000 39240.000 
39584.000 39844.000 39579.000 39338.000 
39856.000 39953.000 39558.000 39485.000 
38903.000 39413.000 39101.000 39064.000 
38896.000 38861.000 38477.000 38629.000 
37239.000 37408.000 37179.000 36776.000 
38587.000 38790.000 38757.000 38543.000 
39096.000 38947.000 38381.000 38428.000 
38256.000 38985.000 38291.000 38349.000 
38736.000 39262.000 38948.000 38872.000 
38467.000 38956.000 38694.000 38778.000 
38213.000 38748.000 38744.000 38554.000 
38041.000 38020.000 38016.000 38032.000 
37775.000 37976.000 38191.000 37765.000 
37990.000 37889.000 37882.000 37604.000 
37699.000 37529.000 37326.000 37913.000 
38043.000 38000.000 37441.000 37719.000 
38692.000 38520.000 38473.000 38597.000 
38873.000 38959.000 39170.000 38906.000 
38786.000 39400.000 39336.000 38987.000 
39196.000 39169.000 39368.000 39202.000 
39376.000 39413.000 39622.000 39515.000 
38898.000 38756.000 38726.000 38869.000 
38716.000 38553.000 38561.000 38282.000 
38340.000 38579.000 38365.000 38129.000 
38428.000 38556.000 38469.000 38299.000 
38359.000 38563.000 38567.000 38740.000 
38594.000 38492.000 38218.000 38439.000 
38637.000 38147.000 38355.000 38571.000 
39493.000 39068.000 39608.000 39306.000 
39644.000 39864.000 39706.000 39774.000 
38868.000 39181.000 39029.000 38931.000 
38816.000 39206.000 38913.000 39088.000 
39395.000 39321.000 38764.000 39193.000 
38877.000 39304.000 38810.000 38872.000 
39179.000 39237.000 39210.000 38958.000 
38647.000 39419.000 39163.000 39122.000 
39008.000 39366.000 38941.000 39127.000 
38878.000 39091.000 39242.000 39301.000 
39317.000 39534.000 39287.000 39409.000 
39797.000 39660.000 39573.000 39765.000 
39028.000 38733.000 38840.000 39008.000 
38345.000 38606.000 38792.000 38634.000 
38236.000 38680.000 38392.000 38358.000 
38742.000 38781.000 38575.000 38387.000 
38417.000 38637.000 38466.000 38367.000 
38541.000 39306.000 38922.000 39228.000 
39144.000 39210.000 39402.000 39025.000 
39244.000 39210.000 39457.000 39294.000 
38513.000 38624.000 38290.000 38695.000 
38507.000 38639.000 38459.000 38547.000 
39178.000 39173.000 38952.000 38716.000 
39228.000 39134.000 38795.000 38976.000 
38922.000 39073.000 38713.000 38672.000 
39264.000 39516.000 38995.000 38993.000 
39895.000 40310.000 40007.000 39922.000 
39887.000 40454.000 40246.000 40258.000 
39885.000 39950.000 40008.000 39938.000 
40077.000 39642.000 39881.000 40069.000 
39904.000 40038.000 39935.000 39800.000 
39685.000 39705.000 39739.000 40065.000 
40455.000 39855.000 40144.000 39994.000 
39490.000 39902.000 39694.000 39922.000 
40140.000 40467.000 40181.000 40238.000 
40125.000 40282.000 40160.000 40131.000 
39701.000 40374.000 39811.000 39997.000 
39935.000 39435.000 39489.000 39628.000 
40077.000 39814.000 39580.000 39572.000 
39243.000 38759.000 39881.000 39135.000 
39918.000 40242.000 39868.000 39980.000 
40744.000 40752.000 40547.000 40521.000 
40148.000 40250.000 39347.000 40413.000 
40185.000 40358.000 39757.000 40224.000 
38431.000 38627.000 38393.000 38432.000 
39247.000 38945.000 39131.000 38941.000 
38811.000 38986.000 38910.000 39028.000 
38594.000 38748.000 38446.000 38798.000 
39190.000 39232.000 39232.000 39333.000 
39210.000 39054.000 38880.000 39251.000 
39053.000 38786.000 38903.000 38877.000 
38725.000 38783.000 38455.000 38677.000 
38987.000 39190.000 39410.000 39440.000 
38953.000 38934.000 39281.000 38852.000 
39572.000 39173.000 39717.000 39516.000 
39271.000 38991.000 38927.000 38964.000 
38588.000 38646.000 39040.000 38885.000 
38732.000 38049.000 38546.000 38616.000 
38843.000 38715.000 39114.000 38878.000 
39105.000 39192.000 39281.000 39396.000 
38962.000 39016.000 39080.000 39227.000 
39402.000 39498.000 39469.000 39391.000 
39399.000 39221.000 39527.000 39109.000 
39597.000 39731.000 39795.000 39565.000 
20733.000 20905.000 34537.000 19959.000 
12609.000 12556.000 12714.000 12673.000 
12509.000 12177.000 12658.000 11807.000 
14189.000 14426.000 13922.000 13652.000 
28492.000 27805.000 27335.000 28134.000 
32323.000 31881.000 32057.000 32168.000 
35665.000 35552.000 35451.000 35514.000 
38544.000 38365.000 38412.000 38735.000 
38846.000 38707.000 38865.000 39094.000 
38672.000 38669.000 39500.000 39285.000 
38903.000 39110.000 38906.000 39459.000 
39922.000 40048.000 40021.000 40035.000 
39739.000 39654.000 40041.000 40169.000 
40429.000 40071.000 40418.000 40612.000 
40000.000 40049.000 39949.000 39732.000 
39559.000 39086.000 38756.000 39338.000 
38666.000 38758.000 38507.000 39000.000 
38413.000 38373.000 38902.000 38630.000 
38473.000 38741.000 38805.000 38865.000 
38852.000 38833.000 38871.000 38630.000 
39212.000 39199.000 39095.000 38761.000 
39038.000 39147.000 39087.000 39298.000 
39247.000 39508.000 39084.000 39518.000 
40099.000 39336.000 39163.000 39484.000 
39986.000 39593.000 39732.000 39917.000 
39743.000 39779.000 39680.000 40249.000 
39971.000 39771.000 39632.000 39811.000 
40029.000 39754.000 39656.000 39720.000 
40031.000 40067.000 39975.000 40337.000 
40303.000 40293.000 40264.000 40424.000 
39545.000 39457.000 39797.000 39499.000 
39567.000 39438.000 39736.000 39735.000 
39670.000 39772.000 39318.000 39666.000 
39192.000 39149.000 39136.000 39236.000 
39115.000 38745.000 38709.000 39023.000 
38717.000 38461.000 38502.000 38561.000 
38826.000 38836.000 38685.000 38653.000 
38462.000 38550.000 37783.000 38410.000 
38875.000 39173.000 38493.000 38588.000 
39075.000 39647.000 40210.000 39650.000 
39805.000 39470.000 39887.000 39938.000 
39563.000 39563.000 39829.000 39259.000 
39040.000 39471.000 39700.000 39333.000 
39378.000 38823.000 38602.000 39316.000 
38641.000 38505.000 38276.000 38530.000 
38770.000 38856.000 38693.000 39002.000 
38672.000 38492.000 39100.000 39166.000 
39678.000 39689.000 39291.000 39324.000 
39863.000 39456.000 39612.000 39915.000 
39767.000 39855.000 39645.000 39657.000 
39421.000 39475.000 39643.000 39470.000 
39147.000 39236.000 38869.000 39019.000 
39526.000 39128.000 38810.000 38739.000 
38811.000 38572.000 38474.000 38359.000 
39077.000 39118.000 38840.000 39258.000 
39233.000 39270.000 38797.000 39006.000 
40004.000 39824.000 39920.000 39719.000 
40286.000 39896.000 39876.000 39958.000 
39025.000 38992.000 39255.000 39429.000 
39129.000 39114.000 39142.000 39228.000 
39090.000 39128.000 38527.000 38946.000 
39141.000 38738.000 38430.000 38831.000 
38838.000 38394.000 38685.000 38584.000 
38970.000 38577.000 38483.000 38791.000 
39852.000 39477.000 39651.000 39965.000 
39868.000 39529.000 39594.000 39469.000 
39571.000 39636.000 39826.000 39928.000 
39132.000 39145.000 38983.000 38911.000 
38848.000 38599.000 39132.000 39022.000 
38682.000 38334.000 38921.000 38439.000 
38040.000 38597.000 38877.000 38509.000 
38750.000 38805.000 39016.000 38650.000 
38953.000 39334.000 39144.000 38911.000 
39278.000 38886.000 39489.000 39005.000 
39786.000 39472.000 39697.000 39255.000 
39738.000 39571.000 39522.000 39532.000 
39200.000 39578.000 39212.000 39453.000 
39431.000 39545.000 39159.000 39267.000 
38883.000 38843.000 39040.000 39188.000 
38435.000 38482.000 38705.000 38607.000 
39430.000 38885.000 39514.000 38940.000 
39178.000 38845.000 39149.000 39240.000 
39976.000 39136.000 39117.000 39338.000 
39818.000 39421.000 39544.000 39634.000 
39606.000 39331.000 39422.000 39606.000 
39427.000 39316.000 39072.000 39467.000 
38845.000 39386.000 39082.000 39358.000 
38526.000 38838.000 38755.000 38514.000 
38850.000 38825.000 39181.000 38990.000 
39124.000 38780.000 39081.000 39227.000 
39116.000 39094.000 39018.000 39259.000 
40108.000 39833.000 39759.000 39685.000 
39658.000 40019.000 39531.000 39285.000 
40170.000 39978.000 39453.000 39830.000 
39746.000 39669.000 40245.000 39835.000 
39272.000 39558.000 39357.000 38768.000 
38869.000 38437.000 38726.000 38814.000 
38956.000 38762.000 38793.000 38749.000 
39016.000 38716.000 38933.000 38444.000 
39323.000 38835.000 39206.000 38927.000 
39005.000 38599.000 38632.000 38750.000 
38486.000 39028.000 38757.000 38568.000 
38699.000 39036.000 39025.000 39129.000 
26059.000 19402.000 18884.000 19858.000 
12751.000 12079.000 12671.000 13033.000 
13648.000 13738.000 13879.000 13486.000 
26929.000 27046.000 28409.000 26808.000 
32015.000 32296.000 32877.000 32172.000 
35854.000 35893.000 36639.000 35789.000 
38871.000 38158.000 38753.000 38430.000 
38423.000 38559.000 38318.000 38091.000 
38182.000 38412.000 38193.000 37875.000 
37907.000 37950.000 37985.000 37752.000 
37248.000 36905.000 37048.000 37013.000 
37747.000 37526.000 37772.000 37731.000 
38811.000 39029.000 38976.000 38492.000 
39516.000 40122.000 40368.000 40072.000 
40203.000 40011.000 40252.000 40358.000 
39181.000 39349.000 39732.000 39304.000 
38721.000 38785.000 38663.000 38766.000 
38800.000 38410.000 38782.000 38246.000 
37526.000 37401.000 37361.000 37107.000 
37489.000 37592.000 37937.000 37155.000 
38142.000 38527.000 38405.000 38102.000 
38357.000 38712.000 38343.000 38710.000 
38506.000 38604.000 38758.000 38626.000 
39441.000 38856.000 39097.000 38865.000 
39480.000 39579.000 39558.000 38904.000 
39568.000 39350.000 39233.000 39414.000 
39058.000 38613.000 38606.000 38324.000 
36605.000 36497.000 36566.000 36247.000 
36110.000 36266.000 36521.000 36404.000 
35992.000 35989.000 36083.000 36109.000 
36376.000 36340.000 36063.000 36347.000 
36453.000 36539.000 36588.000 36797.000 
36305.000 36360.000 36185.000 36325.000 
36912.000 36778.000 37096.000 37341.000 
37486.000 37621.000 38296.000 37675.000 
38613.000 38625.000 38617.000 38652.000 
38414.000 38303.000 38389.000 38122.000 
38816.000 38812.000 38625.000 38836.000 
38721.000 38584.000 38833.000 38763.000 
39324.000 39130.000 39522.000 39186.000 
39057.000 38612.000 38902.000 38707.000 
39524.000 39613.000 39519.000 39554.000 
39627.000 40060.000 39930.000 39638.000 
40350.000 40278.000 40391.000 40484.000 
40280.000 39926.000 39810.000 40057.000 
39759.000 39550.000 39881.000 39790.000 
39950.000 39651.000 39808.000 39957.000 
39789.000 39423.000 39190.000 39658.000 
39466.000 39757.000 40001.000 39770.000 
40217.000 40286.000 40294.000 40022.000 
40161.000 39813.000 39960.000 39949.000 
39887.000 40187.000 40125.000 40211.000 
40576.000 40232.000 40174.000 39973.000 
40533.000 40769.000 39958.000 39759.000 
39578.000 39580.000 39801.000 39595.000 
39644.000 39353.000 39833.000 39689.000 
39041.000 39297.000 39554.000 39416.000 
39061.000 39380.000 39327.000 38990.000 
39760.000 39135.000 39227.000 38996.000 
39453.000 39359.000 39227.000 39195.000 
39373.000 39716.000 39559.000 39531.000 
39390.000 39728.000 39349.000 39576.000 
39074.000 38728.000 38594.000 38681.000 
39334.000 38772.000 39141.000 38889.000 
38975.000 38803.000 38982.000 39000.000 
39425.000 39460.000 39587.000 39721.000 
38991.000 38878.000 39141.000 39544.000 
39117.000 39144.000 39234.000 38993.000 
39541.000 39570.000 39768.000 39369.000 
39135.000 39023.000 39094.000 39044.000 
38928.000 39122.000 38855.000 38713.000 
39163.000 39011.000 38916.000 38815.000 
39244.000 38784.000 39102.000 39253.000 
38700.000 38757.000 38655.000 39101.000 
38949.000 38685.000 38821.000 38716.000 
38788.000 38167.000 38605.000 38369.000 
38927.000 38847.000 38811.000 38862.000 
39986.000 40395.000 39451.000 39723.000 
38909.000 38925.000 38925.000 39115.000 
39411.000 39399.000 39027.000 39405.000 
39075.000 39476.000 38929.000 39005.000 
38956.000 39331.000 38480.000 39131.000 
39420.000 38868.000 39229.000 39282.000 
39347.000 39214.000 38790.000 39127.000 
39377.000 39310.000 38864.000 39036.000 
39902.000 39434.000 39768.000 39651.000 
38786.000 39203.000 39199.000 39035.000 
38827.000 39112.000 38551.000 38678.000 
38783.000 38798.000 38857.000 38749.000 
39460.000 39205.000 39046.000 39365.000 
39430.000 39324.000 39421.000 39348.000 
39349.000 39515.000 40063.000 39990.000 
39612.000 39646.000 39636.000 39634.000 
39158.000 39188.000 39266.000 39072.000 
39390.000 39369.000 39301.000 38942.000 
39043.000 38900.000 39297.000 39330.000 
39127.000 39335.000 39342.000 39074.000 
39359.000 38728.000 38680.000 39060.000 
38668.000 38396.000 38404.000 38805.000 
38435.000 38292.000 38636.000 38812.000 
38953.000 39512.000 38972.000 39264.000 
39813.000 40013.000 39617.000 40160.000 
33593.000 31592.000 35918.000 31672.000 
13023.000 12824.000 12564.000 12739.000 
12054.000 12039.000 12074.000 12001.000 
21681.000 21744.000 21824.000 21635.000 
28236.000 28405.000 29112.000 29172.000 
32395.000 32262.000 32457.000 32683.000 
35942.000 36094.000 36095.000 35624.000 
36801.000 36337.000 36346.000 36614.000 
35628.000 36351.000 36165.000 36336.000 
35849.000 35901.000 35578.000 35031.000 
36115.000 36237.000 36311.000 35872.000 
37055.000 37746.000 37807.000 37549.000 
38124.000 38442.000 37853.000 38139.000 
37831.000 37800.000 38266.000 37281.000 
37484.000 37800.000 37830.000 37298.000 
37349.000 37800.000 37349.000 37637.000 
37764.000 37381.000 37374.000 37801.000 
37738.000 37305.000 37299.000 37520.000 
37481.000 37380.000 37332.000 37309.000 
38326.000 37925.000 37838.000 38150.000 
38494.000 38595.000 38687.000 38644.000 
39058.000 38541.000 38930.000 38974.000 
38582.000 38932.000 39420.000 38629.000 
38214.000 38128.000 38405.000 38220.000 
37305.000 37593.000 37564.000 37776.000 
37138.000 36978.000 37226.000 37458.000 
37371.000 37542.000 37530.000 37369.000 
37587.000 37757.000 37843.000 37481.000 
37045.000 37541.000 37103.000 37223.000 
36981.000 37203.000 37347.000 37380.000 
37033.000 37317.000 37404.000 37383.000 
37920.000 37586.000 38595.000 37819.000 
37703.000 37432.000 37452.000 37775.000 
37486.000 37741.000 37458.000 37376.000 
37756.000 37689.000 37879.000 37840.000 
37613.000 37591.000 37643.000 37627.000 
38692.000 38911.000 38845.000 38905.000 
39076.000 39032.000 39178.000 38951.000 
39668.000 39288.000 39333.000 39421.000 
39566.000 39239.000 39399.000 39486.000 
39988.000 39594.000 40790.000 40026.000 
39713.000 39775.000 40014.000 39809.000 
39660.000 39450.000 39539.000 39725.000 
39640.000 39488.000 39497.000 39338.000 
39653.000 39352.000 39486.000 39411.000 
39161.000 38796.000 38778.000 38921.000 
38800.000 38389.000 38748.000 38929.000 
38174.000 38225.000 38350.000 38106.000 
38297.000 38496.000 38622.000 38300.000 
37776.000 38432.000 38180.000 37758.000 
37474.000 37211.000 37452.000 37529.000 
37909.000 37577.000 37948.000 38080.000 
37491.000 37621.000 37609.000 37578.000 
38265.000 38234.000 38278.000 38457.000 
38618.000 39148.000 39055.000 38848.000 
38833.000 39285.000 39097.000 39038.000 
38521.000 38837.000 38740.000 38939.000 
39222.000 39073.000 39240.000 39173.000 
39235.000 38966.000 39060.000 39272.000 
39638.000 39245.000 39505.000 39693.000 
39483.000 39597.000 39670.000 39894.000 
39039.000 39097.000 39332.000 39163.000 
38945.000 38983.000 38757.000 38808.000 
38730.000 39063.000 38546.000 38939.000 
38810.000 38492.000 38689.000 39026.000 
38834.000 38800.000 38508.000 38450.000 
38532.000 38497.000 38173.000 38306.000 
38872.000 38960.000 38965.000 38608.000 
39504.000 39232.000 39353.000 38914.000 
39775.000 39465.000 39737.000 39226.000 
39450.000 39128.000 39302.000 39169.000 
39145.000 39563.000 39675.000 39438.000 
38955.000 39332.000 39472.000 39078.000 
38867.000 39267.000 39358.000 38930.000 
38339.000 39297.000 38832.000 38692.000 
38495.000 38598.000 38674.000 38641.000 
38692.000 39249.000 39211.000 38822.000 
38680.000 38663.000 38560.000 38711.000 
39071.000 38878.000 39461.000 39023.000 
38909.000 39070.000 39060.000 38653.000 
39325.000 39166.000 39087.000 39389.000 
38942.000 38812.000 38267.000 38990.000 
39365.000 39268.000 39108.000 39121.000 
38751.000 38954.000 38761.000 39087.000 
37535.000 37633.000 37821.000 37769.000 
37968.000 38344.000 38037.000 37936.000 
38460.000 38484.000 38657.000 38275.000 
38990.000 39005.000 39306.000 38916.000 
37876.000 37900.000 38088.000 37721.000 
37384.000 37595.000 37739.000 37698.000 
37190.000 36999.000 37178.000 37622.000 
37574.000 37889.000 37760.000 37671.000 
37969.000 37539.000 37910.000 37755.000 
38086.000 37153.000 37972.000 37914.000 
37534.000 38175.000 38063.000 37310.000 
37435.000 37759.000 38218.000 37784.000 
38346.000 38306.000 38326.000 37975.000 
38479.000 38230.000 38404.000 37995.000 
37915.000 37974.000 38137.000 37902.000 
38163.000 37735.000 37787.000 38068.000 
38193.000 38046.000 37985.000 38244.000 
37868.000 38098.000 37729.000 38652.000 
38560.000 38423.000 38824.000 38719.000 
13652.000 13789.000 13777.000 13451.000 
12251.000 12196.000 11908.000 11883.000 
12353.000 11990.000 12049.000 11865.000 
16307.000 16044.000 16286.000 15588.000 
27959.000 27695.000 28124.000 27753.000 
31678.000 31418.000 31914.000 31367.000 
35143.000 34839.000 35373.000 34798.000 
37489.000 37024.000 37728.000 37318.000 
39129.000 37812.000 37648.000 37873.000 
37481.000 37674.000 37138.000 37281.000 
38087.000 38086.000 37646.000 38068.000 
37754.000 38029.000 37878.000 38004.000 
37599.000 37667.000 37710.000 37681.000 
37356.000 36936.000 37766.000 37458.000 
37510.000 37506.000 37329.000 37487.000 
37510.000 37049.000 38066.000 37612.000 
37607.000 37132.000 37677.000 37276.000 
38084.000 37628.000 37782.000 38102.000 
37782.000 37867.000 37140.000 37491.000 
37292.000 37656.000 37219.000 37269.000 
36869.000 37135.000 37235.000 37432.000 
37222.000 36646.000 37298.000 37198.000 
37518.000 37045.000 37104.000 37467.000 
37050.000 37379.000 37915.000 37321.000 
38218.000 37829.000 38139.000 37913.000 
38522.000 38356.000 38623.000 38403.000 
39006.000 38870.000 38695.000 38670.000 
38508.000 38100.000 38588.000 38401.000 
38232.000 38597.000 38208.000 38457.000 
37877.000 37848.000 37572.000 37621.000 
37568.000 37448.000 37142.000 37698.000 
37493.000 37467.000 37359.000 37235.000 
37869.000 38073.000 37578.000 37839.000 
37982.000 37926.000 38110.000 38114.000 
38140.000 38241.000 38008.000 37486.000 
38822.000 38293.000 38440.000 38577.000 
38421.000 38835.000 38099.000 38396.000 
38223.000 38292.000 38171.000 37908.000 
38526.000 38436.000 38293.000 38395.000 
38553.000 38541.000 38367.000 38300.000 
38455.000 38748.000 38167.000 38482.000 
38269.000 38353.000 38223.000 38186.000 
38662.000 38694.000 39005.000 38575.000 
38578.000 38685.000 38656.000 38593.000 
38722.000 38686.000 38773.000 38867.000 
38985.000 38889.000 38599.000 38706.000 
38333.000 38039.000 38677.000 38391.000 
38282.000 37981.000 38105.000 38430.000 
38220.000 38265.000 38140.000 38589.000 
38002.000 38035.000 38270.000 37977.000 
37488.000 37472.000 37925.000 37698.000 
37698.000 37466.000 37980.000 37707.000 
37942.000 37729.000 37910.000 38156.000 
37989.000 37959.000 38128.000 37898.000 
38290.000 38119.000 38173.000 38264.000 
38284.000 37942.000 38071.000 37908.000 
38090.000 38155.000 38002.000 38023.000 
38130.000 38134.000 38349.000 38037.000 
37988.000 38029.000 37817.000 37469.000 
38256.000 38078.000 38384.000 38191.000 
39058.000 38426.000 38880.000 38639.000 
38798.000 38821.000 38683.000 38895.000 
39446.000 38982.000 39417.000 39101.000 
39860.000 39041.000 39708.000 39078.000 
39242.000 39162.000 38754.000 38783.000 
38832.000 38831.000 38834.000 38838.000 
38313.000 38108.000 38189.000 38150.000 
38114.000 37948.000 37727.000 38044.000 
38032.000 37708.000 37743.000 37917.000 
38242.000 38127.000 38232.000 38169.000 
37980.000 38315.000 37804.000 37932.000 
37952.000 37911.000 37769.000 37851.000 
38546.000 38234.000 38316.000 37737.000 
38325.000 38048.000 38355.000 37843.000 
38330.000 37543.000 38177.000 38177.000 
38333.000 37408.000 38026.000 38351.000 
38135.000 38197.000 38401.000 38127.000 
38210.000 37779.000 37887.000 38011.000 
38210.000 38491.000 38195.000 38083.000 
38443.000 38732.000 38556.000 38680.000 
38941.000 38591.000 38844.000 38609.000 
39460.000 39321.000 38842.000 38560.000 
39093.000 38498.000 38719.000 38802.000 
38826.000 38831.000 38633.000 38295.000 
38602.000 38506.000 38241.000 38656.000 
38423.000 38872.000 38285.000 38314.000 
38260.000 37900.000 37859.000 38236.000 
37800.000 37538.000 37534.000 37492.000 
38229.000 38250.000 38212.000 38220.000 
38471.000 38129.000 38260.000 38329.000 
38887.000 38407.000 38400.000 38556.000 
39248.000 38805.000 38607.000 38679.000 
38354.000 38478.000 38494.000 38194.000 
37973.000 37867.000 38050.000 37776.000 
37768.000 37595.000 37819.000 37882.000 
37725.000 37757.000 37882.000 37761.000 
38221.000 38215.000 38319.000 38144.000 
38501.000 38742.000 38348.000 38058.000 
39379.000 39229.000 39579.000 39310.000 
39320.000 38832.000 39288.000 39052.000 
38787.000 38792.000 38919.000 38841.000 
38296.000 38534.000 38159.000 37995.000 
24975.000 30056.000 25627.000 26435.000 
13050.000 12768.000 12984.000 12938.000 
12288.000 11853.000 12352.000 12119.000 
21669.000 19384.000 19678.000 19195.000 
29461.000 29114.000 29288.000 29173.000 
33429.000 33265.000 33148.000 33193.000 
36001.000 36111.000 36600.000 35867.000 
37394.000 37218.000 37416.000 37179.000 
38275.000 38009.000 38235.000 38275.000 
38748.000 38829.000 38319.000 38774.000 
39298.000 38913.000 38908.000 39358.000 
38736.000 38763.000 38788.000 38882.000 
38219.000 38679.000 38420.000 38632.000 
38404.000 38470.000 38019.000 38271.000 
38168.000 38192.000 38168.000 37604.000 
37900.000 38199.000 37647.000 38208.000 
38177.000 38095.000 38305.000 38342.000 
38064.000 37855.000 37649.000 37866.000 
38467.000 38665.000 38322.000 38051.000 
38829.000 38682.000 38619.000 38220.000 
39099.000 38632.000 39099.000 38380.000 
38553.000 38868.000 38686.000 38517.000 
38383.000 38108.000 38492.000 38975.000 
39110.000 38636.000 39284.000 38872.000 
39431.000 38942.000 39276.000 39325.000 
39453.000 39322.000 39415.000 39189.000 
39285.000 39656.000 39264.000 39557.000 
38937.000 39235.000 38708.000 39160.000 
39334.000 39924.000 39196.000 39680.000 
40137.000 39901.000 40024.000 40005.000 
39668.000 39727.000 39176.000 39531.000 
39420.000 39560.000 39183.000 39476.000 
39142.000 39829.000 39142.000 39390.000 
38832.000 38463.000 38694.000 38307.000 
37647.000 38060.000 37744.000 37654.000 
38355.000 38419.000 38488.000 38814.000 
38838.000 38586.000 38831.000 38733.000 
38850.000 38852.000 39086.000 39119.000 
39240.000 38945.000 39238.000 39090.000 
39143.000 38811.000 38854.000 38524.000 
38725.000 38507.000 38568.000 38501.000 
38673.000 38446.000 38268.000 38570.000 
37897.000 37431.000 37489.000 37464.000 
37901.000 37818.000 38119.000 38240.000 
38287.000 38285.000 38300.000 38169.000 
38320.000 38115.000 38620.000 38435.000 
38461.000 38219.000 38483.000 38383.000 
38979.000 38906.000 38447.000 38743.000 
38461.000 38614.000 38707.000 38859.000 
38853.000 38400.000 38878.000 38830.000 
38948.000 38719.000 38947.000 38543.000 
39237.000 39728.000 39459.000 39252.000 
39430.000 39019.000 39471.000 39263.000 
39031.000 39138.000 39215.000 39064.000 
38933.000 39115.000 38945.000 38943.000 
39177.000 38593.000 38788.000 38738.000 
38897.000 39034.000 38859.000 39001.000 
39640.000 39558.000 39210.000 39316.000 
39365.000 39117.000 39229.000 39301.000 
39026.000 39184.000 39394.000 39458.000 
38745.000 39075.000 38831.000 38877.000 
38881.000 38993.000 39029.000 38981.000 
39045.000 39034.000 39060.000 38996.000 
38926.000 38955.000 38649.000 38726.000 
38669.000 38650.000 38578.000 38704.000 
39339.000 38933.000 39382.000 39063.000 
39018.000 38654.000 38938.000 39178.000 
39312.000 39382.000 39300.000 39435.000 
39525.000 39473.000 39607.000 39599.000 
38776.000 39007.000 39040.000 39224.000 
39544.000 39355.000 39389.000 39397.000 
38924.000 39157.000 39245.000 39254.000 
38794.000 39180.000 39143.000 38867.000 
39026.000 39044.000 38807.000 38843.000 
38940.000 38432.000 38911.000 38439.000 
38178.000 37967.000 37940.000 37639.000 
38386.000 38676.000 38308.000 38376.000 
38583.000 38770.000 38464.000 38764.000 
39257.000 39571.000 39308.000 39168.000 
39247.000 39839.000 38908.000 38959.000 
38918.000 39269.000 39171.000 39237.000 
39190.000 39520.000 39045.000 39096.000 
38571.000 38840.000 38357.000 38786.000 
39214.000 39088.000 38906.000 39163.000 
39112.000 38878.000 39003.000 39240.000 
38883.000 39209.000 38827.000 38918.000 
39385.000 39131.000 39366.000 39238.000 
39407.000 39349.000 39539.000 39219.000 
39454.000 38944.000 38986.000 39554.000 
38617.000 38726.000 38400.000 38078.000 
37493.000 37333.000 37806.000 37414.000 
37923.000 37974.000 37943.000 37688.000 
37642.000 38009.000 37383.000 37913.000 
38208.000 37962.000 37952.000 38333.000 
37999.000 37776.000 37776.000 38195.000 
38109.000 38450.000 38439.000 38932.000 
39384.000 38626.000 38658.000 39215.000 
38913.000 38459.000 38539.000 38260.000 
39557.000 39116.000 38717.000 38799.000 
38260.000 38638.000 38358.000 38469.000 
38736.000 39026.000 38770.000 39226.000 
40003.000 40002.000 39811.000 39817.000 
39523.000 39747.000 39382.000 39430.000 
14418.000 13336.000 13133.000 13913.000 
12285.000 12204.000 12513.000 12395.000 
12620.000 12755.000 12804.000 12979.000 
26288.000 27191.000 27926.000 26083.000 
31514.000 31752.000 32390.000 31634.000 
35815.000 36226.000 35889.000 36526.000 
37783.000 37893.000 37892.000 38227.000 
38162.000 38655.000 38409.000 38319.000 
38520.000 38644.000 38378.000 38876.000 
39072.000 39325.000 39206.000 38922.000 
39532.000 39256.000 39120.000 39340.000 
39777.000 39851.000 39834.000 39954.000 
39176.000 39719.000 39459.000 39841.000 
39347.000 39605.000 39620.000 39559.000 
38944.000 39227.000 39485.000 39386.000 
38707.000 38445.000 38780.000 38554.000 
38846.000 38384.000 38727.000 38557.000 
38817.000 38996.000 38711.000 38569.000 
39564.000 39765.000 39305.000 39426.000 
39340.000 39685.000 39092.000 39498.000 
39995.000 40141.000 39702.000 39712.000 
39990.000 40418.000 39983.000 39904.000 
39322.000 39370.000 39206.000 39313.000 
39016.000 38934.000 39574.000 39275.000 
39259.000 39521.000 40193.000 39667.000 
39630.000 39809.000 39815.000 40079.000 
39391.000 39398.000 39868.000 39595.000 
39356.000 39871.000 39619.000 39677.000 
40519.000 39695.000 39708.000 39877.000 
40158.000 39543.000 39854.000 39879.000 
39620.000 39580.000 39993.000 39624.000 
39555.000 39482.000 39097.000 39439.000 
39078.000 39013.000 39290.000 39482.000 
39154.000 38669.000 38766.000 39009.000 
38836.000 38401.000 38442.000 38875.000 
38715.000 38205.000 38542.000 38388.000 
37792.000 38389.000 38040.000 37871.000 
38118.000 38316.000 38143.000 38008.000 
37669.000 38227.000 38435.000 37836.000 
37979.000 38747.000 38431.000 38034.000 
38017.000 38235.000 38437.000 37823.000 
38578.000 38325.000 38462.000 38370.000 
38571.000 38157.000 38497.000 38333.000 
37900.000 37870.000 37769.000 37579.000 
37561.000 37766.000 37678.000 37510.000 
37338.000 37586.000 37641.000 37625.000 
37741.000 37854.000 37673.000 37305.000 
37693.000 37644.000 37901.000 37813.000 
37719.000 37971.000 38152.000 37842.000 
37991.000 37811.000 38057.000 37864.000 
38503.000 38177.000 38560.000 38620.000 
37734.000 38299.000 37931.000 38113.000 
38004.000 38342.000 38269.000 37874.000 
37556.000 37893.000 37640.000 37719.000 
37808.000 37758.000 37723.000 37903.000 
38494.000 37989.000 38085.000 37754.000 
38181.000 38395.000 38791.000 38638.000 
38225.000 38240.000 38538.000 38221.000 
37869.000 38014.000 38195.000 38133.000 
39050.000 38708.000 39021.000 39122.000 
39041.000 39004.000 39445.000 39324.000 
38777.000 38460.000 38774.000 39067.000 
38932.000 38485.000 38759.000 38534.000 
38274.000 38344.000 38303.000 38151.000 
37609.000 37869.000 38082.000 38098.000 
37942.000 37790.000 37971.000 38169.000 
37919.000 37548.000 37890.000 37650.000 
38200.000 38185.000 38219.000 37914.000 
37929.000 38322.000 38063.000 38166.000 
39471.000 39593.000 39497.000 39604.000 
39853.000 39578.000 39604.000 39916.000 
39638.000 39553.000 39755.000 39308.000 
39059.000 38984.000 39122.000 39117.000 
38556.000 39103.000 39077.000 38845.000 
38742.000 38398.000 38426.000 38405.000 
38216.000 38443.000 38192.000 38249.000 
39220.000 38830.000 39133.000 39311.000 
38813.000 38434.000 38773.000 38591.000 
39441.000 39700.000 39467.000 39281.000 
39227.000 39542.000 39543.000 39131.000 
39212.000 39333.000 39313.000 39330.000 
39165.000 39345.000 39657.000 39154.000 
38824.000 38761.000 39279.000 39046.000 
38555.000 38261.000 39067.000 38869.000 
38370.000 38395.000 38286.000 38162.000 
38004.000 37988.000 38146.000 37999.000 
38304.000 38130.000 38370.000 38651.000 
39648.000 39074.000 39620.000 39203.000 
39728.000 39661.000 39231.000 39693.000 
39735.000 39268.000 39721.000 39276.000 
40011.000 39748.000 40198.000 39688.000 
39182.000 39402.000 39270.000 39132.000 
39266.000 39444.000 39332.000 39228.000 
38861.000 39226.000 38796.000 38985.000 
38860.000 38923.000 38587.000 39031.000 
39219.000 39425.000 39025.000 38991.000 
38843.000 38803.000 38876.000 38835.000 
39240.000 39483.000 39412.000 39366.000 
40076.000 40190.000 39847.000 40309.000 
40402.000 40293.000 40218.000 40459.000 
39694.000 40539.000 40314.000 40389.000 
40541.000 39879.000 40142.000 40470.000 
35228.000 37359.000 38084.000 34967.000 
13095.000 13138.000 13232.000 13116.000 
12083.000 12088.000 11905.000 12621.000 
14106.000 14118.000 14128.000 14941.000 
27708.000 27677.000 28000.000 28284.000 
34061.000 33847.000 34182.000 34544.000 
39346.000 39423.000 39292.000 39696.000 
40841.000 40474.000 40908.000 40872.000 
38830.000 38172.000 38550.000 38761.000 
37670.000 38270.000 38085.000 38238.000 
38276.000 37925.000 38238.000 38055.000 
37708.000 37647.000 37806.000 37594.000 
37458.000 37858.000 37724.000 37666.000 
37271.000 37712.000 37386.000 37444.000 
37269.000 37007.000 37413.000 37254.000 
37560.000 37504.000 37232.000 37518.000 
38026.000 37959.000 38201.000 38232.000 
37294.000 37507.000 37387.000 37560.000 
37810.000 38155.000 38116.000 38014.000 
38749.000 38953.000 39059.000 38735.000 
39396.000 39183.000 39302.000 39416.000 
39388.000 39705.000 39283.000 39699.000 
39831.000 40186.000 39608.000 39811.000 
39446.000 39442.000 39988.000 39999.000 
38699.000 38852.000 38677.000 38781.000 
39145.000 39278.000 38998.000 39302.000 
39554.000 39137.000 39611.000 39334.000 
39255.000 38801.000 39263.000 39231.000 
38491.000 38769.000 38840.000 38390.000 
38180.000 38403.000 38208.000 38142.000 
37741.000 37607.000 37567.000 37541.000 
37596.000 37583.000 37344.000 38033.000 
38104.000 38288.000 38309.000 38349.000 
37876.000 38064.000 37855.000 37898.000 
38139.000 38397.000 38369.000 38347.000 
38419.000 37891.000 38040.000 38608.000 
38037.000 37880.000 37661.000 37997.000 
37509.000 37671.000 37383.000 37566.000 
36429.000 36173.000 36197.000 36062.000 
37476.000 37037.000 37218.000 37241.000 
37554.000 37670.000 37223.000 37677.000 
38231.000 37775.000 37642.000 37960.000 
38203.000 38506.000 37904.000 38089.000 
38099.000 38991.000 38367.000 38472.000 
38148.000 38467.000 38385.000 38515.000 
37602.000 37564.000 37712.000 37737.000 
37560.000 37788.000 37799.000 37702.000 
37673.000 37619.000 37620.000 37428.000 
37961.000 38128.000 38181.000 38219.000 
37887.000 37526.000 37686.000 37866.000 
37141.000 37736.000 37577.000 37720.000 
37974.000 37730.000 38151.000 37968.000 
38254.000 37652.000 37569.000 37987.000 
37994.000 37917.000 37950.000 38511.000 
37939.000 37802.000 38004.000 37913.000 
37783.000 37670.000 37649.000 37565.000 
37419.000 37146.000 37339.000 37637.000 
37616.000 37566.000 37627.000 37212.000 
37304.000 37760.000 37150.000 38059.000 
37929.000 38043.000 37937.000 38143.000 
38761.000 38875.000 38776.000 38730.000 
38566.000 38414.000 38574.000 38361.000 
38864.000 38512.000 38853.000 39331.000 
37912.000 38180.000 38482.000 38394.000 
37979.000 37719.000 38361.000 38235.000 
37853.000 37821.000 38073.000 37853.000 
37441.000 37948.000 37882.000 37738.000 
37893.000 38051.000 37746.000 37861.000 
38033.000 38278.000 37829.000 38079.000 
38015.000 37703.000 37609.000 37788.000 
38413.000 38056.000 37960.000 38128.000 
38133.000 37954.000 38007.000 38387.000 
38379.000 38496.000 37863.000 38325.000 
37886.000 37513.000 37216.000 37461.000 
37701.000 38459.000 38054.000 38112.000 
38449.000 38137.000 37787.000 38021.000 
37383.000 37585.000 37919.000 37837.000 
38325.000 38276.000 38689.000 38730.000 
38541.000 38390.000 38473.000 38762.000 
38523.000 38563.000 38482.000 38761.000 
39061.000 39037.000 38931.000 39900.000 
39061.000 38648.000 39218.000 39817.000 
39089.000 38841.000 39001.000 38970.000 
38071.000 37970.000 38307.000 38102.000 
38219.000 38214.000 38169.000 37870.000 
38565.000 38482.000 38422.000 38691.000 
38173.000 38016.000 37802.000 37675.000 
37793.000 37585.000 38111.000 38071.000 
38128.000 38128.000 38054.000 38115.000 
38075.000 37932.000 38074.000 38119.000 
38320.000 37875.000 38452.000 38618.000 
37877.000 38238.000 37985.000 38355.000 
37915.000 37613.000 37821.000 38144.000 
37926.000 38021.000 37965.000 38133.000 
38373.000 38366.000 38237.000 38340.000 
37961.000 38271.000 38289.000 38023.000 
38231.000 38165.000 38637.000 38056.000 
38715.000 38127.000 38835.000 38635.000 
38806.000 38974.000 38519.000 38932.000 
38551.000 39077.000 38870.000 38597.000 
38645.000 38739.000 38897.000 38908.000 
38449.000 38692.000 38691.000 38341.000 
38465.000 38062.000 38017.000 38165.000 
14264.000 17136.000 14441.000 14350.000 
12725.000 12197.000 11986.000 12740.000 
16264.000 15139.000 15680.000 15496.000 
28645.000 27946.000 28199.000 28416.000 
33701.000 33369.000 33435.000 33179.000 
38099.000 38115.000 38204.000 37671.000 
40363.000 40535.000 39979.000 40502.000 
40014.000 39514.000 39861.000 39673.000 
38888.000 39195.000 39362.000 39759.000 
39313.000 39240.000 38991.000 38663.000 
38620.000 38516.000 38578.000 38072.000 
38349.000 38347.000 37880.000 38013.000 
38269.000 37940.000 37966.000 38062.000 
38792.000 38667.000 38864.000 38918.000 
38794.000 38558.000 39300.000 38821.000 
39704.000 39718.000 39636.000 39891.000 
38701.000 38873.000 38739.000 39333.000 
39025.000 38882.000 38638.000 38913.000 
39385.000 38836.000 39359.000 38927.000 
39119.000 38607.000 38785.000 38775.000 
39371.000 39421.000 39265.000 39300.000 
39345.000 39297.000 39460.000 39598.000 
39813.000 39669.000 39528.000 39508.000 
40204.000 39903.000 40116.000 39995.000 
40065.000 39927.000 40187.000 40198.000 
39275.000 38972.000 39353.000 39611.000 
39044.000 39129.000 38637.000 38908.000 
38478.000 38507.000 38561.000 38445.000 
38407.000 38495.000 38283.000 38194.000 
38829.000 38683.000 38818.000 38921.000 
38627.000 38743.000 38824.000 38992.000 
39199.000 38991.000 39319.000 38962.000 
40211.000 39894.000 39665.000 39761.000 
39343.000 39303.000 39343.000 39725.000 
39131.000 39442.000 39268.000 39561.000 
39092.000 39518.000 39743.000 39728.000 
39178.000 39080.000 38843.000 38315.000 
38689.000 38764.000 38458.000 38792.000 
38674.000 38855.000 38967.000 39044.000 
38606.000 38851.000 38914.000 38335.000 
39508.000 39137.000 39608.000 39168.000 
39503.000 39436.000 40314.000 39565.000 
40441.000 40129.000 40607.000 40129.000 
39827.000 39757.000 39831.000 39642.000 
38829.000 38468.000 38864.000 38520.000 
38916.000 38640.000 38613.000 38577.000 
39122.000 38812.000 38834.000 38954.000 
38552.000 38935.000 38448.000 38740.000 
38882.000 38733.000 38564.000 38290.000 
38977.000 38895.000 38730.000 39024.000 
39145.000 39264.000 38700.000 39164.000 
39412.000 39281.000 39207.000 39215.000 
39218.000 38991.000 39104.000 38867.000 
39297.000 39192.000 39027.000 39418.000 
38743.000 38699.000 38568.000 38948.000 
39306.000 38796.000 38822.000 39019.000 
38793.000 38785.000 38627.000 38867.000 
39010.000 39159.000 39486.000 39137.000 
39073.000 38711.000 39164.000 38692.000 
39243.000 39045.000 39207.000 39131.000 
39398.000 39657.000 39268.000 39565.000 
40485.000 39901.000 39900.000 40020.000 
39593.000 39332.000 39702.000 39958.000 
38993.000 39470.000 39184.000 39298.000 
39402.000 39201.000 39105.000 39252.000 
38977.000 39084.000 39165.000 38949.000 
39085.000 39143.000 38983.000 39186.000 
38956.000 39086.000 39063.000 38771.000 
39144.000 39462.000 39300.000 39192.000 
39376.000 40020.000 39021.000 39708.000 
39209.000 39421.000 39226.000 39352.000 
39266.000 39653.000 39561.000 40088.000 
39746.000 39468.000 39593.000 39803.000 
38867.000 39064.000 38856.000 39085.000 
38733.000 38628.000 38772.000 38629.000 
38323.000 38152.000 38518.000 38665.000 
38962.000 38745.000 39200.000 38897.000 
39641.000 39581.000 39561.000 39644.000 
39303.000 39156.000 39344.000 39062.000 
39820.000 39682.000 39599.000 39619.000 
39906.000 39369.000 39589.000 40163.000 
40446.000 39530.000 40214.000 40360.000 
39144.000 39602.000 39276.000 39653.000 
39069.000 38728.000 38618.000 38694.000 
38501.000 38629.000 39213.000 38271.000 
38865.000 38682.000 38995.000 38457.000 
39002.000 38682.000 38493.000 38374.000 
37967.000 38283.000 38118.000 38244.000 
39422.000 39044.000 39201.000 38560.000 
40143.000 39960.000 39867.000 39541.000 
39732.000 39097.000 39607.000 39555.000 
39034.000 39076.000 39208.000 39671.000 
39594.000 38982.000 39072.000 39177.000 
39325.000 39629.000 39183.000 39274.000 
39384.000 39291.000 39201.000 39272.000 
39208.000 38973.000 38973.000 39025.000 
39427.000 39229.000 39420.000 39202.000 
39249.000 39439.000 39527.000 39495.000 
39926.000 39583.000 39554.000 39420.000 
40474.000 39849.000 39783.000 40002.000 
39201.000 39264.000 39495.000 39639.000 
38964.000 39087.000 39083.000 39017.000 
23375.000 23499.000 22177.000 23399.000 
12586.000 12184.000 12286.000 12497.000 
12658.000 12373.000 11932.000 11900.000 
15306.000 14953.000 15357.000 16307.000 
27374.000 26762.000 27945.000 27736.000 
31468.000 31381.000 31896.000 32102.000 
35738.000 35344.000 35529.000 35779.000 
37517.000 37032.000 37654.000 37827.000 
37436.000 37463.000 37571.000 37645.000 
37839.000 38039.000 38009.000 38096.000 
37750.000 37735.000 38421.000 37636.000 
38460.000 38313.000 38719.000 38715.000 
38450.000 38793.000 39116.000 39101.000 
38967.000 38762.000 39077.000 38995.000 
39079.000 39303.000 39449.000 39336.000 
39006.000 39290.000 39140.000 39010.000 
39387.000 38825.000 39184.000 39023.000 
39044.000 39012.000 39636.000 39301.000 
39306.000 39122.000 39107.000 39473.000 
39155.000 38999.000 39125.000 39285.000 
38538.000 39191.000 38915.000 38691.000 
38050.000 38187.000 38550.000 38001.000 
38060.000 37849.000 37477.000 38060.000 
38322.000 38164.000 38246.000 38512.000 
39746.000 38922.000 38920.000 39262.000 
39047.000 38845.000 38979.000 39075.000 
39063.000 39295.000 39013.000 39116.000 
37758.000 38196.000 38318.000 38457.000 
38730.000 38987.000 39321.000 39213.000 
38398.000 38259.000 38925.000 38634.000 
38730.000 38431.000 38733.000 38697.000 
38574.000 38591.000 38655.000 38806.000 
39076.000 39140.000 39016.000 38952.000 
38903.000 39167.000 39416.000 39048.000 
39328.000 39261.000 39365.000 38879.000 
39368.000 38179.000 38980.000 38981.000 
39027.000 38953.000 38998.000 38431.000 
38136.000 38579.000 37974.000 37889.000 
37701.000 37808.000 37734.000 37750.000 
38332.000 38204.000 37938.000 38273.000 
37717.000 37523.000 37449.000 37600.000 
37839.000 37486.000 37572.000 37919.000 
37247.000 37242.000 37575.000 36939.000 
37601.000 37464.000 37600.000 37490.000 
38184.000 37551.000 37170.000 37789.000 
38636.000 38224.000 38367.000 38452.000 
38297.000 38759.000 38508.000 38316.000 
38690.000 38709.000 38484.000 38606.000 
39351.000 39452.000 38974.000 38993.000 
39746.000 39266.000 39251.000 39404.000 
39786.000 39721.000 39404.000 39577.000 
38576.000 38204.000 38495.000 38969.000 
38200.000 37890.000 37929.000 38093.000 
38665.000 38457.000 38646.000 37808.000 
37894.000 37692.000 37541.000 37421.000 
37937.000 37911.000 37609.000 37444.000 
37264.000 37376.000 37816.000 37179.000 
37600.000 37695.000 37693.000 37296.000 
37274.000 37233.000 37285.000 37281.000 
37167.000 36946.000 37210.000 37322.000 
36937.000 36879.000 37125.000 36834.000 
37295.000 36593.000 36948.000 37248.000 
37618.000 37403.000 37483.000 37200.000 
37999.000 37770.000 37680.000 37858.000 
37926.000 37785.000 37823.000 37549.000 
37788.000 38280.000 38154.000 37644.000 
37965.000 38361.000 38230.000 37934.000 
38227.000 38439.000 38410.000 38319.000 
38446.000 38202.000 38217.000 37837.000 
38409.000 38505.000 38454.000 38264.000 
38807.000 38620.000 38637.000 38713.000 
39079.000 38760.000 38805.000 38969.000 
39044.000 38820.000 38942.000 38742.000 
38469.000 38660.000 38594.000 38299.000 
38414.000 38140.000 37860.000 37838.000 
37785.000 37216.000 37870.000 37757.000 
37650.000 37974.000 37712.000 37639.000 
38300.000 38444.000 38155.000 37794.000 
38132.000 38048.000 38367.000 38085.000 
38008.000 38118.000 37647.000 37532.000 
38180.000 38160.000 38436.000 37868.000 
38253.000 38055.000 38036.000 38259.000 
38885.000 38417.000 38944.000 38986.000 
38768.000 38239.000 38588.000 38787.000 
38146.000 38514.000 38613.000 38730.000 
38829.000 39056.000 38830.000 39080.000 
38692.000 38709.000 38739.000 39040.000 
39312.000 39316.000 39032.000 38931.000 
38827.000 38615.000 38726.000 38492.000 
38540.000 39133.000 38865.000 38488.000 
39038.000 38884.000 39185.000 38983.000 
39303.000 38638.000 38959.000 38419.000 
38625.000 38278.000 38524.000 37954.000 
38032.000 38014.000 38234.000 37780.000 
37977.000 38286.000 37958.000 38254.000 
38459.000 38302.000 38118.000 37854.000 
37661.000 37607.000 37734.000 37713.000 
37830.000 38011.000 38073.000 37867.000 
38231.000 37897.000 38101.000 38054.000 
38589.000 38325.000 38239.000 37983.000 
38958.000 38390.000 38291.000 38365.000 
38118.000 37569.000 37617.000 38114.000 
37900.000 38335.000 38385.000 38018.000 
18595.000 18107.000 16992.000 18078.000 
12607.000 12437.000 12440.000 12531.000 
12818.000 13270.000 12753.000 13218.000 
27683.000 29274.000 27500.000 28246.000 
34112.000 34535.000 33567.000 34590.000 
39020.000 39882.000 39035.000 39192.000 
39273.000 40106.000 39571.000 39333.000 
38793.000 38775.000 38920.000 38958.000 
38036.000 38354.000 38191.000 38287.000 
37984.000 38315.000 37917.000 38145.000 
37760.000 38022.000 38416.000 38246.000 
38381.000 38738.000 38654.000 38706.000 
39238.000 39162.000 39219.000 39400.000 
39668.000 40226.000 39812.000 40420.000 
39477.000 39787.000 39561.000 39641.000 
38911.000 39602.000 39179.000 39120.000 
39712.000 40023.000 39468.000 39943.000 
39860.000 39871.000 40125.000 39642.000 
39729.000 39885.000 39614.000 39995.000 
39341.000 39675.000 39284.000 39456.000 
39460.000 39452.000 39701.000 39481.000 
39630.000 39235.000 39692.000 39667.000 
40059.000 39789.000 40218.000 40615.000 
40017.000 40210.000 39667.000 39812.000 
39736.000 39863.000 39743.000 39902.000 
38962.000 38530.000 39032.000 38653.000 
38660.000 38296.000 38380.000 38349.000 
38243.000 38349.000 38777.000 38209.000 
38605.000 38484.000 38448.000 38380.000 
39458.000 38582.000 38955.000 38936.000 
39040.000 38946.000 38638.000 39207.000 
39558.000 39322.000 39738.000 39724.000 
39530.000 39457.000 39878.000 39765.000 
39620.000 39361.000 40112.000 40023.000 
39736.000 39891.000 39658.000 39667.000 
38730.000 39070.000 38549.000 39111.000 
39231.000 38935.000 39367.000 39578.000 
38788.000 38745.000 38970.000 38684.000 
38583.000 38634.000 38628.000 38569.000 
38868.000 38827.000 39085.000 38658.000 
39080.000 39408.000 39344.000 39256.000 
39745.000 39425.000 40000.000 39414.000 
39786.000 39535.000 39569.000 39384.000 
38916.000 38756.000 39091.000 38863.000 
38833.000 38821.000 38945.000 38880.000 
38958.000 38738.000 38586.000 38672.000 
38773.000 38491.000 38797.000 38925.000 
38843.000 39163.000 39029.000 39217.000 
39408.000 39393.000 39419.000 39564.000 
39314.000 39676.000 39214.000 39682.000 
39095.000 39714.000 39979.000 39501.000 
40226.000 39950.000 40407.000 40190.000 
39072.000 39608.000 39086.000 39263.000 
38917.000 38816.000 39306.000 38852.000 
38359.000 38388.000 38817.000 38746.000 
38344.000 38645.000 38405.000 38631.000 
38935.000 38514.000 37995.000 38634.000 
38944.000 38816.000 38786.000 39109.000 
38400.000 38738.000 37891.000 38831.000 
39445.000 38913.000 39143.000 38979.000 
39196.000 38653.000 39226.000 39251.000 
39442.000 39398.000 39389.000 39576.000 
38886.000 39203.000 39350.000 39210.000 
38682.000 38851.000 39235.000 38728.000 
38620.000 38806.000 39055.000 38899.000 
38820.000 38596.000 39140.000 38915.000 
39263.000 39376.000 39556.000 39078.000 
39435.000 39632.000 40193.000 40112.000 
39689.000 39942.000 40123.000 39968.000 
39947.000 39780.000 39749.000 39567.000 
39621.000 39364.000 39544.000 39381.000 
39497.000 39508.000 39729.000 39523.000 
39099.000 38710.000 38919.000 39235.000 
37908.000 38062.000 37668.000 37551.000 
37932.000 38230.000 37427.000 37592.000 
37481.000 37217.000 37578.000 37603.000 
37547.000 37773.000 37447.000 37451.000 
38424.000 38708.000 38345.000 38375.000 
38504.000 38386.000 38483.000 38748.000 
38639.000 38745.000 38612.000 38781.000 
39268.000 39506.000 39409.000 39223.000 
39188.000 38734.000 39194.000 39246.000 
38680.000 38782.000 38627.000 38556.000 
38979.000 38825.000 38560.000 38735.000 
38709.000 38682.000 38502.000 38829.000 
39264.000 39129.000 39248.000 39177.000 
39644.000 39467.000 39279.000 39778.000 
39367.000 39292.000 39264.000 39567.000 
39713.000 39665.000 39686.000 39911.000 
39027.000 38920.000 39301.000 39314.000 
38093.000 38405.000 37946.000 37938.000 
37519.000 37731.000 37879.000 37632.000 
37873.000 37258.000 37501.000 37637.000 
38118.000 38232.000 37804.000 38077.000 
38248.000 38094.000 38175.000 38165.000 
38542.000 38569.000 38533.000 38622.000 
38538.000 38581.000 38488.000 39027.000 
38040.000 37866.000 38136.000 38451.000 
38354.000 38479.000 38535.000 38388.000 
39098.000 39397.000 39231.000 39293.000 
38872.000 38953.000 38673.000 38833.000 
38242.000 38058.000 38280.000 38436.000 
38115.000 37942.000 38341.000 38256.000 
12743.000 13128.000 12557.000 13221.000 
12626.000 12099.000 12592.000 13057.000 
12476.000 12382.000 12644.000 12801.000 
24467.000 26390.000 24281.000 25352.000 
31213.000 31732.000 30752.000 31375.000 
35112.000 35323.000 34893.000 35078.000 
37908.000 37839.000 37758.000 38206.000 
38401.000 38577.000 38650.000 38486.000 
38514.000 38417.000 38478.000 38634.000 
39152.000 39309.000 38778.000 38975.000 
39272.000 39089.000 39328.000 39540.000 
39493.000 39505.000 39278.000 39817.000 
39161.000 39330.000 39215.000 39172.000 
38850.000 39061.000 38595.000 38711.000 
38602.000 38957.000 39031.000 38657.000 
39098.000 39470.000 39096.000 39075.000 
38775.000 38659.000 38815.000 39120.000 
39513.000 39632.000 39795.000 39314.000 
39372.000 39324.000 39949.000 39139.000 
39928.000 39468.000 40285.000 39975.000 
39523.000 39881.000 40124.000 39862.000 
39680.000 39571.000 39777.000 40181.000 
39330.000 39520.000 38953.000 39448.000 
39756.000 39543.000 39198.000 39299.000 
39050.000 39265.000 38970.000 39086.000 
38459.000 39113.000 39138.000 38781.000 
38179.000 37998.000 38619.000 38199.000 
38893.000 38897.000 38818.000 39062.000 
38825.000 38531.000 38956.000 38891.000 
39108.000 38989.000 39001.000 39281.000 
39564.000 39343.000 39248.000 39568.000 
38551.000 38459.000 38431.000 38552.000 
38654.000 38417.000 38635.000 38516.000 
39137.000 38995.000 39022.000 39224.000 
39103.000 39168.000 39022.000 39047.000 
38961.000 39164.000 38725.000 38626.000 
39380.000 38939.000 39671.000 39407.000 
39350.000 39448.000 39217.000 39811.000 
39945.000 39708.000 39870.000 40213.000 
40136.000 39923.000 39745.000 40278.000 
39086.000 39431.000 39265.000 39592.000 
39076.000 38951.000 38953.000 38906.000 
39007.000 38838.000 38672.000 38508.000 
37514.000 37798.000 37541.000 37651.000 
37741.000 37430.000 37658.000 37877.000 
37894.000 38003.000 38115.000 37908.000 
38721.000 38437.000 38670.000 38613.000 
38210.000 38510.000 38022.000 38593.000 
38554.000 38723.000 38281.000 38429.000 
38336.000 38217.000 38448.000 38815.000 
38765.000 38914.000 38740.000 38824.000 
39135.000 39149.000 38931.000 38742.000 
39202.000 39257.000 39000.000 38998.000 
39384.000 39705.000 39486.000 39459.000 
39896.000 39506.000 39373.000 39628.000 
39222.000 39162.000 39534.000 39091.000 
39190.000 38893.000 39551.000 39198.000 
39131.000 39177.000 39167.000 39366.000 
39233.000 39049.000 39169.000 39416.000 
39020.000 38933.000 38871.000 38791.000 
38818.000 38718.000 38588.000 38713.000 
39075.000 38961.000 38986.000 39068.000 
38896.000 39260.000 39180.000 39355.000 
39134.000 39566.000 39539.000 39485.000 
39285.000 39994.000 39756.000 39681.000 
39824.000 40138.000 39613.000 40272.000 
39338.000 39580.000 39634.000 39697.000 
39335.000 39493.000 39295.000 39178.000 
39098.000 39100.000 39118.000 38922.000 
39117.000 39564.000 39191.000 38934.000 
38442.000 38245.000 38069.000 38418.000 
38007.000 37504.000 37455.000 38172.000 
37778.000 37660.000 37450.000 38119.000 
37167.000 36911.000 37562.000 37114.000 
37985.000 38000.000 38034.000 38302.000 
37913.000 38079.000 37759.000 37653.000 
38619.000 39296.000 38664.000 39161.000 
38537.000 38584.000 38531.000 38699.000 
38379.000 38054.000 37885.000 37918.000 
39326.000 39403.000 39348.000 39271.000 
38532.000 38869.000 38987.000 38967.000 
39195.000 39073.000 39113.000 39167.000 
39489.000 38342.000 39000.000 38764.000 
39137.000 39258.000 39500.000 39300.000 
39803.000 39911.000 40171.000 40021.000 
40105.000 39699.000 39743.000 39809.000 
39591.000 39568.000 39428.000 39551.000 
38942.000 38930.000 39191.000 39106.000 
38979.000 38693.000 39037.000 38855.000 
38825.000 38609.000 39053.000 38589.000 
39977.000 39955.000 39572.000 39756.000 
39204.000 39670.000 39459.000 39358.000 
39883.000 40244.000 39451.000 40118.000 
39938.000 39909.000 39699.000 40260.000 
39323.000 39489.000 39440.000 39935.000 
39241.000 38836.000 39052.000 39376.000 
38978.000 38896.000 38780.000 38896.000 
38997.000 38464.000 38659.000 38709.000 
37945.000 38144.000 37379.000 37649.000 
37857.000 37726.000 37456.000 38159.000 
37722.000 37431.000 37713.000 37932.000 
37955.000 37827.000 37726.000 37965.000 
16671.000 16185.000 20691.000 16214.000 
12485.000 12505.000 12378.000 12471.000 
12756.000 12862.000 12788.000 13292.000 
27613.000 27033.000 26844.000 26900.000 
30772.000 30444.000 30478.000 30617.000 
33713.000 32970.000 33526.000 33448.000 
36761.000 36612.000 36525.000 36430.000 
38005.000 37867.000 37960.000 37965.000 
38472.000 38328.000 38183.000 38478.000 
38690.000 38766.000 38546.000 38677.000 
38792.000 38643.000 38287.000 38850.000 
39340.000 39238.000 38971.000 39110.000 
40201.000 39537.000 39545.000 39705.000 
39324.000 39217.000 38860.000 38836.000 
38302.000 38519.000 38522.000 38584.000 
36294.000 36877.000 36938.000 36854.000 
35969.000 36215.000 36118.000 36104.000 
36040.000 35929.000 35842.000 36142.000 
36044.000 35840.000 35478.000 35691.000 
36505.000 36161.000 36096.000 36223.000 
36516.000 36494.000 36165.000 36361.000 
36501.000 37156.000 36817.000 36934.000 
37823.000 37139.000 37461.000 37412.000 
37568.000 36877.000 36987.000 37123.000 
36692.000 36516.000 37294.000 36690.000 
37148.000 37088.000 37063.000 36838.000 
36424.000 36932.000 36947.000 36790.000 
37080.000 36610.000 37102.000 37039.000 
37130.000 37171.000 37350.000 36781.000 
36984.000 37607.000 37030.000 37242.000 
37202.000 37598.000 37448.000 37548.000 
37612.000 37839.000 37820.000 37643.000 
38008.000 38471.000 38216.000 38135.000 
38153.000 38099.000 38280.000 38047.000 
39065.000 38781.000 39649.000 39236.000 
38798.000 38936.000 39145.000 38974.000 
38028.000 38091.000 38299.000 37904.000 
38029.000 38093.000 38049.000 38379.000 
37778.000 37922.000 37970.000 38017.000 
37780.000 37828.000 38170.000 38114.000 
37722.000 37782.000 37837.000 37742.000 
37262.000 37664.000 37353.000 37082.000 
38109.000 37316.000 38103.000 37847.000 
38458.000 38329.000 38780.000 37926.000 
38226.000 38543.000 38384.000 37907.000 
38678.000 38648.000 38870.000 38620.000 
38708.000 38843.000 38794.000 38656.000 
38433.000 38621.000 38169.000 38449.000 
37446.000 37419.000 37422.000 38047.000 
36758.000 37357.000 37236.000 37142.000 
37198.000 37125.000 37289.000 37231.000 
37684.000 37084.000 37800.000 37187.000 
38173.000 37945.000 37995.000 37530.000 
37636.000 37787.000 38292.000 37964.000 
37990.000 37657.000 37854.000 37689.000 
39059.000 39073.000 39127.000 38911.000 
39032.000 38872.000 39096.000 38998.000 
39047.000 38432.000 39061.000 38530.000 
38372.000 38029.000 38448.000 38089.000 
38180.000 38282.000 37950.000 37660.000 
38110.000 37868.000 37681.000 37782.000 
38102.000 38470.000 38513.000 38437.000 
38611.000 38599.000 38819.000 38536.000 
38723.000 38548.000 38375.000 38333.000 
39440.000 39070.000 39209.000 39108.000 
39391.000 39045.000 39433.000 39332.000 
39356.000 39140.000 38990.000 39181.000 
38913.000 39215.000 39037.000 38850.000 
38599.000 38704.000 38298.000 38641.000 
38774.000 39012.000 39223.000 38910.000 
38679.000 39133.000 39185.000 38755.000 
39079.000 39451.000 39481.000 39154.000 
39400.000 39618.000 39209.000 39363.000 
40264.000 40395.000 39832.000 39587.000 
39712.000 39554.000 39726.000 39342.000 
39049.000 39269.000 39059.000 39007.000 
38858.000 38921.000 39027.000 38909.000 
38948.000 39018.000 39035.000 38671.000 
38889.000 38672.000 38526.000 38585.000 
38982.000 38948.000 39427.000 38901.000 
39197.000 39430.000 39301.000 39073.000 
38860.000 38667.000 38940.000 38807.000 
39379.000 39194.000 39292.000 39192.000 
39139.000 39509.000 39259.000 39613.000 
39119.000 39633.000 39572.000 39452.000 
39252.000 39135.000 39208.000 39142.000 
39169.000 39039.000 39155.000 39017.000 
39356.000 39173.000 39592.000 39448.000 
38979.000 39082.000 39100.000 39426.000 
39419.000 39617.000 39505.000 39049.000 
38825.000 38843.000 38741.000 38825.000 
38950.000 39076.000 38724.000 39006.000 
38934.000 38966.000 38810.000 38778.000 
38882.000 39193.000 38967.000 39171.000 
39257.000 38989.000 39180.000 39645.000 
38892.000 38920.000 38645.000 38664.000 
38269.000 38828.000 38454.000 38911.000 
38609.000 39350.000 38809.000 39080.000 
39352.000 39009.000 39474.000 39409.000 
39256.000 39343.000 39579.000 39505.000 
38907.000 38908.000 38945.000 39116.000 
39262.000 39458.000 38971.000 38808.000 
34908.000 35244.000 35503.000 36776.000 
12663.000 13041.000 12796.000 12727.000 
11861.000 11930.000 12166.000 12060.000 
18087.000 17640.000 16861.000 17889.000 
28798.000 28507.000 28483.000 28810.000 
31562.000 31702.000 31368.000 31561.000 
35396.000 34890.000 34985.000 34887.000 
37782.000 37447.000 37475.000 37704.000 
38320.000 38255.000 38207.000 38445.000 
38279.000 38180.000 38096.000 38363.000 
38187.000 38071.000 38402.000 38395.000 
38199.000 37733.000 37623.000 38132.000 
37326.000 37052.000 37244.000 37244.000 
37556.000 37646.000 37401.000 37786.000 
37932.000 38088.000 37488.000 37638.000 
38098.000 37602.000 37918.000 38108.000 
38155.000 38157.000 38021.000 38251.000 
38655.000 38373.000 38467.000 38666.000 
38615.000 38505.000 38488.000 38360.000 
38360.000 38309.000 38426.000 38492.000 
38097.000 37978.000 38167.000 37685.000 
38134.000 37537.000 37664.000 37794.000 
37705.000 37375.000 37659.000 38309.000 
37522.000 37730.000 37926.000 38016.000 
39122.000 38905.000 39315.000 39534.000 
39209.000 38878.000 39091.000 39223.000 
39098.000 38961.000 39210.000 39264.000 
38863.000 38984.000 39336.000 39132.000 
38851.000 39105.000 39072.000 38920.000 
38673.000 38733.000 38784.000 38670.000 
38649.000 38801.000 38841.000 39121.000 
39066.000 39132.000 38999.000 38893.000 
39817.000 39910.000 39999.000 39988.000 
40528.000 40676.000 40336.000 40605.000 
39469.000 39705.000 39830.000 40536.000 
39698.000 40173.000 40610.000 40334.000 
39497.000 39699.000 39798.000 39317.000 
39393.000 39505.000 39678.000 39496.000 
38927.000 38809.000 39240.000 38849.000 
38421.000 38783.000 38650.000 39303.000 
38697.000 38045.000 38203.000 39062.000 
38693.000 38883.000 38333.000 38530.000 
38905.000 39367.000 39402.000 39256.000 
39229.000 39115.000 39281.000 39223.000 
38965.000 38821.000 39456.000 39052.000 
40465.000 39975.000 40336.000 40227.000 
40043.000 39737.000 40023.000 39844.000 
39874.000 40155.000 39490.000 39607.000 
39499.000 40105.000 40006.000 39656.000 
39174.000 39291.000 39826.000 39580.000 
39265.000 39256.000 39005.000 39325.000 
39396.000 39215.000 39249.000 39750.000 
39285.000 39555.000 39848.000 39131.000 
39843.000 39827.000 39660.000 39129.000 
39117.000 39432.000 39406.000 39470.000 
39102.000 39285.000 39455.000 39490.000 
38773.000 38383.000 38472.000 38694.000 
38876.000 38482.000 38764.000 38569.000 
38586.000 38076.000 38955.000 38315.000 
38089.000 38105.000 38233.000 38147.000 
37847.000 38247.000 38173.000 38634.000 
38453.000 38586.000 38336.000 38372.000 
38470.000 38347.000 38384.000 38436.000 
38343.000 38827.000 38934.000 38627.000 
39284.000 39521.000 39500.000 39461.000 
38774.000 38525.000 38741.000 38711.000 
38890.000 38594.000 38918.000 38554.000 
39334.000 38956.000 39289.000 39260.000 
39407.000 39477.000 39353.000 39583.000 
39719.000 40063.000 39913.000 40025.000 
39995.000 39936.000 40011.000 39755.000 
39332.000 39228.000 39463.000 39654.000 
39476.000 39100.000 39272.000 39399.000 
39444.000 39414.000 39323.000 39446.000 
38751.000 38352.000 38578.000 38881.000 
38250.000 38207.000 37958.000 37948.000 
38530.000 37960.000 38317.000 38111.000 
38303.000 38557.000 38449.000 38193.000 
38805.000 39368.000 38795.000 39276.000 
39485.000 39147.000 39041.000 39372.000 
39008.000 38890.000 39089.000 39272.000 
39054.000 39119.000 39053.000 39207.000 
39305.000 39282.000 39373.000 39456.000 
39709.000 39410.000 39793.000 39286.000 
39888.000 39566.000 40240.000 39799.000 
39583.000 39593.000 39290.000 39831.000 
39293.000 38892.000 39003.000 39547.000 
39546.000 39195.000 39350.000 39564.000 
39558.000 39409.000 39752.000 40100.000 
39465.000 39660.000 39742.000 39961.000 
39260.000 38871.000 39304.000 39570.000 
39558.000 39215.000 39612.000 39656.000 
38819.000 39360.000 39291.000 38986.000 
39400.000 38806.000 39256.000 38654.000 
38599.000 38518.000 38577.000 38355.000 
38666.000 39060.000 38595.000 39036.000 
39159.000 39271.000 39294.000 39357.000 
39279.000 39579.000 39698.000 39868.000 
38857.000 39083.000 39126.000 39396.000 
39650.000 39303.000 39738.000 39612.000 
39370.000 38826.000 39697.000 39299.000 
39284.000 38990.000 38980.000 39167.000 
39072.000 38876.000 39211.000 39048.000 
15429.000 15510.000 15244.000 17034.000 
12357.000 12446.000 12395.000 12499.000 
12205.000 12692.000 12713.000 12764.000 
26276.000 26103.000 26174.000 25970.000 
28709.000 28389.000 29156.000 29047.000 
29620.000 29193.000 29391.000 29520.000 
30161.000 30716.000 30964.000 30760.000 
32145.000 32082.000 32160.000 32212.000 
34711.000 35000.000 35111.000 35094.000 
36974.000 37201.000 37320.000 37074.000 
38672.000 38683.000 38808.000 38947.000 
39089.000 38859.000 38654.000 38963.000 
38096.000 38339.000 38188.000 38212.000 
37932.000 38137.000 38107.000 38014.000 
37954.000 38191.000 37701.000 37683.000 
38058.000 38162.000 38012.000 38039.000 
38331.000 38065.000 38052.000 38124.000 
38158.000 37999.000 38543.000 38439.000 
38610.000 38417.000 38211.000 38491.000 
39184.000 38546.000 38812.000 38716.000 
39270.000 38937.000 38918.000 38980.000 
38683.000 38633.000 38418.000 38702.000 
38205.000 38369.000 38422.000 38022.000 
37995.000 37666.000 37744.000 37852.000 
37641.000 37470.000 37449.000 37713.000 
37641.000 37797.000 37696.000 37340.000 
37503.000 37419.000 37475.000 37608.000 
38794.000 38848.000 38837.000 38618.000 
39661.000 39381.000 39837.000 39641.000 
40105.000 39531.000 39775.000 39917.000 
40397.000 39650.000 40064.000 40086.000 
39604.000 39504.000 39757.000 39545.000 
38287.000 38998.000 39030.000 38756.000 
38616.000 38400.000 38841.000 38573.000 
38353.000 38271.000 38417.000 38338.000 
37669.000 37498.000 38424.000 37980.000 
38256.000 38457.000 37834.000 38064.000 
39151.000 38939.000 39154.000 38863.000 
39810.000 39437.000 39740.000 39454.000 
40239.000 39770.000 39962.000 40086.000 
39719.000 39713.000 39870.000 39244.000 
38988.000 38983.000 39061.000 38794.000 
39098.000 38889.000 38894.000 39462.000 
38878.000 38916.000 39103.000 39141.000 
38646.000 38688.000 39071.000 39072.000 
38711.000 38554.000 38302.000 38611.000 
38362.000 38515.000 38833.000 38703.000 
38478.000 38705.000 38806.000 38050.000 
39090.000 38671.000 38379.000 38803.000 
39971.000 39321.000 39130.000 39189.000 
39235.000 39281.000 38970.000 39299.000 
37341.000 37638.000 38194.000 37449.000 
37208.000 37268.000 37367.000 37185.000 
36944.000 36813.000 36863.000 37191.000 
37381.000 37230.000 37167.000 37387.000 
38119.000 38578.000 38797.000 38040.000 
38887.000 39063.000 39270.000 39027.000 
38277.000 38604.000 38505.000 38579.000 
38374.000 38412.000 39005.000 38623.000 
38790.000 38501.000 38629.000 38374.000 
38002.000 37478.000 38191.000 38038.000 
38370.000 38494.000 38274.000 38018.000 
37980.000 37654.000 37903.000 38540.000 
37126.000 37839.000 37729.000 37848.000 
36959.000 36972.000 37009.000 37312.000 
36770.000 36631.000 36662.000 36619.000 
37176.000 36967.000 37005.000 37111.000 
36653.000 37032.000 36331.000 37249.000 
37297.000 37317.000 37470.000 37332.000 
38633.000 38709.000 38344.000 38132.000 
39488.000 40074.000 39945.000 39493.000 
39184.000 38864.000 39125.000 38822.000 
38118.000 38681.000 38140.000 38146.000 
38345.000 38332.000 38424.000 38536.000 
38186.000 38462.000 38508.000 38044.000 
38488.000 38574.000 38739.000 38592.000 
38185.000 38440.000 38244.000 38341.000 
38777.000 38876.000 38799.000 39215.000 
39062.000 38933.000 39084.000 38608.000 
38601.000 38666.000 38240.000 38386.000 
38742.000 38812.000 38201.000 38744.000 
38765.000 38969.000 38651.000 39470.000 
37801.000 37850.000 37724.000 37548.000 
37209.000 37727.000 37598.000 37579.000 
37480.000 37189.000 37294.000 37055.000 
36815.000 37227.000 36988.000 37039.000 
37521.000 37521.000 37358.000 37442.000 
37752.000 37315.000 37318.000 37290.000 
37666.000 37855.000 38230.000 38362.000 
39090.000 38924.000 39034.000 39163.000 
39529.000 39781.000 39643.000 40031.000 
39020.000 39301.000 38764.000 39341.000 
38702.000 38872.000 38510.000 38485.000 
38377.000 38405.000 38258.000 38425.000 
39355.000 39455.000 39587.000 39488.000 
39573.000 39528.000 39722.000 39797.000 
39729.000 39775.000 40343.000 39494.000 
39765.000 39558.000 40347.000 39577.000 
40373.000 40348.000 40433.000 39998.000 
40782.000 40578.000 41054.000 40958.000 
38669.000 38828.000 38985.000 38658.000 
37804.000 37803.000 37550.000 37658.000 
36079.000 32463.000 36006.000 32615.000 
12887.000 12899.000 12730.000 12942.000 
12370.000 12437.000 11904.000 12063.000 
14877.000 15290.000 14844.000 15227.000 
28505.000 29089.000 28830.000 28869.000 
33526.000 33865.000 33766.000 33898.000 
37152.000 37202.000 37031.000 37140.000 
37779.000 37402.000 37339.000 37288.000 
37349.000 37589.000 37667.000 37700.000 
37645.000 37558.000 37613.000 37737.000 
37863.000 38215.000 38028.000 38112.000 
38116.000 38210.000 38458.000 38039.000 
38401.000 38670.000 38521.000 38681.000 
38517.000 38980.000 38766.000 38799.000 
39311.000 39575.000 39302.000 39317.000 
38854.000 39441.000 38663.000 38910.000 
38281.000 38773.000 38727.000 38687.000 
38064.000 37998.000 37726.000 38260.000 
37324.000 37552.000 37460.000 37715.000 
37344.000 37287.000 37169.000 37538.000 
37600.000 37399.000 37579.000 37165.000 
38270.000 38007.000 38239.000 37900.000 
38568.000 38869.000 38464.000 38546.000 
38553.000 38800.000 38586.000 38609.000 
38366.000 38778.000 38424.000 38596.000 
38337.000 38352.000 38161.000 38251.000 
37586.000 37876.000 37985.000 37959.000 
37286.000 37321.000 37266.000 37247.000 
37445.000 37271.000 37685.000 37581.000 
37203.000 37507.000 37493.000 37851.000 
37483.000 37740.000 37893.000 37930.000 
37561.000 37307.000 37382.000 37352.000 
37995.000 37874.000 37257.000 37510.000 
38668.000 38812.000 38037.000 38400.000 
38714.000 38572.000 38548.000 38458.000 
38354.000 38430.000 38687.000 38422.000 
38295.000 38426.000 38759.000 38436.000 
38170.000 38246.000 38077.000 37982.000 
38307.000 38620.000 38050.000 38410.000 
37774.000 37816.000 37896.000 38109.000 
37935.000 37899.000 37799.000 38147.000 
38972.000 38689.000 38579.000 38752.000 
38778.000 38818.000 38825.000 38664.000 
38797.000 38812.000 39017.000 38830.000 
38117.000 38184.000 38402.000 37659.000 
37592.000 37912.000 37585.000 37595.000 
37441.000 37717.000 37667.000 37680.000 
39025.000 38760.000 38688.000 39004.000 
38701.000 37868.000 38141.000 38394.000 
38796.000 38571.000 38829.000 38623.000 
39120.000 38393.000 38966.000 39196.000 
38865.000 39010.000 38601.000 38654.000 
39367.000 39839.000 39174.000 39566.000 
39836.000 40089.000 39498.000 39644.000 
39351.000 39084.000 38986.000 39483.000 
38649.000 38469.000 38245.000 38704.000 
38030.000 38331.000 38199.000 38286.000 
38267.000 38226.000 38006.000 38441.000 
37485.000 38000.000 38237.000 38169.000 
38794.000 38614.000 38446.000 38506.000 
38931.000 39224.000 38842.000 38860.000 
39601.000 39967.000 39253.000 39283.000 
39321.000 39947.000 39520.000 39602.000 
39402.000 39614.000 39681.000 39271.000 
39420.000 39149.000 39267.000 39403.000 
38636.000 38568.000 38909.000 39160.000 
38812.000 38501.000 38659.000 38706.000 
38833.000 38949.000 38689.000 38804.000 
38702.000 39206.000 39096.000 39276.000 
38940.000 38871.000 39221.000 38950.000 
39104.000 39074.000 39856.000 39644.000 
39831.000 39752.000 39812.000 39975.000 
40753.000 40396.000 40203.000 40506.000 
39408.000 39941.000 39571.000 39468.000 
38927.000 38469.000 38712.000 38582.000 
38987.000 39074.000 39063.000 39064.000 
38660.000 38705.000 38842.000 38709.000 
38093.000 38079.000 37959.000 38156.000 
38670.000 38529.000 38679.000 38085.000 
38843.000 38458.000 38388.000 38269.000 
38375.000 38979.000 38669.000 38517.000 
39320.000 39060.000 38748.000 38917.000 
39142.000 38764.000 38863.000 39474.000 
39248.000 38669.000 39026.000 38957.000 
38813.000 38314.000 38627.000 38585.000 
38493.000 38731.000 38515.000 38481.000 
38254.000 38634.000 38502.000 38059.000 
39335.000 38952.000 38577.000 38996.000 
38975.000 38855.000 38747.000 38737.000 
38278.000 38150.000 37947.000 38038.000 
37797.000 37562.000 37637.000 38065.000 
38545.000 38264.000 38607.000 38903.000 
39349.000 39427.000 39600.000 40078.000 
38979.000 39406.000 39244.000 38956.000 
38666.000 38857.000 38799.000 38331.000 
38130.000 38371.000 38182.000 37518.000 
37716.000 38170.000 37940.000 37633.000 
37611.000 37140.000 38088.000 37745.000 
37651.000 37620.000 37690.000 37510.000 
37528.000 37385.000 37558.000 37668.000 
38745.000 38879.000 39058.000 38370.000 
39370.000 39761.000 39497.000 38890.000 
39267.000 39262.000 39127.000 39440.000 
29356.000 26428.000 29924.000 29216.000 
13315.000 12754.000 12882.000 12784.000 
12203.000 12348.000 12447.000 12274.000 
24452.000 24209.000 25059.000 26156.000 
29946.000 30461.000 30332.000 30733.000 
34015.000 34324.000 33746.000 34325.000 
37247.000 37060.000 37124.000 37309.000 
37890.000 37731.000 38058.000 37625.000 
38491.000 38227.000 38212.000 38260.000 
39839.000 39306.000 39156.000 39446.000 
39935.000 39709.000 40445.000 40078.000 
39722.000 39560.000 39985.000 39414.000 
38576.000 38087.000 38626.000 38747.000 
38800.000 38781.000 38863.000 38967.000 
37802.000 38011.000 37673.000 38118.000 
37875.000 37952.000 38058.000 38385.000 
38010.000 37821.000 37582.000 38237.000 
38036.000 38201.000 38320.000 38628.000 
38900.000 38716.000 38806.000 38465.000 
39221.000 38673.000 39499.000 39183.000 
39809.000 39435.000 39888.000 39591.000 
39238.000 39417.000 39460.000 39724.000 
38809.000 38670.000 38653.000 39058.000 
38424.000 38305.000 38451.000 38474.000 
38531.000 38047.000 38362.000 38567.000 
37851.000 38386.000 38147.000 38356.000 
38850.000 38786.000 38850.000 38616.000 
39505.000 39285.000 39741.000 39857.000 
39704.000 39183.000 39687.000 39572.000 
39686.000 39459.000 39690.000 39891.000 
39452.000 39686.000 40060.000 39542.000 
38866.000 39048.000 38925.000 38999.000 
38992.000 38663.000 38854.000 39123.000 
38298.000 38236.000 38538.000 38571.000 
38450.000 38109.000 37937.000 38413.000 
38504.000 38507.000 38866.000 38199.000 
38599.000 38701.000 38627.000 38613.000 
38924.000 38593.000 39568.000 38959.000 
37899.000 37494.000 38033.000 37613.000 
37786.000 37511.000 37984.000 37511.000 
38376.000 37774.000 38346.000 38314.000 
38642.000 38684.000 38676.000 38534.000 
38856.000 38764.000 38831.000 39030.000 
38693.000 38311.000 38756.000 38765.000 
38683.000 38723.000 38876.000 38969.000 
38915.000 38747.000 39166.000 39035.000 
38647.000 39012.000 38952.000 39027.000 
39429.000 39543.000 39805.000 39488.000 
39298.000 39296.000 39746.000 39517.000 
39228.000 39765.000 39428.000 39626.000 
39267.000 39047.000 38867.000 39124.000 
38402.000 38258.000 39391.000 38399.000 
38373.000 38459.000 38833.000 38646.000 
38490.000 38699.000 38608.000 38315.000 
38485.000 38037.000 38314.000 38263.000 
37592.000 37374.000 37760.000 38048.000 
37804.000 37775.000 38078.000 38014.000 
38548.000 38759.000 38898.000 39104.000 
39334.000 39955.000 39926.000 40005.000 
39261.000 39361.000 39423.000 39756.000 
38123.000 37905.000 38030.000 37762.000 
38032.000 37520.000 37842.000 37510.000 
37649.000 37842.000 37707.000 37581.000 
37571.000 38051.000 37214.000 37512.000 
39221.000 39108.000 38739.000 39513.000 
39627.000 39552.000 39635.000 39858.000 
39194.000 39033.000 39444.000 39543.000 
39202.000 39280.000 38935.000 39010.000 
38885.000 39040.000 39567.000 39337.000 
38345.000 38555.000 38548.000 38870.000 
38762.000 38790.000 38792.000 38771.000 
37800.000 37328.000 37583.000 37404.000 
37138.000 37043.000 36927.000 37037.000 
37019.000 37319.000 36877.000 37247.000 
37412.000 36994.000 37520.000 37835.000 
37501.000 37715.000 37491.000 37445.000 
37556.000 37481.000 38019.000 37372.000 
38092.000 38523.000 38449.000 37829.000 
38722.000 39273.000 39187.000 38771.000 
38877.000 39368.000 39051.000 38553.000 
38909.000 38822.000 38699.000 38847.000 
39057.000 39156.000 39071.000 39085.000 
38903.000 38821.000 38993.000 38831.000 
38601.000 39070.000 38903.000 38951.000 
38509.000 38473.000 38465.000 38462.000 
37972.000 38278.000 38477.000 38516.000 
38728.000 38260.000 38581.000 38744.000 
38812.000 38893.000 38750.000 39112.000 
38897.000 38818.000 38547.000 39538.000 
38350.000 38297.000 38496.000 39043.000 
39036.000 38942.000 39349.000 38986.000 
39203.000 39271.000 39113.000 39413.000 
39016.000 38660.000 39082.000 39378.000 
38798.000 38325.000 38997.000 38770.000 
37020.000 37286.000 37398.000 38080.000 
37854.000 37133.000 37521.000 37653.000 
37972.000 37539.000 37833.000 37062.000 
37562.000 37591.000 37592.000 37556.000 
37745.000 37638.000 37582.000 37836.000 
39233.000 38179.000 38486.000 38777.000 
39729.000 39010.000 39296.000 39170.000 
39193.000 39195.000 39146.000 39500.000 
39311.000 39120.000 39081.000 39240.000 
13809.000 13529.000 13191.000 13381.000 
12389.000 12583.000 11907.000 12627.000 
12461.000 12403.000 12205.000 12225.000 
22739.000 23109.000 22127.000 22306.000 
28760.000 29141.000 28992.000 29134.000 
32389.000 31757.000 32217.000 31848.000 
34994.000 35420.000 34922.000 35119.000 
37518.000 37967.000 37691.000 37969.000 
38374.000 38344.000 38263.000 38600.000 
39146.000 38884.000 38837.000 39291.000 
39706.000 39196.000 39595.000 39552.000 
40089.000 40421.000 39963.000 39678.000 
39467.000 39075.000 39139.000 39293.000 
39265.000 39133.000 39374.000 39417.000 
39228.000 39047.000 38981.000 38982.000 
39010.000 39026.000 39382.000 39027.000 
38639.000 38496.000 38031.000 38242.000 
38887.000 38854.000 38815.000 38713.000 
39199.000 39603.000 39116.000 39149.000 
39661.000 39404.000 39700.000 39455.000 
39825.000 39351.000 39469.000 39450.000 
39971.000 39991.000 39717.000 39573.000 
39883.000 40096.000 39429.000 40013.000 
39177.000 39677.000 39234.000 39591.000 
39527.000 39240.000 39260.000 38919.000 
39037.000 39091.000 39416.000 39018.000 
39157.000 39160.000 38984.000 39178.000 
39649.000 39280.000 39725.000 39317.000 
39482.000 39445.000 39641.000 39093.000 
40411.000 40180.000 40486.000 40124.000 
40390.000 40223.000 40301.000 40496.000 
39550.000 39317.000 39431.000 39501.000 
39002.000 39080.000 39171.000 39074.000 
38447.000 38904.000 38676.000 38333.000 
39095.000 39057.000 38990.000 38938.000 
38221.000 38741.000 38513.000 38511.000 
38322.000 38737.000 38486.000 38772.000 
38645.000 38471.000 38516.000 38602.000 
39492.000 39239.000 39275.000 39346.000 
40349.000 40636.000 40845.000 40560.000 
40151.000 40015.000 40124.000 40008.000 
39968.000 40433.000 39822.000 40257.000 
39378.000 39790.000 39534.000 39786.000 
38465.000 38186.000 38509.000 38653.000 
38712.000 38522.000 38688.000 38468.000 
38411.000 39148.000 38648.000 38606.000 
37910.000 38143.000 38476.000 38317.000 
38891.000 38964.000 39174.000 38579.000 
39008.000 38692.000 38423.000 38807.000 
37613.000 37538.000 37437.000 37574.000 
37879.000 38277.000 38082.000 38045.000 
38573.000 38834.000 38594.000 38658.000 
38514.000 38561.000 38288.000 38315.000 
38645.000 38748.000 38819.000 38853.000 
39002.000 38829.000 39142.000 39596.000 
38785.000 38916.000 38540.000 38427.000 
39463.000 39719.000 39288.000 38807.000 
39043.000 39244.000 39178.000 39088.000 
39130.000 39124.000 39199.000 38960.000 
39482.000 39185.000 39081.000 39006.000 
38981.000 39011.000 39309.000 38951.000 
38552.000 38849.000 38747.000 38972.000 
38933.000 39124.000 39293.000 39196.000 
38903.000 38886.000 38586.000 38750.000 
39732.000 39920.000 39865.000 39853.000 
39961.000 39822.000 39778.000 39898.000 
39290.000 39488.000 39616.000 39620.000 
39427.000 39313.000 39406.000 39558.000 
39754.000 39569.000 39698.000 39601.000 
39352.000 39280.000 39151.000 39177.000 
38893.000 38702.000 38663.000 38876.000 
38471.000 38622.000 39109.000 38582.000 
38772.000 39204.000 38735.000 38927.000 
39210.000 39362.000 39445.000 39462.000 
39835.000 39481.000 39747.000 39613.000 
39058.000 39120.000 39004.000 38880.000 
39121.000 39042.000 38886.000 38815.000 
39040.000 39179.000 39235.000 39389.000 
38872.000 39025.000 38890.000 38892.000 
39238.000 39052.000 38890.000 38867.000 
39425.000 39953.000 39494.000 39237.000 
38659.000 39251.000 39127.000 39404.000 
39415.000 39574.000 39782.000 39749.000 
39738.000 39442.000 39450.000 39544.000 
39312.000 39072.000 39198.000 39083.000 
38086.000 38861.000 38822.000 38902.000 
38927.000 38360.000 38667.000 37952.000 
38534.000 38613.000 38138.000 38554.000 
38263.000 38172.000 38016.000 38555.000 
38115.000 38319.000 38162.000 38398.000 
38513.000 38664.000 38174.000 38490.000 
38920.000 39116.000 39149.000 39487.000 
39281.000 39767.000 39958.000 40009.000 
39998.000 40131.000 40280.000 40173.000 
39813.000 39610.000 39725.000 40006.000 
39727.000 39529.000 39723.000 39161.000 
38851.000 38709.000 38552.000 38715.000 
39145.000 38694.000 38863.000 38782.000 
38852.000 38761.000 38908.000 38763.000 
38792.000 38847.000 38879.000 38786.000 
38475.000 38558.000 38473.000 38583.000 
39395.000 39335.000 39057.000 39173.000 
16756.000 17564.000 16516.000 16267.000 
12244.000 12344.000 12388.000 12509.000 
11875.000 12309.000 12345.000 12469.000 
19203.000 19884.000 19907.000 22713.000 
31294.000 30996.000 31383.000 31622.000 
36690.000 36413.000 36706.000 37092.000 
38257.000 38756.000 38689.000 38514.000 
38475.000 38437.000 38608.000 38913.000 
39225.000 39450.000 39304.000 39557.000 
39390.000 39667.000 39978.000 39886.000 
39644.000 39403.000 39989.000 39964.000 
39189.000 39079.000 39202.000 38918.000 
38999.000 38991.000 38709.000 39122.000 
39035.000 38744.000 39225.000 38590.000 
38594.000 38284.000 37872.000 38426.000 
38371.000 37929.000 38051.000 38155.000 
38340.000 38620.000 38341.000 38809.000 
39174.000 38648.000 38777.000 38716.000 
39109.000 39213.000 39528.000 39307.000 
39425.000 39165.000 39321.000 39178.000 
38889.000 39041.000 39014.000 39339.000 
39005.000 38606.000 38945.000 39123.000 
38743.000 38863.000 38780.000 39145.000 
39333.000 39324.000 39552.000 39580.000 
39283.000 39343.000 39217.000 39256.000 
39492.000 39499.000 39332.000 39280.000 
39574.000 39269.000 39758.000 39715.000 
40019.000 39749.000 39835.000 39887.000 
39663.000 39375.000 39402.000 39522.000 
39910.000 39700.000 39484.000 39959.000 
39388.000 39282.000 39852.000 39694.000 
38600.000 38634.000 38621.000 38589.000 
38322.000 38415.000 38356.000 38826.000 
38699.000 38914.000 38591.000 38122.000 
38787.000 39405.000 39092.000 39228.000 
39205.000 39382.000 39630.000 39452.000 
39034.000 38726.000 38807.000 39179.000 
38921.000 38682.000 38861.000 39158.000 
39100.000 39076.000 38711.000 38749.000 
39393.000 39290.000 39113.000 39818.000 
38680.000 38904.000 38762.000 38943.000 
39446.000 39341.000 39743.000 39357.000 
39347.000 39127.000 39142.000 39209.000 
38832.000 38672.000 38803.000 38892.000 
39322.000 39249.000 39745.000 39366.000 
39159.000 39677.000 39213.000 39021.000 
39288.000 39676.000 39205.000 39646.000 
39187.000 39098.000 39026.000 39144.000 
39099.000 39095.000 39309.000 39272.000 
39546.000 39441.000 39461.000 39604.000 
39164.000 39164.000 39050.000 39101.000 
38762.000 38908.000 39109.000 38685.000 
39200.000 38782.000 39161.000 38573.000 
