0 0 0 0
38 38 38 38
75 75 75 75
95 96 97 97
127 126 125 125
159 159 156 156
191 191 188 187
223 223 218 217
255 255 249 247
287 290 279 277
318 324 309 307
348 357 340 337
378 392 371 368
409 427 401 399
440 461 432 430
471 494 462 460
502 528 492 491
532 561 522 522
563 593 551 554
593 628 580 587
622 662 608 621
652 695 637 655
682 730 666 688
712 764 694 719
742 799 723 751
772 834 752 783
803 869 781 815
834 903 810 846
865 938 838 877
896 973 867 909
928 1007 895 940
959 1042 923 971
990 1077 951 1003
1022 1111 979 1034
1053 1145 1007 1065
1085 1180 1036 1096
1116 1214 1066 1128
1147 1248 1094 1158
1177 1282 1123 1190
1207 1316 1152 1221
1237 1350 1183 1252
1268 1384 1213 1283
1298 1419 1243 1313
1328 1454 1274 1343
1358 1488 1304 1374
1389 1521 1335 1405
1420 1554 1366 1436
1451 1586 1397 1466
1481 1619 1428 1497
1512 1652 1459 1529
1543 1684 1490 1559
1574 1716 1521 1591
1605 1747 1552 1622
1637 1779 1583 1653
1669 1810 1615 1685
1700 1842 1647 1717
1730 1874 1680 1749
1761 1905 1714 1780
1792 1936 1748 1810
1822 1966 1781 1841
1853 1996 1815 1871
1883 2026 1849 1902
1913 2056 1882 1933
1943 2086 1916 1965
1973 2114 1950 1996
2004 2145 1984 2027
2034 2176 2018 2058
2064 2207 2052 2089
2094 2238 2087 2119
2123 2268 2120 2149
2153 2299 2154 2180
2184 2329 2189 2212
2214 2360 2222 2242
2244 2389 2259 2273
2274 2419 2295 2303
2304 2449 2331 2333
2334 2478 2367 2362
2363 2508 2403 2391
2394 2537 2440 2421
2424 2567 2476 2452
2453 2596 2512 2481
2483 2627 2549 2510
2512 2657 2585 2540
2541 2687 2623 2569
2571 2716 2659 2598
2601 2746 2696 2628
2629 2776 2733 2658
2659 2806 2769 2688
2688 2836 2806 2719
2717 2865 2842 2748
2746 2896 2879 2778
2775 2925 2916 2806
2806 2956 2953 2836
2835 2985 2989 2865
2867 3015 3025 2895
2899 3044 3061 2924
2930 3073 3096 2953
2962 3101 3132 2982
2994 3130 3168 3010
3027 3158 3203 3040
3061 3187 3238 3069
3089 3212 3267 3095
3119 3239 3296 3122
3147 3266 3324 3149
3186 3299 3362 3184
3220 3329 3397 3216
3255 3357 3430 3249
3289 3386 3463 3281
3322 3414 3494 3314
3355 3443 3525 3347
3389 3472 3555 3380
3422 3503 3586 3412
3454 3533 3616 3444
3487 3565 3646 3476
3519 3594 3677 3509
3550 3626 3708 3542
3581 3659 3737 3574
3610 3692 3767 3606
3641 3725 3797 3637
3673 3758 3827 3667
3703 3791 3857 3698
3735 3824 3887 3730
3767 3859 3917 3760
3797 3893 3947 3791
3828 3926 3978 3822
3859 3959 4007 3854
3890 3992 4037 3885
3921 4026 4068 3916
3951 4059 4097 3949
3982 4091 4127 3981
4013 4124 4157 4013
4043 4159 4187 4045
4073 4190 4216 4078
4104 4223 4247 4110
4135 4255 4277 4143
4165 4288 4306 4176
4196 4321 4335 4208
4228 4354 4365 4240
4257 4387 4394 4272
4288 4420 4424 4304
4318 4454 4454 4337
4348 4486 4483 4369
4379 4518 4513 4402
4409 4552 4543 4435
4439 4584 4574 4469
4470 4617 4603 4501
4499 4650 4633 4534
4529 4682 4663 4567
4560 4714 4693 4599
4590 4747 4723 4631
4620 4780 4752 4664
4613 4776 4744 4658
4606 4771 4737 4654
4617 4783 4745 4665
4616 4786 4746 4670
4615 4786 4744 4670
4612 4787 4742 4671
4611 4788 4742 4674
4609 4789 4741 4674
4608 4788 4742 4675
4607 4787 4743 4676
4608 4787 4745 4677
4608 4785 4746 4676
4608 4783 4748 4675
4607 4781 4749 4675
4609 4781 4751 4675
4609 4778 4753 4673
4611 4777 4755 4672
4612 4778 4758 4669
4614 4775 4761 4666
4617 4771 4765 4661
4619 4770 4768 4657
4621 4767 4771 4654
4623 4765 4775 4652
4626 4762 4777 4652
4627 4759 4781 4649
4628 4756 4784 4646
4629 4754 4786 4645
4630 4751 4790 4644
4631 4747 4794 4642
4631 4744 4797 4640
4632 4742 4801 4639
4633 4738 4805 4636
4634 4734 4809 4636
4636 4731 4814 4634
4636 4727 4818 4632
4638 4723 4820 4630
4639 4720 4825 4629
4642 4717 4829 4627
4645 4712 4833 4625
4648 4709 4834 4624
4649 4705 4837 4623
4652 4700 4840 4624
4656 4695 4842 4623
4658 4691 4844 4622
4660 4688 4845 4621
4661 4686 4848 4620
4662 4686 4850 4620
4664 4683 4851 4619
4666 4679 4853 4617
4667 4678 4854 4617
4669 4676 4856 4615
4670 4675 4857 4615
4660 4664 4853 4603
4658 4663 4852 4603
4654 4656 4848 4597
4657 4655 4843 4599
4664 4658 4840 4605
4668 4658 4836 4609
4672 4659 4834 4612
4675 4660 4830 4616
4678 4660 4825 4618
4682 4659 4822 4620
4684 4659 4819 4620
4687 4660 4816 4622
4687 4659 4814 4623
4690 4658 4812 4624
4692 4657 4809 4625
4695 4656 4804 4627
4697 4656 4803 4630
4700 4656 4798 4632
4702 4656 4793 4634
4704 4656 4790 4636
4706 4657 4782 4638
4708 4657 4777 4640
4711 4657 4771 4642
4713 4658 4765 4645
4717 4658 4761 4648
4718 4659 4757 4650
4721 4658 4752 4651
4723 4659 4748 4654
4725 4657 4743 4657
4728 4657 4739 4659
4731 4658 4734 4660
4734 4659 4730 4661
4736 4658 4725 4662
4741 4659 4721 4662
4743 4659 4719 4662
4748 4660 4713 4662
4750 4661 4710 4663
4754 4660 4705 4664
4756 4662 4700 4666
4758 4661 4696 4665
4762 4663 4692 4666
4762 4663 4688 4666
4763 4664 4685 4667
4767 4665 4683 4668
4767 4667 4679 4669
4767 4669 4675 4672
4767 4672 4672 4671
4765 4673 4670 4673
4770 4678 4673 4677
4773 4681 4677 4680
4777 4684 4681 4683
4773 4681 4676 4679
4770 4681 4674 4677
4767 4683 4674 4675
4765 4684 4674 4674
4764 4686 4675 4670
4764 4687 4677 4667
4762 4689 4679 4664
4762 4688 4680 4662
4763 4688 4682 4660
4763 4687 4686 4659
4762 4688 4689 4656
4763 4686 4689 4653
4765 4683 4693 4652
4769 4681 4695 4650
4770 4678 4697 4650
4771 4675 4700 4650
4773 4672 4703 4649
4774 4669 4705 4647
4775 4664 4708 4647
4777 4660 4711 4647
4779 4657 4712 4646
4781 4654 4716 4644
4783 4650 4717 4644
4785 4646 4718 4643
4788 4643 4723 4640
4789 4641 4725 4638
4792 4639 4727 4636
4794 4634 4731 4634
4796 4633 4735 4631
4797 4631 4736 4630
4798 4630 4738 4627
4802 4627 4741 4624
4803 4623 4746 4622
4804 4620 4747 4621
4808 4618 4751 4620
4810 4615 4753 4617
4813 4611 4756 4614
4816 4609 4760 4612
4817 4608 4761 4608
4820 4604 4764 4606
4822 4602 4765 4601
4823 4600 4769 4599
4827 4597 4771 4597
4830 4595 4773 4594
4832 4594 4776 4592
4834 4591 4778 4590
4837 4588 4781 4587
4839 4584 4785 4586
4842 4583 4787 4584
4843 4580 4789 4580
4845 4577 4793 4577
4847 4575 4793 4576
4846 4564 4781 4567
4847 4562 4781 4565
4845 4559 4786 4565
4846 4558 4796 4568
4847 4555 4803 4569
4846 4553 4807 4570
4847 4550 4811 4571
4846 4548 4814 4572
4845 4544 4818 4572
4841 4541 4822 4572
4840 4540 4823 4574
4839 4538 4825 4576
4837 4535 4827 4580
4835 4533 4828 4582
4833 4533 4828 4585
4831 4531 4829 4587
4830 4529 4829 4590
4828 4527 4831 4594
4826 4526 4832 4593
4827 4524 4832 4595
4827 4522 4833 4597
4827 4519 4834 4598
4827 4517 4835 4599
4827 4515 4834 4599
4828 4514 4836 4601
4828 4511 4837 4602
4827 4509 4837 4604
4826 4509 4839 4603
4824 4508 4840 4605
4823 4506 4840 4608
4822 4505 4842 4610
4821 4504 4842 4611
4818 4502 4843 4612
4817 4503 4843 4614
4815 4502 4845 4616
4814 4501 4845 4619
4812 4500 4845 4620
4809 4499 4847 4624
4810 4499 4846 4626
4809 4497 4847 4629
4809 4495 4845 4633
4809 4492 4844 4634
4809 4490 4844 4635
4808 4490 4843 4638
4809 4488 4843 4640
4808 4487 4844 4642
4808 4488 4843 4643
4818 4496 4848 4657
4820 4495 4849 4656
4826 4499 4853 4663
4824 4498 4857 4662
4818 4493 4858 4655
4814 4492 4860 4654
4812 4490 4862 4652
4810 4489 4862 4650
4809 4491 4863 4649
4808 4491 4863 4649
4808 4491 4862 4649
4809 4492 4862 4649
4809 4493 4860 4650
4809 4493 4858 4651
4810 4493 4857 4651
4809 4493 4858 4651
4811 4494 4856 4650
4810 4493 4857 4650
4809 4494 4857 4648
4812 4493 4857 4648
4811 4493 4859 4647
4812 4493 4858 4648
4812 4493 4857 4650
4812 4493 4857 4650
4812 4494 4857 4650
4812 4494 4854 4650
4811 4495 4853 4651
4813 4495 4851 4651
4815 4496 4849 4652
4814 4497 4847 4653
4815 4496 4844 4657
4814 4496 4842 4658
4814 4498 4841 4660
4813 4498 4839 4662
4813 4497 4835 4665
4812 4497 4834 4666
4815 4498 4831 4668
4813 4498 4829 4669
4814 4497 4828 4672
4813 4497 4825 4677
4813 4496 4824 4679
4814 4497 4823 4681
4813 4497 4819 4684
4811 4497 4817 4686
4812 4497 4814 4689
4813 4496 4812 4690
4812 4496 4810 4693
4813 4496 4807 4695
4813 4496 4805 4698
4813 4496 4802 4700
4813 4498 4801 4703
4811 4497 4797 4704
4812 4497 4794 4707
4813 4498 4791 4709
4815 4498 4788 4710
4810 4490 4772 4704
4808 4492 4769 4704
4805 4491 4764 4701
4807 4497 4769 4708
4807 4500 4769 4711
4807 4502 4768 4712
4808 4504 4766 4714
4807 4505 4765 4716
4805 4507 4763 4716
4804 4508 4763 4718
4802 4509 4763 4717
4801 4510 4764 4718
4799 4511 4765 4719
4797 4511 4766 4719
4795 4511 4766 4720
4793 4512 4767 4719
4791 4513 4770 4719
4789 4513 4770 4719
4787 4515 4772 4719
4785 4516 4774 4719
4783 4517 4773 4719
4783 4518 4774 4719
4780 4518 4774 4720
4779 4518 4773 4720
4778 4519 4774 4720
4777 4519 4777 4720
4775 4519 4777 4721
4772 4519 4779 4721
4771 4521 4779 4722
4768 4522 4782 4721
4766 4522 4783 4721
4763 4522 4785 4723
4760 4521 4785 4724
4757 4522 4786 4725
4756 4522 4788 4728
4753 4523 4790 4728
4752 4523 4789 4732
4750 4522 4789 4735
4747 4522 4789 4737
4744 4523 4789 4739
4741 4522 4788 4742
4739 4522 4789 4746
4737 4522 4789 4748
4734 4522 4788 4750
4731 4520 4789 4752
4729 4520 4791 4755
4726 4520 4790 4758
4723 4519 4793 4761
4726 4527 4809 4771
4725 4523 4811 4773
4727 4521 4809 4776
4726 4516 4802 4776
4726 4514 4797 4777
4726 4512 4794 4778
4725 4511 4791 4780
4725 4509 4790 4782
4726 4510 4786 4784
4727 4510 4783 4786
4727 4509 4784 4789
4726 4509 4782 4789
4726 4510 4781 4789
4727 4510 4781 4790
4727 4509 4782 4790
4728 4510 4782 4791
4727 4510 4783 4790
4727 4511 4780 4789
4726 4510 4780 4791
4724 4510 4780 4793
4722 4511 4780 4794
4720 4512 4780 4796
4717 4512 4780 4799
4715 4514 4780 4801
4713 4514 4780 4803
4711 4514 4780 4805
4709 4515 4780 4807
4708 4515 4779 4809
4707 4516 4777 4811
4706 4518 4777 4810
4704 4519 4776 4811
4704 4518 4775 4813
4705 4520 4773 4815
4703 4520 4773 4817
4701 4520 4773 4817
4700 4521 4772 4816
4700 4522 4771 4815
4699 4524 4769 4813
4697 4524 4772 4813
4695 4526 4772 4810
4694 4527 4774 4807
4693 4528 4775 4807
4692 4529 4778 4807
4691 4531 4780 4804
4689 4533 4782 4803
4687 4534 4782 4801
4686 4534 4784 4800
4685 4536 4786 4798
4684 4537 4788 4798
4682 4539 4789 4796
4682 4540 4790 4793
4682 4541 4792 4794
4681 4542 4792 4792
4679 4544 4792 4791
4678 4539 4791 4783
4670 4534 4787 4778
4666 4532 4786 4774
4661 4528 4784 4768
4664 4531 4787 4769
4670 4532 4789 4769
4673 4534 4791 4767
4675 4535 4792 4766
4677 4536 4791 4766
4678 4535 4791 4764
4680 4536 4792 4762
4681 4535 4792 4761
4682 4535 4793 4760
4684 4535 4792 4759
4685 4536 4793 4757
4685 4537 4795 4754
4687 4538 4796 4752
4688 4537 4793 4752
4690 4537 4794 4752
4691 4538 4794 4749
4692 4538 4794 4747
4692 4539 4794 4746
4695 4538 4794 4744
4695 4538 4795 4742
4696 4538 4795 4742
4697 4537 4794 4741
4698 4537 4794 4740
4700 4538 4794 4738
4700 4538 4795 4737
4699 4537 4795 4737
4703 4538 4795 4736
4704 4539 4795 4734
4705 4540 4796 4731
4706 4540 4796 4730
4706 4540 4795 4729
4707 4540 4797 4726
4707 4541 4796 4725
4708 4542 4798 4724
4708 4543 4799 4723
4710 4542 4799 4722
4710 4543 4800 4720
4710 4543 4800 4718
4710 4544 4801 4716
4712 4543 4801 4713
4712 4545 4803 4711
4713 4545 4804 4709
4714 4545 4805 4707
4713 4546 4806 4705
4720 4554 4820 4713
4723 4553 4821 4713
4727 4554 4825 4717
4725 4549 4819 4710
4725 4547 4818 4709
4726 4545 4815 4708
4727 4543 4813 4707
4730 4542 4813 4706
4732 4541 4813 4706
4734 4539 4811 4705
4738 4539 4810 4706
4739 4539 4806 4706
4742 4539 4802 4705
4744 4540 4799 4707
4747 4541 4797 4706
4750 4541 4793 4706
4753 4541 4789 4707
4755 4542 4786 4708
4756 4542 4784 4708
4760 4541 4781 4709
4762 4540 4779 4709
4763 4541 4777 4710
4765 4542 4775 4710
4767 4542 4772 4711
4770 4542 4768 4712
4772 4541 4763 4711
4775 4542 4762 4711
4778 4542 4759 4712
4780 4542 4756 4712
4784 4541 4752 4713
4786 4541 4749 4714
4789 4542 4745 4713
4792 4544 4743 4712
4795 4545 4739 4712
4797 4544 4737 4710
4800 4544 4733 4710
4802 4545 4732 4708
4806 4546 4730 4705
4810 4547 4730 4704
4813 4546 4729 4702
4816 4547 4727 4700
4818 4549 4724 4697
4821 4551 4722 4696
4824 4551 4720 4694
4826 4553 4718 4691
4830 4553 4715 4690
4834 4554 4713 4688
4838 4555 4712 4686
4840 4556 4709 4683
4842 4559 4707 4681
4845 4562 4705 4678
4847 4565 4702 4674
4850 4567 4700 4672
4853 4569 4697 4669
4857 4570 4695 4666
4846 4568 4682 4657
4847 4570 4682 4655
4845 4568 4674 4651
4855 4572 4676 4654
4862 4572 4675 4654
4868 4571 4673 4653
4872 4571 4671 4652
4876 4572 4668 4652
4879 4572 4666 4650
4882 4572 4663 4649
4886 4573 4661 4648
4889 4573 4660 4646
4893 4574 4657 4644
4897 4574 4654 4643
4901 4575 4652 4642
4904 4575 4649 4640
4908 4576 4648 4638
4909 4577 4645 4635
4913 4578 4643 4634
4917 4578 4642 4631
4919 4579 4639 4630
4922 4579 4638 4628
4924 4580 4638 4628
4928 4582 4634 4625
4930 4586 4632 4624
4931 4587 4630 4620
4933 4589 4627 4618
4937 4592 4623 4616
4939 4595 4620 4614
4941 4598 4618 4613
4943 4600 4614 4613
4945 4604 4610 4611
4948 4606 4606 4611
4951 4609 4602 4612
4951 4611 4598 4611
4953 4616 4593 4610
4954 4617 4588 4611
4956 4619 4584 4610
4959 4622 4580 4611
4960 4624 4578 4610
4961 4627 4574 4609
4961 4629 4570 4609
4962 4632 4567 4609
4960 4634 4565 4611
4959 4637 4562 4609
4960 4639 4561 4609
4961 4641 4559 4609
4960 4648 4560 4616
4967 4654 4565 4620
4968 4660 4566 4622
4973 4668 4569 4627
4968 4667 4566 4623
4964 4668 4564 4621
4961 4669 4562 4621
4958 4670 4561 4620
4956 4671 4561 4618
4955 4673 4562 4618
4954 4674 4562 4617
4954 4677 4561 4616
4950 4680 4560 4616
4949 4683 4560 4615
4949 4685 4559 4614
4949 4687 4559 4613
4947 4688 4558 4613
4945 4691 4559 4611
4943 4695 4558 4609
4942 4696 4558 4609
4941 4698 4558 4609
4940 4700 4558 4608
4938 4702 4558 4607
4939 4705 4558 4605
4939 4707 4559 4604
4938 4709 4559 4603
4937 4711 4558 4602
4933 4713 4558 4602
4931 4716 4557 4602
4929 4719 4557 4601
4925 4722 4557 4601
4924 4724 4555 4601
4923 4727 4554 4600
4922 4729 4553 4600
4922 4731 4552 4600
4923 4734 4551 4600
4921 4735 4551 4599
4920 4737 4550 4597
4919 4739 4549 4597
4918 4742 4550 4596
4918 4743 4550 4594
4917 4746 4550 4593
4917 4746 4549 4595
4915 4747 4548 4595
4916 4747 4548 4596
4916 4747 4548 4596
4915 4747 4548 4595
4915 4747 4547 4596
4914 4747 4548 4596
4913 4747 4548 4596
4913 4747 4548 4596
4913 4747 4547 4596
4913 4747 4547 4595
4912 4747 4548 4598
4911 4747 4547 4599
4911 4747 4540 4593
4902 4742 4535 4589
4899 4740 4534 4586
4894 4738 4535 4586
4892 4743 4544 4591
4888 4746 4550 4594
4885 4748 4555 4594
4879 4751 4558 4595
4875 4753 4562 4595
4871 4755 4563 4594
4868 4756 4566 4594
4865 4757 4568 4593
4860 4760 4569 4592
4857 4762 4571 4592
4855 4763 4573 4592
4853 4763 4575 4593
4850 4766 4578 4590
4846 4767 4580 4589
4843 4770 4584 4590
4840 4771 4585 4588
4837 4773 4586 4588
4834 4774 4588 4587
4829 4777 4590 4586
4827 4777 4592 4585
4825 4779 4595 4585
4823 4781 4596 4585
4822 4782 4600 4583
4821 4783 4600 4582
4820 4784 4601 4580
4819 4784 4602 4580
4817 4783 4604 4580
4816 4783 4604 4578
4815 4783 4606 4578
4815 4782 4608 4578
4817 4781 4612 4577
4815 4780 4614 4575
4812 4780 4615 4575
4811 4779 4616 4576
4809 4780 4618 4576
4805 4779 4619 4577
4803 4779 4620 4577
4802 4778 4620 4579
4800 4779 4623 4580
4798 4778 4627 4580
4796 4778 4628 4581
4794 4779 4630 4581
4793 4777 4633 4582
4789 4777 4635 4583
4801 4780 4648 4590
4801 4779 4649 4590
4805 4781 4657 4592
4796 4779 4655 4585
4790 4780 4658 4585
4785 4780 4659 4583
4782 4781 4661 4582
4778 4782 4664 4581
4774 4781 4666 4581
4772 4781 4669 4580
4769 4780 4673 4580
4767 4779 4676 4581
4764 4778 4680 4583
4761 4777 4683 4584
4757 4776 4685 4585
4755 4775 4688 4585
4752 4773 4689 4586
4752 4773 4693 4587
4749 4772 4695 4588
4746 4773 4696 4588
4744 4773 4699 4588
4743 4772 4703 4588
4744 4771 4701 4587
4742 4770 4704 4586
4741 4766 4707 4586
4742 4765 4709 4587
4743 4765 4711 4586
4743 4761 4713 4585
4744 4758 4717 4586
4743 4755 4720 4586
4744 4752 4723 4585
4744 4748 4725 4585
4743 4747 4729 4585
4741 4743 4731 4584
4743 4742 4736 4584
4744 4739 4738 4586
4744 4737 4740 4584
4743 4734 4743 4584
4742 4732 4747 4583
4742 4729 4747 4583
4743 4726 4750 4583
4744 4724 4753 4582
4744 4721 4755 4581
4748 4718 4757 4580
4751 4715 4758 4581
4751 4712 4759 4580
4753 4710 4761 4580
4755 4707 4765 4579
4757 4705 4765 4578
4759 4702 4768 4577
4759 4698 4769 4576
4759 4696 4771 4578
4758 4693 4772 4579
4759 4689 4775 4580
4758 4687 4777 4582
4745 4678 4771 4573
4743 4678 4772 4574
4736 4671 4769 4572
4735 4668 4772 4578
4737 4666 4778 4586
4736 4663 4782 4593
4733 4660 4785 4599
4730 4656 4786 4602
4728 4654 4786 4605
4726 4651 4788 4609
4724 4647 4789 4614
4723 4646 4790 4618
4720 4645 4791 4621
4718 4642 4792 4623
4717 4640 4794 4627
4712 4637 4794 4630
4710 4635 4795 4633
4708 4633 4797 4636
4706 4631 4797 4641
4706 4628 4798 4646
4705 4624 4798 4651
4704 4621 4798 4654
4704 4618 4798 4658
4702 4615 4799 4660
4701 4612 4799 4664
4699 4610 4800 4666
4697 4608 4802 4669
4694 4606 4803 4672
4694 4604 4803 4675
4691 4602 4804 4678
4690 4600 4804 4682
4688 4598 4804 4684
4687 4598 4804 4689
4686 4595 4806 4691
4684 4594 4806 4693
4681 4593 4807 4696
4678 4592 4807 4698
4675 4592 4807 4700
4672 4591 4807 4705
4670 4590 4809 4708
4666 4591 4809 4710
4664 4590 4810 4713
4661 4589 4810 4716
4658 4588 4810 4720
4655 4588 4810 4723
4652 4587 4811 4723
4650 4588 4813 4725
4646 4588 4821 4735
4652 4593 4826 4741
4651 4596 4828 4746
4653 4599 4827 4749
4653 4594 4819 4746
4653 4590 4814 4747
4653 4588 4811 4749
4655 4584 4808 4751
4656 4582 4804 4754
4656 4581 4803 4759
4656 4579 4801 4762
4657 4579 4799 4765
4656 4577 4797 4768
4656 4576 4795 4772
4655 4574 4793 4774
4654 4573 4792 4776
4653 4571 4790 4781
4653 4571 4789 4784
4653 4569 4785 4788
4654 4567 4783 4793
4655 4566 4782 4795
4656 4565 4779 4799
4657 4563 4778 4802
4657 4562 4775 4805
4657 4560 4773 4808
4656 4558 4771 4812
4655 4557 4767 4816
4654 4556 4767 4820
4653 4554 4766 4826
4652 4554 4765 4827
4651 4555 4763 4829
4650 4554 4762 4832
4649 4554 4760 4835
4647 4554 4758 4838
4643 4554 4755 4841
4641 4554 4754 4845
4642 4555 4753 4847
4641 4556 4752 4851
4639 4556 4750 4853
4639 4557 4750 4854
4638 4557 4750 4856
4636 4558 4750 4858
4636 4558 4747 4859
4634 4559 4744 4863
4634 4559 4742 4865
4632 4559 4740 4867
4631 4561 4737 4870
4631 4563 4735 4872
4631 4562 4731 4874
4631 4563 4729 4876
4630 4563 4726 4879
4630 4563 4723 4883
4629 4562 4720 4884
4629 4563 4719 4886
4628 4563 4716 4888
4626 4563 4714 4883
4620 4560 4706 4877
4619 4562 4703 4876
4624 4560 4701 4881
4630 4562 4700 4885
4635 4563 4697 4886
4638 4564 4695 4888
4641 4563 4693 4887
4644 4565 4690 4888
4646 4565 4688 4889
4647 4564 4684 4891
4649 4565 4680 4891
4651 4566 4678 4893
4653 4564 4676 4894
4653 4564 4672 4896
4653 4563 4670 4899
4653 4561 4667 4902
4655 4563 4665 4904
4654 4562 4663 4906
4655 4560 4661 4910
4654 4561 4660 4913
4653 4561 4657 4915
4653 4562 4654 4917
4653 4562 4652 4919
4652 4562 4651 4921
4653 4561 4648 4924
4653 4563 4646 4925
4655 4563 4642 4927
4653 4562 4640 4928
4653 4562 4639 4932
4654 4563 4636 4933
4655 4562 4632 4936
4655 4562 4632 4938
4654 4561 4630 4941
4655 4561 4626 4944
4656 4561 4624 4947
4656 4560 4621 4947
4656 4560 4620 4952
4656 4560 4618 4954
4655 4559 4615 4955
4655 4561 4611 4958
4655 4560 4611 4960
4656 4560 4608 4963
4656 4560 4607 4965
4656 4560 4604 4966
4657 4560 4602 4967
4657 4561 4599 4968
4658 4561 4596 4970
4671 4568 4603 4982
4673 4566 4601 4983
4679 4572 4603 4988
4680 4572 4600 4985
4679 4571 4594 4978
4680 4571 4589 4974
4681 4572 4586 4970
4685 4573 4585 4969
4688 4574 4585 4969
4690 4575 4583 4969
4692 4575 4582 4965
4694 4574 4581 4964
4696 4573 4581 4964
4698 4573 4580 4963
4699 4573 4578 4962
4703 4574 4577 4961
4704 4573 4575 4960
4708 4574 4573 4959
4710 4573 4574 4957
4713 4574 4573 4955
4714 4574 4574 4951
4717 4574 4574 4949
4718 4573 4573 4947
4721 4573 4574 4946
4722 4573 4574 4945
4724 4573 4573 4944
4727 4574 4573 4942
4728 4572 4572 4940
4730 4572 4572 4941
4732 4571 4572 4940
4733 4570 4572 4938
4735 4569 4572 4938
4735 4567 4571 4936
4736 4568 4568 4937
4737 4568 4569 4936
4740 4568 4568 4935
4742 4568 4569 4934
4746 4567 4569 4936
4748 4567 4567 4933
4750 4567 4565 4931
4753 4566 4564 4931
4755 4567 4562 4930
4758 4566 4561 4929
4760 4567 4561 4928
4762 4566 4561 4926
4766 4566 4559 4924
4769 4565 4558 4924
4771 4565 4557 4922
4773 4564 4556 4921
4775 4563 4556 4921
4777 4561 4555 4919
4778 4560 4554 4919
4782 4560 4553 4917
4784 4560 4553 4916
4786 4560 4551 4916
4782 4555 4542 4898
4784 4553 4543 4892
4782 4549 4540 4885
4783 4545 4544 4890
4786 4542 4552 4895
4788 4538 4556 4897
4789 4534 4561 4900
4790 4530 4564 4900
4791 4526 4567 4902
4792 4521 4570 4903
4795 4517 4573 4902
4796 4513 4577 4901
4796 4509 4579 4902
4797 4504 4582 4900
4799 4501 4584 4900
4801 4498 4587 4900
4802 4494 4588 4900
4804 4491 4591 4898
4807 4486 4594 4898
4810 4483 4596 4898
4811 4480 4597 4897
4813 4476 4602 4895
4815 4473 4604 4894
4816 4471 4606 4893
4818 4472 4608 4890
4820 4472 4610 4886
4822 4470 4612 4883
4825 4470 4613 4880
4827 4469 4613 4878
4830 4468 4613 4874
4833 4468 4613 4872
4835 4468 4613 4869
4838 4468 4612 4867
4840 4467 4612 4864
4842 4467 4612 4861
4847 4466 4612 4858
4849 4465 4612 4857
4853 4464 4612 4855
4857 4463 4612 4852
4859 4462 4612 4851
4861 4464 4613 4849
4863 4463 4613 4847
4865 4463 4615 4845
4868 4461 4615 4841
4871 4461 4614 4839
4876 4460 4614 4837
4881 4459 4615 4834
4888 4458 4614 4838
4900 4461 4619 4842
4905 4459 4620 4843
4904 4459 4619 4837
4901 4458 4617 4831
4899 4457 4617 4827
4898 4456 4618 4823
4900 4458 4619 4821
4900 4458 4620 4819
4901 4458 4621 4818
4903 4459 4622 4816
4902 4458 4623 4812
4904 4456 4625 4811
4905 4457 4626 4809
4907 4456 4626 4807
4907 4456 4628 4804
4909 4457 4630 4802
4908 4456 4630 4800
4910 4456 4631 4799
4911 4457 4632 4795
4911 4458 4632 4794
4912 4458 4633 4792
4913 4458 4634 4791
4913 4459 4635 4789
4914 4460 4635 4788
4915 4460 4636 4786
4916 4460 4636 4785
4914 4461 4637 4786
4914 4462 4637 4783
4916 4463 4638 4780
4916 4462 4639 4781
4916 4462 4641 4778
4917 4463 4640 4777
4918 4464 4639 4776
4918 4464 4641 4773
4918 4464 4642 4771
4918 4466 4643 4771
4918 4467 4642 4767
4921 4467 4642 4766
4921 4468 4643 4764
4923 4467 4644 4762
4924 4468 4644 4761
4924 4468 4644 4759
4925 4469 4644 4757
4927 4470 4644 4755
4927 4471 4646 4753
4926 4472 4647 4751
4928 4474 4648 4749
4929 4475 4647 4748
4929 4476 4648 4746
4930 4475 4649 4743
4930 4475 4651 4741
4931 4476 4651 4740
4932 4477 4652 4738
4933 4477 4652 4737
4933 4471 4652 4736
4929 4460 4650 4722
4928 4458 4651 4718
4925 4464 4650 4719
4923 4474 4654 4723
4922 4482 4653 4725
4919 4488 4652 4727
4918 4490 4652 4726
4915 4492 4652 4728
4913 4496 4651 4728
4909 4498 4650 4728
4907 4501 4649 4728
4904 4503 4649 4726
4903 4506 4647 4727
4901 4508 4648 4727
4899 4511 4649 4727
4896 4513 4648 4728
4894 4514 4650 4727
4891 4517 4653 4728
4887 4517 4654 4728
4884 4519 4655 4728
4881 4520 4656 4727
4879 4520 4658 4728
4877 4520 4660 4727
4875 4521 4662 4727
4874 4521 4664 4728
4872 4520 4668 4729
4869 4520 4669 4728
4867 4520 4673 4729
4864 4519 4672 4730
4860 4520 4674 4727
4859 4519 4678 4727
4856 4520 4680 4727
4854 4520 4683 4726
4852 4519 4686 4728
4849 4520 4688 4727
4848 4519 4691 4727
4846 4518 4694 4728
4842 4519 4696 4728
4839 4519 4698 4727
4838 4519 4700 4726
4836 4519 4703 4727
4835 4519 4705 4726
4833 4519 4707 4726
4831 4519 4709 4728
4829 4519 4712 4727
4826 4518 4712 4727
4824 4519 4716 4727
4828 4523 4728 4744
4826 4523 4728 4749
4828 4526 4733 4754
4827 4528 4731 4748
4825 4530 4726 4743
4823 4534 4723 4740
4822 4537 4719 4736
4821 4541 4718 4735
4820 4546 4717 4733
4820 4548 4715 4731
4817 4551 4714 4731
4817 4554 4712 4730
4814 4557 4712 4728
4812 4561 4711 4729
4810 4564 4711 4729
4808 4567 4710 4727
4806 4570 4712 4727
4804 4573 4710 4728
4801 4577 4709 4728
4797 4579 4708 4727
4795 4582 4708 4725
4793 4586 4705 4728
4790 4588 4705 4729
4787 4591 4704 4729
4784 4591 4703 4732
4782 4591 4703 4735
4780 4593 4701 4737
4778 4594 4701 4740
4776 4594 4701 4742
4773 4594 4702 4744
4770 4594 4703 4746
4767 4593 4705 4748
4763 4592 4706 4750
4761 4592 4708 4753
4758 4592 4710 4756
4754 4592 4710 4757
4751 4594 4712 4758
4748 4593 4715 4759
4743 4594 4715 4761
4741 4592 4716 4763
4738 4592 4717 4764
4735 4593 4719 4765
4732 4593 4718 4768
4731 4594 4718 4772
4728 4594 4718 4773
4722 4596 4720 4776
4718 4597 4719 4779
4713 4597 4719 4782
4708 4597 4720 4786
4704 4598 4720 4789
4700 4600 4721 4792
4696 4601 4721 4796
4692 4601 4721 4800
4689 4602 4719 4803
4685 4601 4719 4806
4675 4594 4711 4800
4672 4594 4710 4800
4664 4589 4705 4796
4660 4589 4703 4796
4661 4598 4703 4803
4659 4604 4702 4807
4657 4610 4700 4810
4655 4615 4698 4813
4652 4617 4696 4815
4650 4621 4695 4816
4646 4624 4693 4818
4640 4626 4692 4821
4638 4628 4691 4823
4636 4630 4690 4824
4633 4632 4691 4826
4630 4633 4688 4829
4628 4635 4688 4831
4624 4637 4687 4831
4621 4639 4686 4833
4619 4639 4686 4832
4617 4641 4686 4835
4613 4642 4685 4838
4611 4645 4684 4838
4608 4648 4682 4840
4605 4649 4683 4842
4603 4651 4684 4843
4600 4653 4682 4845
4597 4655 4682 4846
4594 4656 4682 4848
4589 4658 4682 4849
4584 4661 4683 4851
4582 4663 4682 4853
4578 4665 4681 4855
4575 4666 4681 4857
4572 4668 4682 4859
4569 4670 4681 4861
4565 4671 4681 4863
4562 4673 4680 4864
4558 4675 4679 4865
4554 4675 4680 4866
4551 4678 4680 4866
4550 4679 4679 4868
4548 4681 4678 4871
4545 4683 4679 4874
4541 4683 4678 4875
4538 4683 4679 4878
4536 4683 4679 4880
4533 4689 4678 4881
4535 4700 4680 4896
4535 4703 4679 4899
4537 4700 4681 4900
4537 4692 4677 4897
4536 4686 4678 4894
4537 4683 4678 4892
4536 4683 4678 4893
4536 4682 4678 4891
4536 4682 4679 4891
4537 4682 4680 4891
4537 4681 4681 4890
4537 4681 4681 4892
4538 4681 4682 4892
4537 4681 4681 4892
4538 4681 4682 4891
4538 4682 4682 4890
4538 4682 4680 4891
4538 4682 4677 4890
4538 4683 4675 4890
4539 4684 4675 4892
4539 4686 4673 4891
4539 4689 4670 4891
4538 4691 4669 4892
4537 4693 4669 4892
4535 4697 4667 4891
4535 4700 4664 4889
4536 4702 4663 4889
4536 4703 4660 4888
4537 4705 4660 4888
4537 4705 4658 4889
4536 4707 4656 4890
4537 4707 4655 4892
4540 4708 4653 4893
4542 4708 4651 4891
4544 4707 4648 4892
4546 4708 4645 4891
4549 4710 4641 4890
4551 4709 4640 4890
4553 4709 4638 4890
4555 4709 4636 4890
4557 4709 4633 4891
4558 4709 4632 4891
4560 4710 4629 4892
4563 4710 4628 4889
4564 4710 4625 4891
4568 4710 4623 4890
4570 4709 4620 4890
4573 4709 4618 4890
4576 4710 4616 4888
4580 4711 4612 4890
4582 4712 4610 4890
4582 4713 4608 4890
4582 4713 4606 4890
4583 4712 4605 4892
4583 4712 4603 4891
4573 4704 4597 4878
4572 4705 4597 4876
4574 4705 4594 4874
4580 4707 4595 4879
4586 4707 4592 4881
4590 4708 4591 4883
4595 4708 4589 4884
4598 4707 4588 4884
4600 4707 4583 4884
4603 4706 4582 4883
4605 4705 4580 4882
4608 4705 4579 4883
4610 4704 4577 4883
4612 4702 4576 4882
4615 4701 4574 4882
4618 4700 4572 4882
4622 4698 4572 4882
4624 4698 4572 4879
4627 4696 4572 4878
4629 4694 4571 4876
4631 4694 4572 4875
4635 4694 4572 4872
4637 4693 4571 4870
4640 4693 4570 4868
4642 4694 4570 4866
4643 4696 4569 4863
4645 4696 4569 4861
4647 4697 4570 4860
4650 4696 4572 4858
4649 4699 4570 4856
4650 4699 4572 4854
4651 4700 4573 4851
4651 4699 4574 4850
4652 4699 4573 4849
4653 4700 4575 4846
4651 4702 4576 4843
4652 4703 4578 4841
4653 4702 4579 4839
4652 4701 4582 4837
4653 4703 4585 4835
4653 4705 4587 4834
4652 4704 4589 4831
4651 4703 4591 4829
4651 4703 4594 4826
4651 4704 4596 4823
4651 4704 4599 4821
4651 4704 4602 4819
4658 4710 4613 4825
4657 4711 4616 4825
4661 4717 4623 4831
4664 4716 4629 4833
4660 4707 4630 4826
4657 4701 4633 4823
4656 4696 4638 4820
4655 4691 4642 4818
4655 4690 4647 4817
4655 4686 4650 4816
4656 4684 4654 4814
4658 4683 4657 4811
4658 4680 4660 4809
4660 4679 4663 4809
4660 4676 4665 4807
4660 4675 4670 4804
4659 4673 4672 4802
4660 4673 4675 4801
4660 4672 4680 4798
4660 4674 4680 4797
4660 4672 4683 4794
4661 4673 4686 4791
4660 4672 4688 4790
4659 4671 4691 4788
4660 4672 4692 4784
4659 4672 4693 4782
4659 4673 4697 4780
4660 4672 4700 4778
4660 4673 4700 4775
4660 4673 4703 4774
4662 4672 4705 4771
4663 4671 4708 4771
4662 4671 4710 4767
4661 4671 4712 4764
4661 4672 4714 4760
4662 4671 4716 4759
4662 4672 4719 4756
4663 4673 4722 4754
4664 4671 4724 4752
4664 4672 4726 4749
4664 4671 4728 4748
4663 4671 4730 4747
4661 4672 4732 4743
4662 4672 4733 4739
4662 4674 4736 4737
4662 4676 4738 4734
4661 4678 4741 4731
4660 4680 4743 4729
4659 4682 4746 4725
4658 4683 4748 4722
4658 4682 4750 4720
4657 4682 4753 4716
4657 4683 4755 4714
4657 4682 4759 4712
4656 4682 4761 4709
4644 4678 4758 4696
4644 4676 4759 4694
4639 4672 4757 4689
4648 4671 4758 4693
4655 4669 4758 4693
4659 4666 4759 4694
4664 4663 4760 4696
4667 4658 4760 4697
4672 4653 4761 4698
4676 4649 4761 4698
4680 4644 4762 4699
4683 4639 4763 4702
4687 4635 4764 4700
4690 4631 4766 4701
4694 4625 4766 4701
4699 4621 4765 4702
4703 4615 4762 4704
4708 4609 4763 4705
4711 4603 4763 4706
4715 4599 4763 4709
4718 4595 4763 4711
4721 4592 4763 4711
4725 4589 4764 4710
4729 4586 4764 4711
4731 4582 4766 4710
4730 4578 4767 4710
4729 4576 4769 4710
4730 4575 4773 4710
4730 4571 4776 4712
4729 4567 4778 4712
4730 4565 4782 4712
4731 4563 4783 4711
4730 4562 4784 4711
4730 4561 4786 4710
4728 4561 4787 4710
4726 4560 4791 4709
4723 4560 4792 4710
4722 4561 4794 4709
4719 4561 4796 4711
4717 4563 4801 4709
4714 4563 4801 4710
4711 4561 4804 4710
4707 4561 4807 4709
4706 4560 4808 4709
4706 4561 4810 4709
4706 4562 4812 4708
4704 4565 4813 4707
4703 4566 4813 4706
4714 4574 4819 4719
4713 4575 4819 4721
4710 4576 4822 4722
4702 4574 4821 4717
4697 4575 4823 4716
4692 4575 4824 4713
4687 4574 4827 4713
4682 4575 4829 4714
4680 4576 4833 4713
4678 4576 4836 4713
4673 4576 4840 4714
4669 4578 4841 4714
4666 4580 4843 4715
4663 4581 4845 4715
4659 4582 4847 4717
4656 4582 4850 4718
4652 4583 4850 4719
4649 4583 4850 4721
4645 4584 4853 4723
4642 4584 4855 4725
4639 4585 4855 4726
4635 4585 4855 4728
4633 4585 4856 4730
4632 4585 4857 4732
4631 4584 4858 4734
4630 4583 4858 4735
4628 4582 4859 4737
4627 4581 4859 4738
4623 4581 4858 4740
4624 4579 4858 4742
4623 4579 4858 4744
4622 4579 4857 4745
4622 4578 4857 4746
4621 4577 4858 4748
4621 4576 4857 4750
4620 4574 4858 4752
4619 4573 4858 4755
4618 4572 4856 4756
4617 4573 4857 4757
4616 4571 4856 4759
4615 4569 4856 4760
4616 4569 4855 4762
4616 4570 4855 4763
4616 4569 4854 4764
4617 4568 4853 4767
4618 4567 4852 4768
4617 4567 4852 4770
4617 4567 4850 4771
4616 4566 4850 4772
4616 4564 4850 4771
4614 4565 4849 4773
4613 4566 4849 4776
4613 4566 4847 4778
4612 4566 4846 4779
4613 4566 4845 4780
4603 4556 4833 4774
4601 4555 4829 4774
4599 4551 4827 4771
4606 4552 4832 4774
4610 4552 4833 4773
4612 4551 4834 4770
4615 4550 4835 4768
4619 4548 4837 4768
4623 4546 4839 4767
4626 4543 4841 4767
4629 4541 4840 4767
4631 4536 4843 4765
4634 4535 4843 4765
4636 4532 4843 4765
4640 4530 4844 4764
4643 4529 4844 4763
4645 4525 4845 4764
4648 4521 4847 4762
4651 4518 4847 4761
4652 4516 4846 4761
4655 4513 4847 4760
4659 4510 4847 4758
4661 4509 4847 4758
4664 4507 4846 4756
4670 4505 4845 4757
4672 4505 4844 4757
4676 4502 4842 4758
4678 4500 4843 4757
4681 4498 4842 4756
4683 4494 4842 4756
4686 4493 4843 4755
4688 4490 4843 4754
4691 4487 4844 4753
4695 4485 4845 4753
4698 4483 4846 4752
4699 4482 4845 4752
4702 4478 4846 4751
4706 4475 4846 4751
4709 4472 4845 4750
4711 4470 4846 4750
4713 4468 4845 4750
4715 4466 4847 4750
4717 4464 4848 4750
4721 4463 4846 4751
4723 4460 4846 4750
4724 4458 4845 4750
4728 4456 4845 4749
4743 4458 4850 4760
4746 4458 4852 4760
4753 4459 4856 4761
4747 4459 4855 4755
4743 4459 4857 4750
4741 4460 4858 4747
4740 4464 4858 4743
4738 4467 4859 4739
4736 4469 4861 4736
4734 4472 4863 4733
4731 4474 4866 4730
4729 4476 4869 4724
4726 4478 4871 4723
4725 4479 4874 4720
4722 4482 4878 4718
4719 4485 4881 4714
4717 4489 4884 4712
4714 4490 4887 4711
4711 4492 4891 4709
4708 4495 4894 4705
4704 4497 4896 4702
4701 4500 4899 4700
4697 4503 4900 4701
4693 4506 4902 4699
4689 4509 4901 4699
4687 4512 4902 4699
4685 4515 4902 4700
4682 4517 4902 4701
4678 4520 4902 4700
4675 4523 4903 4699
4672 4526 4901 4700
4668 4528 4902 4700
4666 4529 4902 4701
4663 4531 4902 4702
4663 4532 4900 4704
4662 4533 4899 4705
4663 4533 4898 4706
4661 4533 4897 4710
4661 4533 4896 4710
4661 4532 4892 4712
4660 4533 4892 4713
4660 4535 4891 4714
4660 4537 4890 4715
4658 4540 4889 4716
4658 4540 4885 4715
4658 4541 4883 4716
4659 4542 4883 4717
4659 4543 4884 4718
4658 4543 4883 4717
4657 4544 4883 4717
4657 4545 4883 4716
4656 4547 4884 4716
4654 4548 4883 4715
4653 4549 4882 4716
4652 4552 4879 4714
4645 4546 4870 4704
4645 4547 4869 4704
4640 4544 4865 4699
4641 4549 4863 4701
4643 4554 4866 4704
4642 4558 4868 4705
4639 4562 4867 4707
4639 4565 4865 4705
4638 4569 4864 4703
4636 4574 4864 4701
4636 4576 4863 4700
4637 4579 4860 4699
4637 4582 4858 4697
4637 4584 4858 4695
4637 4588 4856 4694
4636 4592 4855 4692
4635 4596 4853 4691
4633 4599 4851 4689
4633 4603 4850 4689
4633 4607 4848 4687
4632 4610 4846 4686
4633 4612 4844 4685
4632 4616 4843 4684
4633 4618 4842 4682
4633 4622 4840 4681
4633 4626 4837 4680
4634 4628 4835 4678
4634 4632 4834 4676
4633 4636 4831 4674
4633 4638 4830 4672
4633 4641 4829 4671
4633 4643 4827 4671
4632 4647 4826 4669
4632 4650 4824 4667
4631 4654 4823 4666
4630 4656 4822 4665
4631 4660 4819 4664
4631 4665 4818 4661
4631 4667 4816 4660
4631 4671 4813 4658
4632 4674 4812 4657
4634 4677 4810 4655
4634 4680 4809 4654
4635 4683 4805 4653
4636 4686 4803 4649
4638 4689 4801 4647
4641 4692 4798 4646
4642 4696 4796 4644
4652 4707 4805 4649
4655 4710 4806 4649
4657 4716 4806 4651
4650 4716 4799 4650
4647 4719 4795 4650
4643 4722 4792 4652
4640 4726 4787 4654
4637 4730 4783 4655
4634 4735 4778 4656
4631 4739 4774 4657
4631 4742 4771 4657
4630 4746 4768 4658
4629 4749 4765 4659
4628 4752 4762 4660
4626 4754 4759 4660
4628 4755 4756 4661
4627 4758 4754 4661
4626 4762 4750 4663
4627 4765 4747 4664
4628 4767 4744 4664
4627 4769 4742 4665
4627 4771 4739 4666
4626 4773 4736 4667
4625 4775 4734 4667
4622 4778 4733 4667
4622 4777 4731 4668
4621 4780 4730 4669
4622 4783 4726 4669
4622 4786 4724 4671
4621 4788 4721 4671
4621 4791 4718 4673
4621 4794 4715 4674
4621 4796 4710 4674
4618 4799 4707 4673
4620 4801 4704 4675
4620 4802 4702 4675
4621 4807 4699 4676
4620 4811 4696 4674
4619 4813 4694 4675
4619 4815 4692 4675
4620 4815 4690 4675
4619 4815 4687 4677
4617 4816 4685 4677
4615 4817 4686 4678
4615 4819 4683 4680
4615 4819 4683 4681
4615 4820 4681 4682
4614 4822 4680 4683
4614 4823 4678 4685
4614 4823 4677 4686
4614 4823 4677 4687
4614 4825 4677 4689
4613 4826 4676 4688
4611 4826 4675 4689
4612 4827 4672 4690
4604 4823 4661 4677
4603 4822 4659 4677
4600 4821 4654 4678
4602 4825 4657 4688
4602 4826 4657 4694
4600 4827 4657 4699
4599 4827 4656 4702
4598 4826 4656 4705
4597 4824 4655 4707
4596 4825 4654 4708
4596 4826 4653 4710
4595 4824 4651 4711
4596 4825 4651 4712
4596 4824 4650 4713
4597 4824 4650 4713
4596 4824 4649 4714
4597 4822 4650 4714
4596 4822 4650 4714
4596 4821 4650 4714
4595 4821 4650 4714
4596 4821 4650 4713
4596 4820 4649 4716
4596 4819 4650 4716
4597 4819 4652 4716
4598 4820 4654 4716
4598 4818 4655 4715
4598 4817 4657 4713
4599 4816 4657 4712
4598 4816 4658 4711
4599 4816 4660 4707
4599 4816 4661 4707
4599 4815 4662 4706
4601 4814 4664 4705
4601 4816 4666 4705
4600 4813 4666 4703
4600 4811 4668 4703
4599 4809 4671 4704
4599 4806 4674 4703
4598 4804 4674 4700
4600 4802 4674 4701
4601 4801 4674 4702
4602 4799 4676 4703
4602 4797 4678 4703
4604 4797 4678 4704
4605 4795 4680 4704
4606 4793 4682 4704
4607 4790 4684 4705
4614 4796 4692 4714
4615 4795 4693 4715
4618 4798 4697 4721
4618 4793 4698 4718
4617 4787 4696 4716
4619 4784 4695 4715
4622 4781 4695 4714
4622 4777 4696 4715
4623 4773 4697 4716
4624 4768 4697 4716
4624 4767 4700 4718
4623 4765 4701 4718
4623 4762 4703 4719
4623 4760 4704 4719
4623 4758 4708 4719
4625 4756 4711 4719
4625 4752 4713 4720
4626 4749 4715 4721
4625 4744 4717 4721
4625 4741 4719 4722
4624 4738 4720 4724
4624 4735 4722 4725
4623 4731 4724 4728
4622 4728 4724 4730
4622 4725 4726 4733
4623 4722 4727 4735
4622 4721 4727 4738
4621 4717 4727 4741
4623 4714 4728 4743
4623 4712 4728 4745
4623 4710 4729 4747
4623 4708 4728 4749
4625 4706 4728 4750
4625 4705 4728 4752
4625 4704 4728 4754
4627 4704 4726 4755
4627 4702 4726 4756
4626 4697 4725 4758
4625 4696 4725 4760
4625 4693 4725 4762
4625 4690 4725 4765
4624 4688 4724 4768
4624 4687 4724 4770
4625 4687 4725 4771
4624 4685 4724 4774
4623 4684 4725 4776
4621 4684 4725 4776
4621 4682 4726 4776
4623 4680 4725 4778
4624 4679 4726 4779
4625 4677 4725 4780
4628 4675 4726 4778
4630 4673 4726 4779
4632 4673 4725 4778
4634 4672 4725 4778
4636 4667 4718 4769
4631 4661 4715 4764
4630 4657 4712 4760
4626 4653 4709 4758
4630 4659 4713 4763
4631 4660 4715 4763
4634 4661 4717 4762
4634 4663 4718 4762
4634 4664 4719 4763
4634 4665 4717 4763
4635 4665 4717 4762
4633 4664 4717 4763
4633 4665 4716 4763
4634 4666 4717 4763
4633 4666 4717 4763
4633 4665 4718 4763
4633 4665 4717 4763
4634 4666 4717 4765
4634 4668 4718 4762
4634 4667 4718 4762
4632 4667 4719 4762
4631 4665 4719 4761
4632 4665 4720 4762
4631 4665 4720 4761
4631 4665 4720 4761
4631 4666 4722 4761
4632 4665 4722 4762
4630 4665 4722 4762
4631 4666 4722 4762
4629 4664 4722 4762
4629 4662 4723 4763
4629 4662 4723 4763
4631 4663 4722 4763
4630 4666 4722 4763
4632 4667 4721 4762
4634 4669 4719 4762
4634 4669 4717 4759
4635 4670 4718 4758
4635 4672 4717 4757
4634 4673 4719 4757
4634 4673 4719 4755
4633 4673 4721 4753
4632 4675 4721 4752
4632 4676 4722 4752
4631 4676 4720 4750
4631 4677 4720 4749
4630 4677 4720 4748
4628 4678 4723 4748
4635 4685 4732 4760
4635 4688 4733 4760
4639 4691 4736 4759
4639 4690 4730 4750
4642 4691 4726 4745
4644 4693 4722 4741
4647 4695 4719 4736
4650 4697 4717 4734
4652 4699 4714 4731
4655 4699 4711 4730
4658 4700 4708 4730
4661 4701 4706 4730
4664 4702 4703 4730
4665 4702 4700 4732
4667 4702 4698 4732
4670 4700 4696 4730
4672 4702 4693 4730
4677 4702 4690 4729
4679 4702 4687 4729
4683 4702 4684 4727
4686 4702 4681 4728
4691 4703 4680 4728
4693 4703 4677 4727
4695 4703 4673 4728
4697 4702 4669 4727
4701 4702 4666 4726
4704 4703 4663 4727
4706 4702 4661 4727
4709 4704 4659 4726
4711 4703 4657 4727
4714 4702 4655 4726
4717 4703 4653 4726
4718 4703 4650 4725
4721 4700 4646 4725
4724 4701 4645 4726
4728 4700 4643 4725
4731 4700 4641 4725
4734 4701 4637 4725
4738 4700 4636 4726
4739 4698 4634 4726
4743 4698 4633 4726
4747 4697 4629 4725
4751 4698 4626 4725
4751 4697 4624 4724
4754 4697 4621 4725
4758 4696 4618 4724
4761 4695 4616 4725
4765 4696 4614 4725
4766 4695 4611 4724
4770 4694 4607 4726
4775 4695 4603 4726
4777 4695 4600 4725
4780 4693 4598 4724
4782 4693 4594 4724
4786 4695 4592 4720
4780 4692 4580 4708
4781 4692 4576 4706
4777 4688 4568 4701
4783 4690 4573 4710
4784 4689 4574 4717
4785 4688 4575 4723
4785 4684 4573 4727
4784 4681 4572 4728
4784 4681 4572 4729
4784 4680 4572 4729
4785 4680 4571 4731
4785 4678 4571 4732
4786 4677 4572 4732
4787 4677 4573 4732
4788 4677 4572 4733
4788 4678 4573 4731
4788 4677 4574 4730
4787 4676 4575 4730
4788 4674 4577 4728
4789 4674 4578 4727
4787 4673 4580 4728
4787 4673 4582 4727
4788 4672 4582 4726
4788 4671 4584 4725
4787 4670 4585 4727
4787 4668 4587 4726
4788 4665 4588 4725
4787 4662 4590 4725
4786 4660 4593 4726
4786 4661 4595 4725
4786 4660 4599 4725
4786 4660 4599 4725
4785 4662 4600 4724
4785 4660 4603 4725
4784 4658 4603 4724
4784 4655 4606 4723
4783 4653 4608 4723
4783 4652 4610 4722
4782 4649 4613 4723
4780 4647 4616 4726
4777 4647 4617 4727
4774 4645 4619 4727
4773 4645 4622 4729
4769 4644 4622 4732
4767 4644 4624 4733
4764 4640 4627 4735
4762 4639 4629 4737
4760 4641 4637 4747
4764 4645 4643 4754
4764 4646 4649 4760
4764 4646 4654 4764
4760 4637 4652 4761
4757 4634 4652 4764
