0.000 0.000 0.000 0.000 
6750.000 6000.000 6000.000 6000.000 
6750.000 6000.000 6000.000 6000.000 
6750.000 6000.000 6000.000 6000.000 
6750.000 6000.000 6000.000 6000.000 
6750.000 6000.000 6000.000 6000.000 
6750.000 6000.000 6000.000 6000.000 
6750.000 6000.000 6000.000 6000.000 
6750.000 6000.000 6000.000 6000.000 
6750.000 6000.000 6000.000 6000.000 
6750.000 6000.000 6000.000 6000.000 
6750.000 6000.000 6000.000 6000.000 
6750.000 6000.000 6000.000 6000.000 
6750.000 6000.000 6000.000 6000.000 
6750.000 6000.000 6000.000 6000.000 
6750.000 6000.000 6000.000 6000.000 
6750.000 6000.000 6000.000 6000.000 
6750.000 6000.000 6000.000 6000.000 
6750.000 6000.000 6000.000 6000.000 
6750.000 6000.000 6000.000 6000.000 
6750.000 6000.000 6000.000 6000.000 
6750.000 10470.000 6000.000 6000.000 
6750.000 13666.000 6000.000 6000.000 
6750.000 18406.000 6000.000 6000.000 
6750.000 23232.000 6000.000 6000.000 
6750.000 28026.000 6000.000 6000.000 
6750.000 32725.000 6000.000 6000.000 
6750.000 37456.000 6000.000 6000.000 
6750.000 42282.000 6000.000 6000.000 
6750.000 47083.000 6000.000 6000.000 
6750.000 51846.000 6000.000 6000.000 
6750.000 52364.000 6000.000 6000.000 
6750.000 52364.000 6000.000 6000.000 
6750.000 52364.000 6000.000 6000.000 
6750.000 52364.000 6000.000 6000.000 
6750.000 52364.000 6000.000 6000.000 
6750.000 52364.000 6000.000 6000.000 
6750.000 52364.000 6000.000 6000.000 
6750.000 52364.000 6000.000 6000.000 
6750.000 52364.000 6000.000 6000.000 
6750.000 52364.000 6000.000 6000.000 
6750.000 52364.000 6000.000 6000.000 
6750.000 42255.000 6000.000 6000.000 
6750.000 47055.000 6000.000 6000.000 
6750.000 51665.000 6000.000 6000.000 
6750.000 56591.000 6000.000 6000.000 
6750.000 61341.000 6000.000 6000.000 
6750.000 66061.000 6000.000 6000.000 
6750.000 70853.000 6000.000 6000.000 
6750.000 75593.000 6000.000 6000.000 
6750.000 80257.000 6000.000 6000.000 
6750.000 85146.000 6000.000 6000.000 
6750.000 89844.000 6000.000 6000.000 
6750.000 94592.000 6000.000 6000.000 
6750.000 99427.000 6000.000 6000.000 
6750.000 104122.000 6000.000 6000.000 
6750.000 108855.000 6000.000 6000.000 
6750.000 113653.000 6000.000 6000.000 
6750.000 118517.000 6000.000 6000.000 
6750.000 123151.000 6000.000 6000.000 
6750.000 127936.000 6000.000 6000.000 
6750.000 132788.000 6000.000 6000.000 
6750.000 137373.000 6000.000 6000.000 
6750.000 142115.000 6000.000 6000.000 
6750.000 146925.000 6000.000 6000.000 
6750.000 151677.000 6000.000 6000.000 
6750.000 156488.000 6000.000 6000.000 
6750.000 161231.000 6000.000 6000.000 
6750.000 165977.000 6000.000 6000.000 
6750.000 170755.000 6000.000 6000.000 
6750.000 175459.000 6000.000 6000.000 
6750.000 176397.000 6000.000 6000.000 
6750.000 176397.000 6000.000 6000.000 
6750.000 176397.000 6000.000 6000.000 
6750.000 176397.000 6000.000 6000.000 
6750.000 176397.000 6000.000 6000.000 
6750.000 176397.000 6000.000 6000.000 
6750.000 176397.000 6000.000 6000.000 
6750.000 176397.000 6000.000 6000.000 
6750.000 176397.000 6000.000 6000.000 
6750.000 176397.000 6000.000 6000.000 
6750.000 176397.000 6000.000 6000.000 
6750.000 176397.000 6000.000 6000.000 
6750.000 120958.000 6000.000 6000.000 
6750.000 132289.000 6000.000 6000.000 
6750.000 137111.000 6000.000 6000.000 
6750.000 141692.000 6000.000 6000.000 
6750.000 146523.000 6000.000 6000.000 
6750.000 151313.000 6000.000 6000.000 
6750.000 155970.000 6000.000 6000.000 
6750.000 160888.000 6000.000 6000.000 
6750.000 165616.000 6000.000 6000.000 
6750.000 170069.000 6000.000 6000.000 
6750.000 174943.000 6000.000 6000.000 
6750.000 179726.000 6000.000 6000.000 
6750.000 184366.000 6000.000 6000.000 
6750.000 189249.000 6000.000 6000.000 
6750.000 194027.000 6000.000 6000.000 
6750.000 198607.000 6000.000 6000.000 
6750.000 203382.000 6000.000 6000.000 
6750.000 208111.000 6000.000 6000.000 
6750.000 212930.000 6000.000 6000.000 
6750.000 217666.000 6000.000 6000.000 
6750.000 222520.000 6000.000 6000.000 
6750.000 226869.000 6000.000 6000.000 
6750.000 231682.000 6000.000 6000.000 
6750.000 236518.000 6000.000 6000.000 
6750.000 241209.000 6000.000 6000.000 
6750.000 246023.000 6000.000 6000.000 
6750.000 250847.000 6000.000 6000.000 
6750.000 255617.000 6000.000 6000.000 
6750.000 260405.000 6000.000 6000.000 
6750.000 260479.000 6000.000 6000.000 
6750.000 260479.000 6000.000 6000.000 
6750.000 260479.000 6000.000 6000.000 
6750.000 260479.000 6000.000 6000.000 
6750.000 195028.000 6000.000 6000.000 
6750.000 191257.000 6000.000 6000.000 
6750.000 196056.000 6000.000 6000.000 
6750.000 200409.000 6000.000 6000.000 
6750.000 203105.000 6000.000 6000.000 
6750.000 207741.000 6000.000 6000.000 
6750.000 212295.000 6000.000 6000.000 
6750.000 216308.000 6000.000 6000.000 
6750.000 219807.000 6000.000 6000.000 
6750.000 224034.000 6000.000 6000.000 
6750.000 227030.000 6000.000 6000.000 
6750.000 231409.000 6000.000 6000.000 
6750.000 234100.000 6000.000 6000.000 
6750.000 236675.000 6000.000 6000.000 
6750.000 239887.000 6000.000 6000.000 
6750.000 243180.000 6000.000 6000.000 
6750.000 245955.000 6000.000 6000.000 
6750.000 248463.000 6000.000 6000.000 
6750.000 250962.000 6000.000 6000.000 
6750.000 253421.000 6000.000 6000.000 
6750.000 255793.000 6000.000 6000.000 
6750.000 258149.000 6000.000 6000.000 
6750.000 258223.000 6000.000 6000.000 
6750.000 258223.000 6000.000 6000.000 
6750.000 258223.000 6000.000 6000.000 
6750.000 258223.000 6000.000 6000.000 
6750.000 201796.000 6000.000 6000.000 
6750.000 184136.000 6000.000 6000.000 
6750.000 188328.000 6000.000 6000.000 
6750.000 190536.000 6000.000 6000.000 
6750.000 193271.000 6000.000 6000.000 
6750.000 195905.000 6000.000 6000.000 
6750.000 198335.000 6000.000 6000.000 
6750.000 200522.000 6000.000 6000.000 
6750.000 202806.000 6000.000 6000.000 
6750.000 203019.000 6000.000 6000.000 
6750.000 203019.000 6000.000 6000.000 
6750.000 203019.000 6000.000 6000.000 
6750.000 203019.000 6000.000 6000.000 
6750.000 203019.000 6000.000 6000.000 
6750.000 203019.000 6000.000 6000.000 
6750.000 203019.000 6000.000 6000.000 
6750.000 203019.000 6000.000 6000.000 
6750.000 203019.000 6000.000 6000.000 
6750.000 203019.000 6000.000 6000.000 
6750.000 203019.000 6000.000 6000.000 
6750.000 203019.000 6000.000 6000.000 
6750.000 203019.000 6000.000 6000.000 
6750.000 203019.000 6000.000 6000.000 
6750.000 203019.000 6000.000 6000.000 
6750.000 203019.000 6000.000 6000.000 
6750.000 203019.000 6000.000 6000.000 
6750.000 203019.000 6000.000 6000.000 
6750.000 203019.000 6000.000 6000.000 
6750.000 203019.000 6000.000 6000.000 
6750.000 203019.000 6000.000 6000.000 
6750.000 203019.000 6000.000 6000.000 
6750.000 203019.000 6000.000 6000.000 
6750.000 203019.000 6000.000 6000.000 
6750.000 203019.000 6000.000 6000.000 
6750.000 203019.000 6000.000 6000.000 
6750.000 203019.000 6000.000 6000.000 
6750.000 203019.000 6000.000 6000.000 
6750.000 203019.000 6000.000 6000.000 
6750.000 203019.000 6000.000 6000.000 
6750.000 203019.000 6000.000 6000.000 
6750.000 203019.000 6000.000 6000.000 
6750.000 203019.000 6000.000 6000.000 
6750.000 203019.000 6000.000 6000.000 
6750.000 203019.000 6000.000 6000.000 
6750.000 203019.000 6000.000 6000.000 
6750.000 203019.000 6000.000 6000.000 
6750.000 203019.000 6000.000 6000.000 
6750.000 203019.000 6000.000 6000.000 
6750.000 203019.000 6000.000 6000.000 
6750.000 203019.000 6000.000 6000.000 
6750.000 203019.000 11020.000 6000.000 
6750.000 203019.000 11764.000 6000.000 
6750.000 203019.000 12175.000 6000.000 
6750.000 203019.000 15994.000 6000.000 
6750.000 203019.000 20801.000 6000.000 
6750.000 203019.000 25652.000 6000.000 
6750.000 203019.000 30402.000 6000.000 
6750.000 203019.000 35121.000 6000.000 
6750.000 203019.000 39806.000 6000.000 
6750.000 203019.000 44671.000 6000.000 
6750.000 203019.000 45119.000 6000.000 
6750.000 203019.000 45119.000 6000.000 
6750.000 203019.000 45119.000 6000.000 
6750.000 203019.000 45119.000 6000.000 
6750.000 203019.000 45119.000 6000.000 
6750.000 203019.000 45119.000 6000.000 
6750.000 203019.000 45119.000 6000.000 
6750.000 203019.000 45119.000 6000.000 
6750.000 203019.000 45119.000 6000.000 
6750.000 203019.000 45119.000 6000.000 
6750.000 203019.000 45119.000 6000.000 
6750.000 203019.000 45119.000 6000.000 
6750.000 203019.000 45119.000 6000.000 
6750.000 203019.000 45119.000 6000.000 
6750.000 203019.000 45119.000 6000.000 
6750.000 203019.000 45119.000 6000.000 
6750.000 203019.000 45119.000 6000.000 
6750.000 203019.000 45119.000 6000.000 
6750.000 203019.000 45119.000 6000.000 
6750.000 203019.000 45119.000 6000.000 
6750.000 203019.000 45119.000 6000.000 
6750.000 203019.000 45119.000 6000.000 
6750.000 203019.000 45119.000 6000.000 
6750.000 203019.000 45119.000 6000.000 
6750.000 203019.000 45119.000 6000.000 
6750.000 203019.000 45119.000 6000.000 
6750.000 203019.000 45119.000 6000.000 
6750.000 203019.000 45119.000 6000.000 
6750.000 203019.000 45119.000 6000.000 
6750.000 203019.000 45119.000 6000.000 
6750.000 203019.000 45119.000 6000.000 
6750.000 203019.000 45119.000 6000.000 
6750.000 203019.000 45119.000 6000.000 
6750.000 203019.000 45119.000 6000.000 
6750.000 203019.000 45119.000 6000.000 
6750.000 203019.000 45119.000 6000.000 
6750.000 203019.000 45119.000 6000.000 
6750.000 203019.000 45119.000 6000.000 
6750.000 203019.000 45119.000 6000.000 
6750.000 203019.000 45119.000 6000.000 
6750.000 203019.000 45119.000 6000.000 
6750.000 203019.000 45119.000 6000.000 
6750.000 203019.000 45119.000 6000.000 
6750.000 203019.000 45119.000 6000.000 
6750.000 203019.000 45119.000 6000.000 
6750.000 203019.000 45119.000 6000.000 
6750.000 203019.000 45119.000 6000.000 
6750.000 203019.000 45119.000 6000.000 
6750.000 203019.000 45119.000 6000.000 
6750.000 203019.000 45119.000 6000.000 
6750.000 203019.000 45119.000 6000.000 
6750.000 203019.000 45119.000 6000.000 
6750.000 203019.000 45119.000 6000.000 
6750.000 203019.000 45119.000 6000.000 
6750.000 203019.000 45119.000 6000.000 
6750.000 203019.000 45119.000 6000.000 
6750.000 203019.000 45119.000 6000.000 
6750.000 203019.000 45119.000 6000.000 
6750.000 203019.000 45119.000 6000.000 
6750.000 203019.000 45119.000 6000.000 
6750.000 203019.000 45119.000 6000.000 
6750.000 203019.000 45119.000 6000.000 
6750.000 203019.000 45119.000 6000.000 
6750.000 203019.000 45119.000 6000.000 
6750.000 203019.000 45119.000 6000.000 
6750.000 203019.000 45119.000 6000.000 
6750.000 203019.000 45119.000 6000.000 
6750.000 203019.000 45119.000 6000.000 
6750.000 203019.000 45119.000 6000.000 
6750.000 203019.000 45119.000 6000.000 
6750.000 203019.000 45119.000 6000.000 
6750.000 203019.000 45119.000 6000.000 
6750.000 203019.000 20595.000 6000.000 
6750.000 203019.000 12537.000 6000.000 
6750.000 203019.000 11893.000 6000.000 
6750.000 203019.000 11807.000 6000.000 
6750.000 203019.000 11738.000 6000.000 
6750.000 203019.000 11737.000 6000.000 
6750.000 203019.000 11813.000 6000.000 
6750.000 203019.000 11786.000 6000.000 
6750.000 203019.000 11755.000 6000.000 
6750.000 203019.000 11720.000 6000.000 
6750.000 203019.000 11871.000 6000.000 
6750.000 203019.000 11773.000 6000.000 
6750.000 203019.000 11786.000 6000.000 
6750.000 203019.000 11837.000 6000.000 
6750.000 203019.000 11813.000 6000.000 
6750.000 203019.000 11755.000 6000.000 
6750.000 203019.000 11775.000 6000.000 
6750.000 203019.000 11866.000 6000.000 
6750.000 203019.000 11847.000 6000.000 
6750.000 203019.000 11801.000 6000.000 
6750.000 203019.000 11773.000 6000.000 
6750.000 203019.000 11773.000 6000.000 
6750.000 32015.000 11773.000 6000.000 
6750.000 15539.000 11773.000 6000.000 
6750.000 20295.000 11773.000 6000.000 
6750.000 25057.000 11773.000 6000.000 
6750.000 29819.000 11773.000 6000.000 
6750.000 34464.000 11773.000 6000.000 
6750.000 39140.000 11773.000 6000.000 
6750.000 43852.000 11773.000 6000.000 
6750.000 45117.000 11773.000 6000.000 
6750.000 45117.000 11773.000 6000.000 
6750.000 45117.000 11773.000 6000.000 
6750.000 45117.000 11773.000 6000.000 
6750.000 45117.000 11773.000 6000.000 
6750.000 45117.000 11773.000 6000.000 
6750.000 45117.000 11773.000 6000.000 
10470.000 45117.000 11773.000 6000.000 
11770.000 45117.000 11773.000 6000.000 
11881.000 45117.000 11773.000 6000.000 
11844.000 45117.000 11773.000 6000.000 
11772.000 45117.000 11773.000 6000.000 
11700.000 45117.000 11773.000 6000.000 
11859.000 45117.000 11773.000 6000.000 
11811.000 45117.000 11773.000 6000.000 
11762.000 45117.000 11773.000 6000.000 
11715.000 45117.000 11773.000 6000.000 
11697.000 45117.000 11773.000 6000.000 
11763.000 45117.000 11773.000 6000.000 
11735.000 45117.000 11773.000 6000.000 
11749.000 45117.000 11773.000 6000.000 
11749.000 45117.000 11773.000 6000.000 
11749.000 45117.000 11773.000 6000.000 
11749.000 45117.000 11773.000 6000.000 
11749.000 45117.000 11773.000 6000.000 
11749.000 45117.000 11773.000 6000.000 
11749.000 45117.000 11773.000 6000.000 
11749.000 45117.000 11773.000 6000.000 
11749.000 45117.000 11773.000 6000.000 
11749.000 45117.000 11773.000 6000.000 
11611.000 45117.000 11773.000 6000.000 
11805.000 45117.000 11773.000 6000.000 
11743.000 45117.000 11773.000 6000.000 
11859.000 45117.000 11773.000 6000.000 
11835.000 45117.000 11773.000 6000.000 
11791.000 45117.000 11773.000 6000.000 
11750.000 45117.000 11773.000 6000.000 
11726.000 45117.000 11773.000 6000.000 
11640.000 45117.000 11773.000 6000.000 
11829.000 45117.000 11773.000 6000.000 
11652.000 45117.000 11773.000 6000.000 
11652.000 45117.000 11773.000 6000.000 
11652.000 45117.000 11773.000 6000.000 
11652.000 45117.000 11773.000 6000.000 
11652.000 45117.000 11773.000 6000.000 
11652.000 45117.000 11773.000 6000.000 
11652.000 45117.000 11773.000 6000.000 
11652.000 45117.000 11773.000 6000.000 
11652.000 45117.000 11773.000 6000.000 
11652.000 45117.000 11773.000 6000.000 
11624.000 45117.000 11773.000 6000.000 
11677.000 45117.000 11773.000 6000.000 
17891.000 45117.000 11773.000 6000.000 
18730.000 45117.000 11773.000 6000.000 
19218.000 45117.000 11773.000 6000.000 
19442.000 45117.000 11773.000 6000.000 
18770.000 45117.000 11773.000 6000.000 
18749.000 45117.000 11773.000 6000.000 
19037.000 45117.000 11773.000 6000.000 
18942.000 45117.000 11773.000 6000.000 
19464.000 45117.000 11773.000 6000.000 
19464.000 15005.000 11773.000 6000.000 
19464.000 14378.000 11773.000 6000.000 
19464.000 18931.000 11773.000 6000.000 
19464.000 23738.000 11773.000 6000.000 
19464.000 28543.000 11773.000 6000.000 
19464.000 33290.000 11773.000 6000.000 
19464.000 38087.000 11773.000 6000.000 
19464.000 42898.000 11773.000 6000.000 
19464.000 47659.000 11773.000 6000.000 
19464.000 51946.000 11773.000 6000.000 
19464.000 51946.000 11773.000 6000.000 
19464.000 51946.000 11773.000 6000.000 
19464.000 51946.000 11773.000 6000.000 
19464.000 51946.000 11773.000 6000.000 
19464.000 51946.000 11773.000 6000.000 
19464.000 51946.000 11773.000 6000.000 
19464.000 51946.000 11773.000 24591.000 
19464.000 51946.000 11773.000 25612.000 
19464.000 51946.000 11773.000 18181.000 
19464.000 51946.000 11773.000 19120.000 
19464.000 51946.000 11773.000 19120.000 
19464.000 51946.000 11773.000 19120.000 
19464.000 51946.000 11773.000 19120.000 
19464.000 51946.000 11773.000 19120.000 
19464.000 51946.000 11773.000 19120.000 
19464.000 51946.000 11773.000 19120.000 
19464.000 51946.000 11773.000 19120.000 
19464.000 51946.000 11773.000 19120.000 
19464.000 51946.000 11773.000 19120.000 
19464.000 51946.000 11773.000 19120.000 
19464.000 51946.000 11773.000 19120.000 
19464.000 51946.000 11773.000 19120.000 
19464.000 51946.000 11773.000 19120.000 
19464.000 51946.000 11773.000 19120.000 
19464.000 51946.000 11773.000 19120.000 
19464.000 51946.000 11773.000 19120.000 
19464.000 51946.000 11773.000 19120.000 
19464.000 51946.000 11773.000 19120.000 
19464.000 51946.000 11773.000 19120.000 
19464.000 51946.000 12277.000 19120.000 
19464.000 51946.000 12805.000 19120.000 
19464.000 51946.000 12805.000 19120.000 
19464.000 51946.000 12805.000 19120.000 
19464.000 51946.000 12805.000 19120.000 
19464.000 51946.000 12805.000 19120.000 
19464.000 51946.000 12805.000 19120.000 
19464.000 51946.000 12805.000 19120.000 
19464.000 51946.000 12805.000 19120.000 
19464.000 51946.000 12805.000 19120.000 
19464.000 51946.000 12805.000 19120.000 
19464.000 51946.000 12805.000 19120.000 
19464.000 51946.000 12805.000 19120.000 
19464.000 51946.000 12805.000 19120.000 
19464.000 51946.000 12805.000 19120.000 
19464.000 51946.000 12805.000 19120.000 
19464.000 51946.000 12805.000 19120.000 
19464.000 51946.000 12805.000 19120.000 
19464.000 51946.000 12805.000 19120.000 
19464.000 51946.000 12805.000 19120.000 
19464.000 51946.000 12805.000 19120.000 
19464.000 51946.000 12805.000 19120.000 
19464.000 51946.000 12805.000 19120.000 
19464.000 51946.000 12805.000 19120.000 
19464.000 51946.000 12805.000 19120.000 
19464.000 51946.000 12805.000 19120.000 
19464.000 51946.000 12805.000 19120.000 
19464.000 51946.000 12805.000 19120.000 
19464.000 51946.000 12805.000 19120.000 
19464.000 51946.000 12805.000 19120.000 
19464.000 51946.000 12805.000 19120.000 
19464.000 51946.000 12805.000 14263.000 
19464.000 51946.000 12805.000 18798.000 
19464.000 51946.000 12805.000 19013.000 
19464.000 51946.000 12805.000 18842.000 
19464.000 51946.000 12805.000 19131.000 
19464.000 51946.000 12805.000 19326.000 
19464.000 51946.000 12805.000 18761.000 
19464.000 51946.000 12805.000 18801.000 
19464.000 51946.000 12805.000 19070.000 
19464.000 51946.000 12805.000 19388.000 
19464.000 51946.000 12805.000 19217.000 
19464.000 51946.000 12805.000 19217.000 
19464.000 51946.000 12805.000 19217.000 
19464.000 51946.000 12805.000 19217.000 
19464.000 51946.000 12805.000 19217.000 
19464.000 51946.000 12805.000 19217.000 
19464.000 51946.000 12805.000 19217.000 
19464.000 51946.000 12805.000 19217.000 
19464.000 51946.000 12805.000 19217.000 
19464.000 51946.000 12805.000 19217.000 
19464.000 51946.000 12805.000 14406.000 
19464.000 51946.000 12805.000 18459.000 
19464.000 51946.000 12805.000 19038.000 
19464.000 51946.000 12805.000 18877.000 
19464.000 51946.000 12805.000 19547.000 
19464.000 51946.000 12805.000 19122.000 
19464.000 51946.000 12805.000 18891.000 
19464.000 51946.000 12805.000 18998.000 
19464.000 51946.000 12805.000 19448.000 
19464.000 51946.000 12805.000 18785.000 
19464.000 51946.000 12805.000 18737.000 
19464.000 51946.000 12805.000 18949.000 
19464.000 51946.000 12805.000 19323.000 
19464.000 51946.000 12805.000 18668.000 
19464.000 51946.000 12805.000 18704.000 
19464.000 51946.000 12805.000 19304.000 
19464.000 51946.000 12805.000 19413.000 
19464.000 51946.000 12805.000 18641.000 
19464.000 51946.000 12805.000 19266.000 
19464.000 51946.000 12805.000 19187.000 
19464.000 51946.000 12805.000 19071.000 
19464.000 51946.000 12805.000 19179.000 
19464.000 51946.000 12805.000 19065.000 
19464.000 51946.000 12805.000 18977.000 
19464.000 51946.000 12805.000 19725.000 
19464.000 51946.000 12805.000 19019.000 
19464.000 51946.000 12805.000 14221.000 
19464.000 51946.000 12805.000 11850.000 
19464.000 51946.000 12805.000 11716.000 
19464.000 51946.000 12805.000 11733.000 
19464.000 51946.000 12805.000 13989.000 
19464.000 51946.000 12805.000 13989.000 
19464.000 51946.000 12805.000 13989.000 
19464.000 51946.000 12805.000 13989.000 
19464.000 51946.000 12805.000 13989.000 
19464.000 51946.000 12805.000 13989.000 
19464.000 51946.000 12805.000 13989.000 
19464.000 51946.000 12805.000 13989.000 
19464.000 51946.000 12805.000 13989.000 
19464.000 51946.000 12805.000 13989.000 
19464.000 51946.000 12805.000 13989.000 
19464.000 51946.000 12805.000 13989.000 
19464.000 51946.000 12805.000 13989.000 
19464.000 51946.000 12805.000 13989.000 
19464.000 51946.000 12805.000 13989.000 
19464.000 51946.000 12805.000 13989.000 
19464.000 51946.000 12805.000 13989.000 
19464.000 51946.000 12805.000 13989.000 
19464.000 51946.000 12805.000 13989.000 
19464.000 51946.000 12805.000 13989.000 
19464.000 51946.000 12805.000 13989.000 
19464.000 51946.000 12805.000 13989.000 
19464.000 51946.000 12805.000 13989.000 
19464.000 51946.000 12805.000 13989.000 
19464.000 51946.000 12805.000 13989.000 
19464.000 51946.000 12805.000 13989.000 
19464.000 51946.000 12805.000 13989.000 
19464.000 51946.000 12805.000 13989.000 
19464.000 51946.000 12805.000 13989.000 
19464.000 51946.000 12805.000 13989.000 
19464.000 51946.000 12805.000 13989.000 
19464.000 51946.000 12805.000 13989.000 
19464.000 51946.000 12805.000 13989.000 
19464.000 51946.000 12805.000 13989.000 
19464.000 51946.000 12805.000 13989.000 
19464.000 51946.000 12805.000 13989.000 
19464.000 51946.000 12805.000 13989.000 
19464.000 51946.000 12805.000 13989.000 
19464.000 51946.000 12805.000 13989.000 
19464.000 51946.000 12805.000 13989.000 
19464.000 51946.000 12805.000 13989.000 
19464.000 51946.000 12805.000 13989.000 
19464.000 51946.000 12805.000 13989.000 
19464.000 51946.000 12805.000 13989.000 
19464.000 51946.000 12805.000 13989.000 
19464.000 51946.000 12805.000 13989.000 
19464.000 51946.000 12805.000 13989.000 
19464.000 51946.000 12805.000 13989.000 
19464.000 51946.000 12805.000 13989.000 
19464.000 51946.000 12805.000 13989.000 
19464.000 51946.000 12805.000 13989.000 
19464.000 51946.000 12805.000 13989.000 
19464.000 51946.000 12805.000 13989.000 
19464.000 51946.000 12805.000 13989.000 
19464.000 51946.000 12805.000 13989.000 
19464.000 51946.000 12805.000 13989.000 
19464.000 51946.000 12805.000 13989.000 
19464.000 51946.000 12805.000 13989.000 
19464.000 51946.000 12805.000 13989.000 
19464.000 51946.000 12805.000 13989.000 
19464.000 51946.000 12805.000 13989.000 
19464.000 51946.000 12805.000 13989.000 
19464.000 15956.000 12805.000 13989.000 
19464.000 12733.000 12805.000 13020.000 
19464.000 12545.000 12805.000 12587.000 
19464.000 12545.000 12805.000 12298.000 
19464.000 12545.000 12805.000 12118.000 
19464.000 12545.000 12805.000 11970.000 
19464.000 12545.000 12805.000 11745.000 
19464.000 12545.000 12805.000 11805.000 
19464.000 12545.000 12805.000 11850.000 
19464.000 12545.000 12805.000 11885.000 
19464.000 12545.000 12805.000 11678.000 
19464.000 12545.000 12805.000 11753.000 
19464.000 12727.000 12805.000 11811.000 
19464.000 12221.000 12805.000 11730.000 
19464.000 12559.000 12805.000 11639.000 
19464.000 12499.000 12805.000 11723.000 
19464.000 12467.000 12805.000 11788.000 
19464.000 12525.000 12805.000 11814.000 
19464.000 12525.000 12805.000 11838.000 
19464.000 12525.000 12805.000 11838.000 
19464.000 12525.000 12805.000 11858.000 
19464.000 12525.000 12805.000 11876.000 
19464.000 12525.000 12805.000 11795.000 
19464.000 12525.000 12805.000 11734.000 
19464.000 12525.000 12805.000 11687.000 
19464.000 12525.000 12805.000 11601.000 
19464.000 12525.000 12805.000 11569.000 
19464.000 12525.000 12805.000 11545.000 
19464.000 12834.000 12805.000 11602.000 
19464.000 12834.000 12805.000 11570.000 
19464.000 12834.000 12805.000 11624.000 
19464.000 12834.000 12805.000 11712.000 
19464.000 12834.000 12805.000 11623.000 
19464.000 12834.000 12805.000 11711.000 
19464.000 12834.000 12805.000 11622.000 
19464.000 12834.000 12805.000 11669.000 
19464.000 12834.000 12805.000 11747.000 
19464.000 12834.000 12805.000 11778.000 
19464.000 12834.000 12805.000 11806.000 
19464.000 12834.000 12805.000 11830.000 
19464.000 12834.000 12805.000 11635.000 
19464.000 12834.000 12805.000 11556.000 
19464.000 12834.000 12805.000 11611.000 
19464.000 12834.000 12805.000 11660.000 
19464.000 12834.000 12805.000 11740.000 
19464.000 12834.000 12805.000 11772.000 
19464.000 12834.000 12805.000 11800.000 
19464.000 12834.000 12805.000 11700.000 
19464.000 12834.000 12805.000 11613.000 
19464.000 12834.000 12805.000 11661.000 
19464.000 12834.000 12805.000 11703.000 
19464.000 12834.000 12805.000 11740.000 
19464.000 12834.000 12805.000 11801.000 
19464.000 12834.000 12805.000 11701.000 
19464.000 12834.000 12805.000 11613.000 
19464.000 12834.000 12805.000 11662.000 
19464.000 12834.000 12805.000 11704.000 
19464.000 12834.000 12805.000 11741.000 
19464.000 12834.000 12805.000 11773.000 
19464.000 12834.000 12805.000 11801.000 
19464.000 12834.000 12805.000 11826.000 
19464.000 12834.000 12805.000 11848.000 
19464.000 12834.000 12805.000 11867.000 
19464.000 12834.000 12805.000 11758.000 
19464.000 12834.000 12805.000 11789.000 
19464.000 12834.000 12805.000 11815.000 
19464.000 12834.000 12805.000 11713.000 
19464.000 12834.000 12805.000 11713.000 
19464.000 12834.000 12805.000 11749.000 
19464.000 17112.000 12805.000 11780.000 
19464.000 17112.000 12805.000 11780.000 
19464.000 17112.000 12805.000 11780.000 
19464.000 17112.000 12805.000 11780.000 
19464.000 17112.000 12805.000 11780.000 
19464.000 17112.000 12805.000 11683.000 
19464.000 17112.000 12805.000 11722.000 
19464.000 17112.000 12805.000 11757.000 
19464.000 17112.000 12805.000 11787.000 
19464.000 17112.000 12805.000 11689.000 
19464.000 17112.000 12805.000 11728.000 
19464.000 17112.000 12805.000 11728.000 
19464.000 17112.000 12805.000 11728.000 
19464.000 17112.000 12805.000 11728.000 
19464.000 17112.000 12805.000 11637.000 
19464.000 17112.000 12805.000 11722.000 
19464.000 17112.000 12805.000 11756.000 
19464.000 17112.000 12805.000 11662.000 
19464.000 17112.000 12805.000 11741.000 
19464.000 17112.000 12805.000 11773.000 
19464.000 17112.000 12805.000 11802.000 
18531.000 17112.000 12867.000 11739.000 
17715.000 17112.000 12867.000 11771.000 
16266.000 17112.000 12867.000 11800.000 
15141.000 17112.000 12867.000 11700.000 
14748.000 17112.000 12867.000 11770.000 
14104.000 17112.000 12867.000 11799.000 
13611.000 17112.000 12867.000 11824.000 
13409.000 17112.000 12867.000 11721.000 
13233.000 17112.000 12867.000 11756.000 
12944.000 17112.000 12867.000 11786.000 
12944.000 17112.000 12867.000 11813.000 
12944.000 17112.000 12800.000 11813.000 
12944.000 17112.000 12105.000 11813.000 
12944.000 17112.000 11963.000 11813.000 
12944.000 17112.000 11963.000 11711.000 
12826.000 17112.000 11963.000 11830.000 
12826.000 17112.000 11963.000 11692.000 
12826.000 17112.000 11963.000 11730.000 
12826.000 17112.000 11963.000 11668.000 
12507.000 17112.000 11963.000 11778.000 
12444.000 15914.000 11963.000 11851.000 
12444.000 15914.000 11963.000 11869.000 
12444.000 15914.000 11963.000 11814.000 
12444.000 15914.000 11963.000 11820.000 
12444.000 15914.000 12073.000 11843.000 
12444.000 15914.000 12073.000 11843.000 
12444.000 15914.000 12073.000 11674.000 
12444.000 15914.000 12073.000 11689.000 
12444.000 15914.000 12073.000 11731.000 
12444.000 15914.000 12073.000 11717.000 
12444.000 15914.000 12073.000 11810.000 
12263.000 15914.000 12073.000 11793.000 
12230.000 15914.000 12073.000 11607.000 
12201.000 15914.000 12073.000 11737.000 
12176.000 15914.000 12073.000 11673.000 
12176.000 15914.000 11914.000 11781.000 
12176.000 15914.000 11914.000 11832.000 
12176.000 15914.000 11914.000 11871.000 
12029.000 15914.000 11914.000 11901.000 
12022.000 15914.000 11914.000 11924.000 
12019.000 15914.000 11914.000 11942.000 
11890.000 12967.000 11914.000 11955.000 
11778.000 12967.000 11914.000 11966.000 
11681.000 12967.000 11914.000 11966.000 
11521.000 12967.000 11914.000 11966.000 
11456.000 12967.000 11914.000 11970.000 
11456.000 12967.000 11862.000 11970.000 
11456.000 12967.000 11827.000 11970.000 
11456.000 12967.000 11827.000 11970.000 
11583.000 12967.000 11827.000 11873.000 
11646.000 12967.000 11827.000 11800.000 
11709.000 12967.000 11827.000 11758.000 
11733.000 12967.000 11827.000 11814.000 
11796.000 11858.000 11827.000 11838.000 
11863.000 11933.000 11827.000 11838.000 
11812.000 11821.000 11827.000 11838.000 
11778.000 11734.000 11827.000 11838.000 
11705.000 11721.000 11827.000 11838.000 
11665.000 11815.000 11827.000 11838.000 
11743.000 11742.000 11827.000 11838.000 
11803.000 11843.000 11827.000 11838.000 
11615.000 11813.000 11827.000 11838.000 
11705.000 11786.000 11827.000 11838.000 
11540.000 11943.000 11827.000 11838.000 
11472.000 12290.000 11827.000 11838.000 
11596.000 12370.000 11827.000 11838.000 
11690.000 11890.000 11827.000 11838.000 
11729.000 11918.000 11827.000 11838.000 
11792.000 11918.000 11722.000 11838.000 
11818.000 11918.000 12544.000 11838.000 
11818.000 11918.000 12263.000 11838.000 
11818.000 11918.000 12263.000 11838.000 
11841.000 11918.000 12263.000 11838.000 
11769.000 11918.000 12263.000 11838.000 
11713.000 11918.000 12263.000 11750.000 
11624.000 11918.000 12263.000 11809.000 
11712.000 11918.000 12263.000 11854.000 
11780.000 11918.000 12263.000 11763.000 
11831.000 13007.000 12263.000 11818.000 
11852.000 13007.000 12263.000 11861.000 
11887.000 13007.000 12263.000 11893.000 
11901.000 13007.000 12263.000 11907.000 
11815.000 13007.000 12263.000 11928.000 
11838.000 13007.000 12263.000 11945.000 
11766.000 13007.000 12263.000 11958.000 
11795.000 13007.000 12263.000 11958.000 
11734.000 13007.000 12263.000 11958.000 
11767.000 13007.000 12263.000 11838.000 
11796.000 12356.000 12263.000 11766.000 
11822.000 12109.000 12263.000 11671.000 
11822.000 12132.000 12263.000 11748.000 
11822.000 12187.000 12263.000 11807.000 
11822.000 12162.000 12263.000 11831.000 
11844.000 11796.000 12263.000 11831.000 
11783.000 12238.000 12263.000 11831.000 
11873.000 11774.000 12263.000 11831.000 
11819.000 11802.000 12263.000 11831.000 
11753.000 11802.000 12263.000 11851.000 
11835.000 11802.000 12263.000 11766.000 
11748.000 11802.000 12263.000 11767.000 
11706.000 11802.000 12263.000 11785.000 
11775.000 11802.000 12263.000 11710.000 
11828.000 11802.000 12263.000 11680.000 
11634.000 11802.000 12263.000 11786.000 
11719.000 11802.000 12263.000 11747.000 
11785.000 11802.000 12263.000 11681.000 
11601.000 12996.000 12263.000 11596.000 
11694.000 12996.000 12263.000 11596.000 
11766.000 12996.000 12263.000 11581.000 
11795.000 12996.000 12263.000 11633.000 
11843.000 12996.000 12263.000 11633.000 
11880.000 12996.000 12263.000 11645.000 
11895.000 12996.000 12263.000 11653.000 
11919.000 12996.000 12263.000 11609.000 
11804.000 12996.000 12263.000 11613.000 
11850.000 12996.000 12263.000 11613.000 
11869.000 12996.000 12263.000 11661.000 
11885.000 12491.000 12263.000 11740.000 
11912.000 12491.000 12263.000 11740.000 
11798.000 12491.000 12263.000 11773.000 
11845.000 12491.000 12263.000 11848.000 
11864.000 12491.000 12263.000 11883.000 
11881.000 12491.000 12263.000 11922.000 
11896.000 12491.000 12263.000 11947.000 
11909.000 12491.000 12263.000 11960.000 
11909.000 12491.000 12263.000 11969.000 
11909.000 12491.000 12263.000 11867.000 
11920.000 12181.000 12263.000 11867.000 
11930.000 11831.000 12263.000 11867.000 
11946.000 11902.000 12263.000 11867.000 
11953.000 12143.000 12263.000 11867.000 
11730.000 12143.000 12263.000 11883.000 
11638.000 12143.000 12263.000 11788.000 
11638.000 12143.000 12263.000 11682.000 
11638.000 12143.000 12263.000 11593.000 
11683.000 12143.000 12263.000 11727.000 
11633.000 12143.000 12263.000 11817.000 
11719.000 12143.000 12263.000 11752.000 
11659.000 12143.000 12263.000 11834.000 
11739.000 12143.000 12263.000 11763.000 
11772.000 12143.000 12263.000 11819.000 
11772.000 12143.000 11850.000 11819.000 
11772.000 12143.000 11850.000 11861.000 
11825.000 12143.000 11850.000 11907.000 
11757.000 12143.000 11850.000 11937.000 
11704.000 12143.000 11850.000 11958.000 
11648.000 12143.000 11850.000 11843.000 
11606.000 12143.000 11850.000 11894.000 
11698.000 12143.000 11850.000 11919.000 
11769.000 12143.000 11850.000 11938.000 
11797.000 12143.000 11850.000 11952.000 
11735.000 12143.000 11850.000 11968.000 
11768.000 12143.000 12115.000 11968.000 
11797.000 12143.000 11795.000 11968.000 
11797.000 12143.000 11869.000 11968.000 
11823.000 12143.000 11766.000 11772.000 
11845.000 12143.000 11734.000 11866.000 
11845.000 12143.000 11932.000 11838.000 
11845.000 12143.000 11816.000 11766.000 
11845.000 12143.000 11990.000 11843.000 
11845.000 12143.000 11852.000 11770.000 
11845.000 11875.000 11852.000 11770.000 
11845.000 12030.000 11852.000 11846.000 
11845.000 12270.000 11852.000 11826.000 
11845.000 12123.000 11852.000 11787.000 
11845.000 11812.000 11852.000 11791.000 
11845.000 11796.000 11852.000 11817.000 
11845.000 11801.000 11852.000 11817.000 
11845.000 12026.000 11852.000 11547.000 
11845.000 12026.000 11852.000 11492.000 
11845.000 12026.000 11762.000 11611.000 
11845.000 12026.000 11851.000 11611.000 
11845.000 12026.000 11789.000 11611.000 
11811.000 12026.000 11815.000 11611.000 
11764.000 12026.000 11815.000 11611.000 
12019.000 12026.000 11815.000 11931.000 
12007.000 12026.000 11815.000 11909.000 
11908.000 12026.000 11815.000 11726.000 
11813.000 12209.000 11815.000 11734.000 
11813.000 13102.000 11815.000 11671.000 
11813.000 13102.000 11815.000 11671.000 
11813.000 13102.000 11815.000 11711.000 
11813.000 13102.000 11815.000 11697.000 
11813.000 13102.000 11815.000 11713.000 
11813.000 13102.000 11815.000 11807.000 
11813.000 13102.000 11815.000 11618.000 
11813.000 13102.000 11815.000 11414.000 
11813.000 13102.000 11815.000 11317.000 
11813.000 13102.000 11815.000 11542.000 
11813.000 13102.000 11815.000 11524.000 
11857.000 13606.000 11815.000 11636.000 
11875.000 13606.000 11815.000 11721.000 
11765.000 13606.000 11815.000 11552.000 
11820.000 13606.000 11815.000 11657.000 
11820.000 13606.000 14992.000 11657.000 
11820.000 13606.000 14992.000 11657.000 
11820.000 13606.000 14992.000 11737.000 
11820.000 13606.000 14992.000 11770.000 
11686.000 13606.000 14992.000 11699.000 
11743.000 13606.000 14992.000 11769.000 
11703.000 13667.000 14992.000 11823.000 
11801.000 13458.000 14992.000 11845.000 
11801.000 12526.000 14992.000 11845.000 
11801.000 11984.000 14992.000 11865.000 
11801.000 11917.000 14992.000 11756.000 
11801.000 11917.000 14992.000 11756.000 
11801.000 11917.000 14992.000 11756.000 
11801.000 11917.000 14992.000 11756.000 
11801.000 11917.000 14992.000 11756.000 
11801.000 11917.000 14992.000 11756.000 
11801.000 11917.000 14992.000 11756.000 
11801.000 11917.000 14992.000 11756.000 
11801.000 11917.000 14992.000 11756.000 
11801.000 11917.000 14992.000 11756.000 
11613.000 11917.000 14992.000 11756.000 
11536.000 11917.000 14992.000 11756.000 
11652.000 11917.000 14992.000 11756.000 
11748.000 11917.000 14992.000 11662.000 
11756.000 11917.000 14992.000 11704.000 
11837.000 11917.000 14992.000 11741.000 
11808.000 11917.000 14992.000 11773.000 
11871.000 11917.000 14992.000 11802.000 
11792.000 11917.000 14992.000 11826.000 
11751.000 11917.000 14992.000 11848.000 
11684.000 11917.000 14992.000 11867.000 
11663.000 11928.000 14992.000 11867.000 
11742.000 11905.000 14992.000 11867.000 
11802.000 11905.000 14992.000 11867.000 
11614.000 11905.000 14992.000 11883.000 
11705.000 11905.000 14992.000 11898.000 
11774.000 11905.000 14992.000 11786.000 
11802.000 11905.000 14992.000 11812.000 
11723.000 11905.000 14992.000 11711.000 
11679.000 11905.000 14992.000 11653.000 
11719.000 11905.000 14992.000 11697.000 
11785.000 11905.000 16249.000 11610.000 
11811.000 12167.000 16249.000 11658.000 
11855.000 13649.000 16249.000 11629.000 
11764.000 13649.000 16249.000 11550.000 
11669.000 13649.000 16249.000 11606.000 
11637.000 13649.000 16249.000 11656.000 
11682.000 13649.000 16249.000 11699.000 
11597.000 13649.000 16249.000 11611.000 
11647.000 13649.000 16249.000 11660.000 
11605.000 13649.000 16249.000 11702.000 
11654.000 13649.000 16249.000 11739.000 
11654.000 13649.000 15253.000 11739.000 
11654.000 13649.000 15253.000 11739.000 
11654.000 12718.000 15253.000 11739.000 
11654.000 12718.000 15253.000 11647.000 
11688.000 12718.000 15253.000 11691.000 
11730.000 12718.000 15253.000 11654.000 
11694.000 12718.000 15253.000 11572.000 
11795.000 12718.000 15253.000 11626.000 
11718.000 12718.000 15253.000 11713.000 
11811.000 12718.000 15253.000 11749.000 
11764.000 12718.000 13088.000 11655.000 
11793.000 12718.000 12717.000 11736.000 
11793.000 12718.000 12024.000 11736.000 
11793.000 11914.000 12024.000 11736.000 
11754.000 11800.000 12024.000 11736.000 
11842.000 11800.000 12024.000 11769.000 
11845.000 11800.000 12024.000 11798.000 
11716.000 11800.000 12024.000 11845.000 
11708.000 11800.000 12024.000 11864.000 
11679.000 11800.000 12024.000 11881.000 
11660.000 11800.000 12024.000 11675.000 
11740.000 11800.000 12024.000 11590.000 
11825.000 11800.000 12024.000 11577.000 
11866.000 11800.000 12120.000 11630.000 
11897.000 12401.000 12120.000 11676.000 
11897.000 12401.000 12120.000 11676.000 
11910.000 12401.000 12120.000 11676.000 
11940.000 12401.000 12120.000 11716.000 
11954.000 12401.000 12120.000 11752.000 
11873.000 12401.000 12120.000 11685.000 
11819.000 12401.000 12120.000 11724.000 
11752.000 12401.000 12120.000 11789.000 
11810.000 12401.000 12120.000 11815.000 
11854.000 12401.000 12105.000 11858.000 
11888.000 12401.000 12289.000 11858.000 
11789.000 12401.000 12013.000 11858.000 
11714.000 12401.000 12013.000 11858.000 
11781.000 12401.000 12013.000 11891.000 
11808.000 12401.000 12013.000 11860.000 
11744.000 12401.000 12013.000 11822.000 
11804.000 12401.000 12013.000 11771.000 
11703.000 12401.000 12013.000 11847.000 
11773.000 12401.000 12013.000 11801.000 
11701.000 12401.000 12013.000 11738.000 
11738.000 12401.000 12013.000 11825.000 
11771.000 12401.000 12261.000 11825.000 
11799.000 12401.000 12298.000 11825.000 
11799.000 12401.000 12290.000 11825.000 
11799.000 12401.000 11975.000 11825.000 
11699.000 12401.000 11744.000 11825.000 
11770.000 12401.000 11657.000 11825.000 
11714.000 12401.000 11751.000 11825.000 
11750.000 12401.000 11838.000 11825.000 
11750.000 12401.000 11773.000 11825.000 
11750.000 12401.000 12380.000 11825.000 
11750.000 12401.000 12458.000 11825.000 
11750.000 12401.000 12635.000 11825.000 
11750.000 12401.000 12705.000 11721.000 
11750.000 12401.000 13049.000 11677.000 
11750.000 12401.000 13049.000 11753.000 
11750.000 12401.000 13049.000 11811.000 
11750.000 12401.000 13049.000 11834.000 
11750.000 12401.000 13049.000 11873.000 
11750.000 12401.000 13049.000 11668.000 
11750.000 12401.000 13049.000 11637.000 
11750.000 12400.000 13049.000 11682.000 
11750.000 12072.000 13049.000 11682.000 
11781.000 11946.000 13049.000 11682.000 
11832.000 11952.000 13049.000 11682.000 
11853.000 11952.000 13353.000 11682.000 
11853.000 11952.000 12184.000 11682.000 
11853.000 11952.000 11770.000 11682.000 
11853.000 11952.000 11717.000 11682.000 
11887.000 11952.000 11773.000 11682.000 
11934.000 11952.000 11915.000 11682.000 
11860.000 11952.000 11825.000 11682.000 
11877.000 11952.000 11825.000 11682.000 
11832.000 11952.000 11825.000 11682.000 
11901.000 12389.000 11825.000 11682.000 
11838.000 12389.000 11825.000 11682.000 
11891.000 12389.000 11825.000 11682.000 
11792.000 12389.000 11825.000 11682.000 
11530.000 12389.000 11825.000 11682.000 
11531.000 12389.000 11825.000 11682.000 
11686.000 12389.000 11825.000 11682.000 
11600.000 12389.000 11825.000 11682.000 
11600.000 12389.000 12207.000 11682.000 
11600.000 12389.000 12207.000 11682.000 
11732.000 12389.000 12207.000 11682.000 
11759.000 12354.000 12207.000 11682.000 
11792.000 12360.000 12207.000 11682.000 
11841.000 12539.000 12207.000 11682.000 
11841.000 12580.000 12207.000 11682.000 
11878.000 11927.000 12207.000 11682.000 
11878.000 11891.000 12207.000 11682.000 
11878.000 11781.000 12207.000 11682.000 
11878.000 11809.000 12207.000 11682.000 
11878.000 11826.000 12207.000 11682.000 
11878.000 11848.000 12207.000 11682.000 
11878.000 11848.000 12207.000 11647.000 
11878.000 11848.000 12207.000 11691.000 
11878.000 11848.000 12207.000 11730.000 
11878.000 11848.000 12207.000 11683.000 
11878.000 11848.000 12207.000 11598.000 
11878.000 11848.000 12207.000 11648.000 
11768.000 11848.000 12207.000 11567.000 
11797.000 11848.000 12207.000 11543.000 
11735.000 11848.000 12207.000 11600.000 
11768.000 12162.000 12207.000 11525.000 
11768.000 12162.000 12207.000 11585.000 
11768.000 12162.000 12207.000 11511.000 
11797.000 12162.000 12207.000 11501.000 
11845.000 12162.000 12207.000 11563.000 
11772.000 12162.000 12207.000 11618.000 
11825.000 12162.000 12207.000 11540.000 
11866.000 12162.000 12207.000 11598.000 
11897.000 12162.000 12033.000 11648.000 
11921.000 12162.000 11935.000 11692.000 
11940.000 12162.000 11834.000 11605.000 
11947.000 12162.000 11873.000 11655.000 
11834.000 12162.000 11873.000 11655.000 
11730.000 12162.000 11873.000 11655.000 
11730.000 12162.000 11873.000 11655.000 
11730.000 12162.000 11873.000 11573.000 
11793.000 12162.000 11873.000 11501.000 
11819.000 12162.000 11873.000 11618.000 
11861.000 12162.000 11873.000 11666.000 
11894.000 12162.000 11873.000 11707.000 
11793.000 12162.000 11873.000 11619.000 
11819.000 12162.000 11873.000 11708.000 
11819.000 12162.000 11873.000 11745.000 
11861.000 12162.000 11873.000 11776.000 
11784.000 12162.000 11873.000 11719.000 
11835.000 12162.000 11873.000 11754.000 
11748.000 12162.000 11873.000 11785.000 
11807.000 12162.000 11873.000 11812.000 
11727.000 12162.000 11873.000 11710.000 
11761.000 12162.000 11873.000 11621.000 
11692.000 12162.000 11873.000 11710.000 
11639.000 12452.000 11873.000 11746.000 
11684.000 12440.000 11873.000 11778.000 
11758.000 11993.000 11873.000 11681.000 
11758.000 11769.000 11873.000 11595.000 
11758.000 11769.000 11873.000 11646.000 
11788.000 11769.000 11873.000 11690.000 
11728.000 11769.000 11873.000 11729.000 
11792.000 11769.000 11873.000 11638.000 
11716.000 11769.000 11873.000 11558.000 
11782.000 11769.000 11873.000 11488.000 
11833.000 11769.000 12188.000 11552.000 
11729.000 11769.000 12563.000 11608.000 
11729.000 11769.000 12337.000 11657.000 
11729.000 12678.000 12337.000 11700.000 
11729.000 13077.000 12337.000 11700.000 
11729.000 11823.000 12337.000 11700.000 
11729.000 11812.000 12337.000 11700.000 
11729.000 11883.000 12337.000 11700.000 
11729.000 12027.000 12337.000 11737.000 
11729.000 11789.000 12337.000 11770.000 
11729.000 11758.000 12337.000 11865.000 
11729.000 11821.000 12337.000 11728.000 
11729.000 11826.000 12337.000 11840.000 
11729.000 11848.000 12670.000 11840.000 
11729.000 11848.000 12670.000 11877.000 
11729.000 11848.000 12670.000 11844.000 
11729.000 11848.000 12670.000 11800.000 
11729.000 11848.000 12670.000 11787.000 
11729.000 11848.000 12670.000 11837.000 
11729.000 11848.000 12670.000 11890.000 
11729.000 11848.000 12670.000 11916.000 
11729.000 11848.000 12670.000 11944.000 
11729.000 11848.000 12670.000 11957.000 
11729.000 11848.000 12670.000 11967.000 
11729.000 11848.000 12670.000 11865.000 
11638.000 11848.000 12670.000 11897.000 
11638.000 11848.000 12670.000 11796.000 
11683.000 11848.000 12670.000 11843.000 
11598.000 11848.000 12670.000 11880.000 
11648.000 11848.000 12670.000 11895.000 
11648.000 11848.000 12670.000 11794.000 
11692.000 11848.000 12670.000 11820.000 
11730.000 11848.000 12670.000 11862.000 
11730.000 11848.000 12670.000 11894.000 
11764.000 11848.000 12670.000 11907.000 
11793.000 11848.000 12670.000 11820.000 
11793.000 11848.000 12670.000 11842.000 
11819.000 11848.000 12670.000 11862.000 
11842.000 11848.000 12670.000 11894.000 
11842.000 11848.000 12670.000 11907.000 
11736.000 11848.000 12670.000 11794.000 
11769.000 11848.000 12670.000 11842.000 
11769.000 11848.000 12670.000 11737.000 
11798.000 11848.000 12459.000 11770.000 
11698.000 11848.000 11892.000 11770.000 
11698.000 11848.000 11878.000 11770.000 
11698.000 11848.000 12156.000 11798.000 
11698.000 11848.000 12023.000 11823.000 
11698.000 11848.000 12304.000 11845.000 
11698.000 11848.000 12560.000 11845.000 
11698.000 11848.000 12070.000 11845.000 
11698.000 11848.000 11823.000 11865.000 
11698.000 11848.000 11685.000 11882.000 
11698.000 11848.000 12250.000 11882.000 
11698.000 11848.000 12060.000 11882.000 
11698.000 11848.000 12449.000 11896.000 
11698.000 11848.000 12438.000 11896.000 
11698.000 11848.000 12587.000 11896.000 
11698.000 11848.000 11783.000 11896.000 
11698.000 11848.000 12178.000 11896.000 
11698.000 11848.000 12178.000 11896.000 
11698.000 11848.000 12178.000 11909.000 
11698.000 11848.000 12178.000 11920.000 
11614.000 11848.000 12178.000 11814.000 
11774.000 11848.000 12178.000 11837.000 
11739.000 11848.000 12178.000 11837.000 
11825.000 11848.000 12178.000 11837.000 
11756.000 11848.000 12178.000 11857.000 
11837.000 11848.000 12178.000 11891.000 
11875.000 11848.000 12178.000 11916.000 
11765.000 11848.000 15505.000 11936.000 
11765.000 11848.000 15505.000 11944.000 
11765.000 11848.000 15505.000 11722.000 
11765.000 11848.000 15505.000 11678.000 
11765.000 11848.000 15505.000 11753.000 
11765.000 11848.000 15505.000 11784.000 
11765.000 11848.000 15505.000 11835.000 
11765.000 11848.000 15505.000 11855.000 
11765.000 11848.000 15505.000 11780.000 
11765.000 11848.000 15505.000 11807.000 
11765.000 11848.000 15505.000 11852.000 
11820.000 11848.000 15505.000 11871.000 
11843.000 11848.000 15505.000 11901.000 
11843.000 13638.000 15505.000 11913.000 
11843.000 13638.000 15505.000 11924.000 
11843.000 13638.000 15505.000 11942.000 
11862.000 13638.000 15505.000 11949.000 
11754.000 13638.000 15505.000 11955.000 
11687.000 13638.000 15505.000 11961.000 
11726.000 13638.000 15505.000 11845.000 
11760.000 13638.000 15505.000 11864.000 
11816.000 13638.000 15505.000 11756.000 
11839.000 13638.000 15505.000 11787.000 
11859.000 13638.000 15505.000 11813.000 
11859.000 13638.000 15505.000 11813.000 
11859.000 13638.000 15505.000 11813.000 
11877.000 13638.000 15505.000 11813.000 
11892.000 13638.000 15505.000 11836.000 
11808.000 13638.000 15505.000 11875.000 
11832.000 13638.000 15505.000 11890.000 
11853.000 13638.000 15505.000 11791.000 
11746.000 13638.000 15986.000 11817.000 
11746.000 13638.000 15986.000 11840.000 
11746.000 13638.000 15986.000 11860.000 
11696.000 13638.000 15986.000 11860.000 
11734.000 13638.000 15986.000 11860.000 
11671.000 13638.000 15986.000 11877.000 
11748.000 13638.000 15986.000 11906.000 
11682.000 13638.000 15986.000 11928.000 
11756.000 13638.000 15986.000 11945.000 
11756.000 13638.000 15986.000 11951.000 
11756.000 13638.000 15986.000 11728.000 
11756.000 13638.000 14927.000 11728.000 
11756.000 13638.000 14927.000 11728.000 
11756.000 12934.000 14927.000 11683.000 
11756.000 12934.000 14927.000 11722.000 
11756.000 12934.000 14927.000 11787.000 
11756.000 12934.000 14927.000 11837.000 
11756.000 12934.000 14927.000 11875.000 
11756.000 12934.000 14927.000 11779.000 
11756.000 12934.000 14927.000 11682.000 
11787.000 12934.000 14927.000 11647.000 
11813.000 12934.000 12983.000 11691.000 
11837.000 12934.000 12447.000 11763.000 
11837.000 12934.000 12733.000 11793.000 
11837.000 12934.000 12454.000 11732.000 
11837.000 12934.000 12635.000 11765.000 
11837.000 12934.000 12420.000 11820.000 
11837.000 12934.000 12706.000 11843.000 
11837.000 12934.000 12446.000 11770.000 
11837.000 12934.000 12678.000 11799.000 
11837.000 12934.000 11966.000 11824.000 
11837.000 12934.000 11820.000 11740.000 
11837.000 12934.000 12017.000 11772.000 
11837.000 12934.000 12001.000 11801.000 
11857.000 12934.000 12220.000 11701.000 
11875.000 12934.000 12428.000 11771.000 
11765.000 12934.000 11810.000 11771.000 
11795.000 12934.000 11884.000 11771.000 
11795.000 12934.000 11874.000 11771.000 
11795.000 12934.000 12122.000 11771.000 
11795.000 12934.000 12418.000 11771.000 
11795.000 12934.000 12509.000 11771.000 
11795.000 12934.000 12445.000 11771.000 
11795.000 12934.000 12192.000 11771.000 
11795.000 12934.000 11835.000 11771.000 
11795.000 12934.000 11782.000 11771.000 
12070.000 12934.000 11825.000 11771.000 
12070.000 12934.000 11919.000 11771.000 
12070.000 12934.000 11782.000 11771.000 
12070.000 12934.000 11737.000 11771.000 
12070.000 12934.000 11699.000 11771.000 
12070.000 12934.000 11798.000 11770.000 
12070.000 12934.000 11770.000 11846.000 
12070.000 12934.000 11732.000 11801.000 
12070.000 12080.000 12086.000 11826.000 
12070.000 12073.000 12162.000 11826.000 
12070.000 12073.000 12162.000 11826.000 
11922.000 12073.000 12162.000 11883.000 
11960.000 12073.000 12162.000 11793.000 
11880.000 12073.000 12162.000 11952.000 
11930.000 12073.000 12162.000 11680.000 
11938.000 12073.000 12162.000 11820.000 
11938.000 12073.000 12162.000 11866.000 
11863.000 12073.000 12162.000 11822.000 
11834.000 12073.000 12162.000 11687.000 
12229.000 12073.000 12162.000 11687.000 
12229.000 12073.000 12162.000 11687.000 
12229.000 12073.000 12162.000 11687.000 
12229.000 12073.000 12162.000 11687.000 
12229.000 12073.000 12162.000 11687.000 
12229.000 12073.000 12162.000 11687.000 
12229.000 12073.000 12162.000 11687.000 
12229.000 12073.000 12162.000 11687.000 
12229.000 12073.000 12162.000 11687.000 
12229.000 12073.000 12162.000 11738.000 
12229.000 12073.000 12162.000 11608.000 
12201.000 12073.000 12162.000 11628.000 
12201.000 12073.000 12162.000 11726.000 
12201.000 12073.000 12162.000 11884.000 
12201.000 12073.000 12162.000 11774.000 
12201.000 12073.000 12162.000 11697.000 
12201.000 12073.000 12162.000 11773.000 
12201.000 12073.000 12162.000 11660.000 
12201.000 12073.000 12162.000 11838.000 
12201.000 12073.000 12162.000 11837.000 
12201.000 12073.000 12162.000 11723.000 
12201.000 12073.000 12162.000 11708.000 
12201.000 12073.000 12162.000 11810.000 
12201.000 12073.000 12162.000 11786.000 
12201.000 12073.000 12162.000 11824.000 
12201.000 12073.000 12162.000 11796.000 
12201.000 12073.000 12162.000 11673.000 
12201.000 12073.000 12162.000 11803.000 
12201.000 12073.000 12162.000 11669.000 
12201.000 12073.000 12162.000 11629.000 
12201.000 12073.000 12162.000 11831.000 
12201.000 12274.000 12162.000 11828.000 
12201.000 12274.000 12162.000 11629.000 
12201.000 12274.000 12162.000 11765.000 
12201.000 12274.000 12162.000 11693.000 
12201.000 12274.000 12162.000 11792.000 
12201.000 12274.000 12162.000 11826.000 
12201.000 12274.000 12162.000 11815.000 
12201.000 12274.000 12162.000 11818.000 
12201.000 12274.000 12162.000 11778.000 
12201.000 12274.000 12162.000 11714.000 
12201.000 12274.000 12162.000 11840.000 
12201.000 12274.000 12162.000 11779.000 
12201.000 12274.000 12162.000 11823.000 
12201.000 12274.000 12162.000 11901.000 
12154.000 12274.000 12162.000 11864.000 
12117.000 12274.000 12162.000 11864.000 
11944.000 12274.000 12162.000 11864.000 
11944.000 12274.000 12162.000 11864.000 
11871.000 12274.000 12162.000 11864.000 
11684.000 12274.000 12162.000 11864.000 
11758.000 12274.000 12162.000 11864.000 
11758.000 12274.000 12162.000 11864.000 
11780.000 12274.000 12162.000 11864.000 
11703.000 12274.000 12162.000 11864.000 
11826.000 12274.000 12162.000 11864.000 
11758.000 12274.000 12162.000 11819.000 
11788.000 12274.000 12162.000 11716.000 
11733.000 12274.000 12162.000 11878.000 
11767.000 12274.000 12162.000 11826.000 
11767.000 12274.000 12162.000 11876.000 
11767.000 12274.000 12162.000 11876.000 
11767.000 12274.000 12162.000 11876.000 
11767.000 12274.000 12162.000 11876.000 
11767.000 12274.000 12162.000 11876.000 
11767.000 12274.000 12162.000 11876.000 
11767.000 12274.000 12162.000 11876.000 
11767.000 12274.000 12162.000 11876.000 
11767.000 12274.000 12162.000 11876.000 
11767.000 12274.000 12162.000 11876.000 
11767.000 12274.000 12162.000 11876.000 
11796.000 12274.000 12392.000 11860.000 
11796.000 12274.000 12229.000 11781.000 
11768.000 12274.000 12229.000 11781.000 
11698.000 12274.000 12229.000 11781.000 
11845.000 12274.000 12229.000 11781.000 
11864.000 12274.000 12229.000 11781.000 
11771.000 12274.000 12229.000 11781.000 
11787.000 12274.000 12229.000 11781.000 
11904.000 12274.000 12229.000 11781.000 
11715.000 12274.000 12229.000 11781.000 
11699.000 12274.000 12229.000 11781.000 
11824.000 12131.000 12229.000 11781.000 
11824.000 12131.000 12229.000 11832.000 
11721.000 12131.000 12229.000 11871.000 
11730.000 12131.000 12229.000 11679.000 
11783.000 12131.000 12229.000 11520.000 
11763.000 12131.000 12229.000 11632.000 
11777.000 12131.000 12229.000 11632.000 
11774.000 12131.000 12229.000 11632.000 
11717.000 12131.000 12229.000 11718.000 
11701.000 12131.000 12229.000 11811.000 
11799.000 12131.000 12229.000 11730.000 
11866.000 12364.000 12229.000 11730.000 
11897.000 12364.000 12229.000 11764.000 
11921.000 12364.000 12229.000 11842.000 
11705.000 12364.000 12229.000 11894.000 
11774.000 12364.000 12229.000 11599.000 
11827.000 12364.000 12229.000 11635.000 
11867.000 12364.000 12229.000 11486.000 
11898.000 12364.000 12229.000 11656.000 
11911.000 12364.000 12229.000 11611.000 
11932.000 12364.000 12229.000 11593.000 
11823.000 12694.000 12229.000 11644.000 
11720.000 12694.000 12229.000 11644.000 
11785.000 12694.000 12229.000 11688.000 
11812.000 12694.000 12229.000 11791.000 
11812.000 12694.000 12229.000 11730.000 
11812.000 12694.000 12229.000 11793.000 
11835.000 12694.000 12229.000 11842.000 
11874.000 12694.000 12229.000 11754.000 
11903.000 12694.000 12229.000 11811.000 
11926.000 12694.000 12229.000 11855.000 
11935.000 12694.000 12229.000 11889.000 
11950.000 13107.000 12229.000 11903.000 
11852.000 13107.000 12229.000 11926.000 
11746.000 13107.000 12229.000 11943.000 
11805.000 13107.000 12229.000 11956.000 
11830.000 13107.000 12229.000 11962.000 
11869.000 13107.000 12229.000 11970.000 
11886.000 13107.000 12229.000 11849.000 
11803.000 13107.000 12229.000 11884.000 
11828.000 13107.000 12229.000 11899.000 
11758.000 13107.000 12229.000 11911.000 
11758.000 12477.000 12229.000 11807.000 
11758.000 12270.000 12229.000 11807.000 
11758.000 12310.000 12229.000 11807.000 
11758.000 12789.000 12229.000 11807.000 
11758.000 12155.000 12229.000 11807.000 
11758.000 12155.000 12229.000 11775.000 
11762.000 12155.000 12229.000 11758.000 
11861.000 12155.000 12229.000 11733.000 
11811.000 12155.000 12229.000 11821.000 
11873.000 12155.000 12229.000 11771.000 
11778.000 12155.000 12229.000 11737.000 
11851.000 12155.000 12229.000 11823.000 
11886.000 12155.000 12229.000 11630.000 
11803.000 12155.000 12229.000 11717.000 
11849.000 12155.000 12229.000 11783.000 
11849.000 12552.000 12229.000 11810.000 
11849.000 12552.000 12229.000 11810.000 
11802.000 12552.000 12229.000 11855.000 
11759.000 12552.000 12007.000 11902.000 
11858.000 12552.000 12007.000 11925.000 
11796.000 12552.000 12007.000 11854.000 
11863.000 12552.000 12007.000 11806.000 
11786.000 12552.000 12007.000 11852.000 
11747.000 12552.000 12007.000 11886.000 
11681.000 12552.000 12007.000 11913.000 
11690.000 12552.000 12007.000 11808.000 
11763.000 12552.000 12007.000 11728.000 
11763.000 12552.000 12007.000 11667.000 
11763.000 12552.000 12007.000 11708.000 
11841.000 12552.000 12035.000 11708.000 
11769.000 12552.000 11794.000 11708.000 
11845.000 12552.000 11794.000 11667.000 
11896.000 12552.000 11794.000 11745.000 
11920.000 12552.000 11794.000 11805.000 
11939.000 12552.000 11794.000 11850.000 
11828.000 12552.000 11794.000 11885.000 
11743.000 12768.000 11794.000 11912.000 
11678.000 11799.000 11794.000 11933.000 
11629.000 11896.000 11794.000 11941.000 
11629.000 11896.000 11794.000 11948.000 
11629.000 11896.000 11794.000 11948.000 
11591.000 11896.000 12477.000 11830.000 
11452.000 11896.000 12447.000 11744.000 
11346.000 11896.000 12192.000 11804.000 
11346.000 11896.000 11988.000 11850.000 
11346.000 11896.000 11828.000 11885.000 
11346.000 11896.000 11935.000 11885.000 
11346.000 11896.000 11958.000 11885.000 
11346.000 13434.000 11795.000 11899.000 
11346.000 13434.000 11795.000 11899.000 
11346.000 13434.000 11795.000 11923.000 
11346.000 13434.000 11795.000 11739.000 
11346.000 13434.000 11795.000 11847.000 
11346.000 13434.000 11795.000 11802.000 
11346.000 13434.000 11795.000 11867.000 
11346.000 13434.000 11795.000 11898.000 
11346.000 13434.000 11795.000 11836.000 
11428.000 13434.000 11795.000 11794.000 
11499.000 13434.000 12798.000 11820.000 
11616.000 13434.000 12798.000 11820.000 
11664.000 13434.000 12798.000 11842.000 
11706.000 13434.000 12798.000 11894.000 
11743.000 13434.000 12798.000 11929.000 
11650.000 13434.000 12798.000 11836.000 
11732.000 13434.000 12798.000 11781.000 
11765.000 13434.000 12798.000 11832.000 
11795.000 13434.000 12798.000 11871.000 
11820.000 13434.000 12798.000 11901.000 
11843.000 13434.000 12798.000 11924.000 
11737.000 13434.000 12798.000 11833.000 
11770.000 13434.000 12798.000 11762.000 
11799.000 13434.000 12798.000 11709.000 
11699.000 13434.000 12798.000 11777.000 
11611.000 13434.000 12798.000 11680.000 
11660.000 13434.000 12798.000 11755.000 
11702.000 13434.000 12798.000 11687.000 
11739.000 13434.000 12798.000 11726.000 
11772.000 13434.000 12798.000 11790.000 
11800.000 13434.000 12798.000 11691.000 
11800.000 13434.000 12798.000 11529.000 
11800.000 13434.000 12798.000 11463.000 
11800.000 13434.000 12798.000 11405.000 
11800.000 13434.000 12798.000 11310.000 
11847.000 13434.000 12798.000 11271.000 
11866.000 13434.000 12798.000 11362.000 
11883.000 13434.000 12798.000 11512.000 
11897.000 13434.000 12798.000 11573.000 
11910.000 13434.000 12798.000 11626.000 
11796.000 13434.000 12798.000 11604.000 
11610.000 13434.000 12798.000 11654.000 
11533.000 13434.000 12798.000 11654.000 
11467.000 13434.000 12798.000 11654.000 
11408.000 13434.000 12798.000 11654.000 
11482.000 13434.000 12798.000 11697.000 
11422.000 13434.000 12798.000 11735.000 
11422.000 13434.000 12798.000 11672.000 
11422.000 13434.000 12798.000 11713.000 
11422.000 13434.000 12798.000 11780.000 
11494.000 13434.000 12798.000 11807.000 
11557.000 13434.000 12798.000 11706.000 
11661.000 13434.000 12798.000 11706.000 
11578.000 13434.000 12798.000 11706.000 
11631.000 13434.000 12798.000 11706.000 
11677.000 13434.000 12798.000 11803.000 
11753.000 13434.000 12798.000 11815.000 
11783.000 13434.000 12798.000 11767.000 
11810.000 13434.000 12798.000 11843.000 
11730.000 13434.000 12798.000 11799.000 
11763.000 13434.000 12798.000 11740.000 
11793.000 13434.000 12798.000 11801.000 
11819.000 13434.000 12798.000 11738.000 
11841.000 13434.000 12798.000 11799.000 
11736.000 13434.000 12798.000 11631.000 
11769.000 13434.000 12798.000 11717.000 
11823.000 13434.000 12798.000 11784.000 
11845.000 13434.000 12798.000 11600.000 
11739.000 13434.000 12798.000 11650.000 
11772.000 13434.000 12798.000 11732.000 
11800.000 13434.000 12798.000 11794.000 
11700.000 13434.000 12798.000 11820.000 
11738.000 13434.000 12798.000 11862.000 
11770.000 13434.000 12798.000 11894.000 
11799.000 13434.000 12798.000 11907.000 
11824.000 13434.000 12798.000 11804.000 
11721.000 13434.000 12798.000 11828.000 
11756.000 13434.000 12798.000 11869.000 
11786.000 13434.000 12798.000 11885.000 
11813.000 13434.000 12798.000 11899.000 
11836.000 13434.000 12798.000 11798.000 
11732.000 13434.000 12798.000 11823.000 
11640.000 12961.000 12798.000 11845.000 
11560.000 13091.000 12798.000 11845.000 
11490.000 13091.000 12798.000 11845.000 
11429.000 13091.000 12798.000 11864.000 
11375.000 13091.000 12798.000 11756.000 
11375.000 13091.000 12798.000 11579.000 
11328.000 13091.000 12798.000 11506.000 
11412.000 13091.000 12798.000 11388.000 
11485.000 13091.000 12798.000 11339.000 
11550.000 13091.000 12798.000 11260.000 
11606.000 13091.000 12798.000 11227.000 
11606.000 12344.000 12798.000 11283.000 
11606.000 11914.000 12798.000 11373.000 
11606.000 11785.000 12798.000 11373.000 
11606.000 11818.000 12798.000 11373.000 
11606.000 11789.000 12798.000 11373.000 
11606.000 11823.000 12798.000 11373.000 
11606.000 12100.000 12798.000 11373.000 
11606.000 12469.000 12798.000 11373.000 
11606.000 12124.000 12798.000 11373.000 
11606.000 12124.000 12798.000 11373.000 
11655.000 12124.000 12759.000 11373.000 
11655.000 12124.000 12139.000 11373.000 
11655.000 12124.000 12656.000 11373.000 
11655.000 12124.000 11836.000 11373.000 
11655.000 12124.000 11856.000 11373.000 
11655.000 12124.000 12364.000 11373.000 
11655.000 12124.000 12516.000 11373.000 
11655.000 12124.000 12536.000 11451.000 
11655.000 12939.000 12867.000 11520.000 
11655.000 12939.000 12867.000 11520.000 
11655.000 12939.000 12867.000 11520.000 
11655.000 12939.000 12867.000 11398.000 
11655.000 12939.000 12867.000 11429.000 
11655.000 12939.000 12867.000 11563.000 
11655.000 12939.000 12867.000 11598.000 
11655.000 12939.000 12867.000 11692.000 
11655.000 12939.000 12867.000 11639.000 
11655.000 12939.000 12867.000 11559.000 
11655.000 12939.000 12867.000 11662.000 
11655.000 12939.000 12758.000 11741.000 
11655.000 12939.000 12758.000 11802.000 
11655.000 12939.000 12758.000 11827.000 
11655.000 12939.000 12758.000 11867.000 
11698.000 12939.000 12758.000 11898.000 
11698.000 12939.000 12758.000 11911.000 
11736.000 12939.000 12758.000 11797.000 
11769.000 12939.000 12758.000 11844.000 
11798.000 12939.000 12758.000 11864.000 
11798.000 12939.000 12758.000 11786.000 
11823.000 14363.000 12758.000 11786.000 
11720.000 15253.000 12758.000 11786.000 
11720.000 15253.000 12758.000 11786.000 
11755.000 15253.000 12758.000 11727.000 
11785.000 15253.000 12758.000 11681.000 
11785.000 15253.000 12758.000 11721.000 
11687.000 15253.000 12758.000 11786.000 
11726.000 15253.000 12758.000 11836.000 
11726.000 15253.000 12758.000 11765.000 
11760.000 15253.000 12758.000 11669.000 
11790.000 15253.000 13168.000 11622.000 
11790.000 12597.000 13168.000 11669.000 
11790.000 12869.000 13168.000 11621.000 
11790.000 12869.000 13168.000 11669.000 
11790.000 12869.000 13168.000 11621.000 
11790.000 12869.000 13168.000 11669.000 
11790.000 12869.000 13168.000 11621.000 
11816.000 12869.000 13168.000 11668.000 
11714.000 12869.000 13168.000 11710.000 
11750.000 12869.000 13168.000 11543.000 
11750.000 12869.000 13168.000 11600.000 
11750.000 12869.000 13168.000 11650.000 
11750.000 12038.000 13168.000 11694.000 
11750.000 11906.000 13168.000 11694.000 
11750.000 11892.000 13168.000 11694.000 
11750.000 11767.000 13168.000 11694.000 
11781.000 12032.000 13168.000 11694.000 
11651.000 11806.000 13168.000 11732.000 
11795.000 11806.000 13168.000 11759.000 
11796.000 11806.000 13168.000 11751.000 
11767.000 11806.000 13168.000 11809.000 
11767.000 11806.000 12388.000 11747.000 
11767.000 11806.000 12443.000 11830.000 
11767.000 11806.000 12023.000 11777.000 
11767.000 11806.000 11732.000 11704.000 
11767.000 11806.000 11752.000 11664.000 
11767.000 11806.000 11752.000 11743.000 
11767.000 11806.000 11737.000 11775.000 
11767.000 11806.000 11737.000 11775.000 
11767.000 11806.000 11737.000 11702.000 
11767.000 11806.000 11737.000 11800.000 
11767.000 11806.000 11737.000 11866.000 
11767.000 11806.000 11737.000 11788.000 
11697.000 11806.000 11737.000 11858.000 
11797.000 11806.000 11737.000 11891.000 
11844.000 11806.000 11737.000 11916.000 
11646.000 11806.000 11737.000 11936.000 
11690.000 12080.000 11737.000 11951.000 
11690.000 12080.000 11737.000 11962.000 
11653.000 12080.000 11737.000 11971.000 
11610.000 12080.000 11737.000 11850.000 
11613.000 12080.000 11737.000 11885.000 
11704.000 12080.000 11737.000 11787.000 
11706.000 12080.000 11737.000 11813.000 
11775.000 12080.000 11737.000 11857.000 
11718.000 12080.000 11737.000 11890.000 
11675.000 12080.000 11737.000 11904.000 
11641.000 12080.000 11737.000 11692.000 
11561.000 12080.000 11645.000 11605.000 
11561.000 12080.000 11645.000 11530.000 
11664.000 12080.000 11645.000 11640.000 
11743.000 12080.000 11645.000 11685.000 
11718.000 12080.000 11645.000 11759.000 
11675.000 12080.000 11645.000 11789.000 
11715.000 12080.000 11645.000 11815.000 
11751.000 12080.000 11645.000 11858.000 
11575.000 12080.000 11645.000 11876.000 
11440.000 12080.000 11645.000 11891.000 
11385.000 12436.000 11645.000 11891.000 
11462.000 12436.000 11645.000 11891.000 
11639.000 12436.000 11645.000 11891.000 
11649.000 12436.000 11645.000 11905.000 
11765.000 12436.000 11645.000 11792.000 
11746.000 12436.000 11645.000 11792.000 
11696.000 12436.000 11645.000 11792.000 
11767.000 12436.000 11645.000 11818.000 
11697.000 12436.000 11645.000 11715.000 
11687.000 12436.000 11645.000 11782.000 
11687.000 12436.000 11645.000 11809.000 
11687.000 12436.000 11645.000 11729.000 
11635.000 12436.000 11645.000 11638.000 
11786.000 12436.000 11645.000 11722.000 
11666.000 12436.000 11645.000 11757.000 
11666.000 12436.000 11645.000 11757.000 
11776.000 12436.000 11645.000 11757.000 
11754.000 12436.000 11645.000 11662.000 
11710.000 12436.000 11645.000 11705.000 
11778.000 12436.000 11645.000 11774.000 
11830.000 12436.000 11645.000 11802.000 
11830.000 12436.000 11645.000 11802.000 
11830.000 12436.000 11645.000 11802.000 
11830.000 12436.000 11645.000 11802.000 
11816.000 12436.000 11645.000 11723.000 
11755.000 12436.000 11645.000 11838.000 
11761.000 12436.000 11645.000 11843.000 
11781.000 12436.000 11645.000 11799.000 
11728.000 12436.000 11645.000 11770.000 
11693.000 12436.000 11645.000 11823.000 
11794.000 12436.000 11645.000 11882.000 
11794.000 12436.000 11645.000 11882.000 
11842.000 12436.000 11645.000 11896.000 
11842.000 12436.000 11645.000 11821.000 
11842.000 12436.000 11645.000 11771.000 
11812.000 12436.000 11645.000 11699.000 
11831.000 12436.000 11645.000 11737.000 
11805.000 12436.000 11645.000 11770.000 
11472.000 12436.000 11645.000 11698.000 
11316.000 12436.000 11645.000 11736.000 
11419.000 12436.000 11645.000 11736.000 
11419.000 12436.000 11645.000 11769.000 
11492.000 12436.000 11645.000 11698.000 
11564.000 12436.000 11645.000 11688.000 
11583.000 12436.000 11645.000 11791.000 
11635.000 12436.000 11645.000 11791.000 
11680.000 12436.000 11645.000 11735.000 
11812.000 12436.000 11645.000 11844.000 
11890.000 12436.000 11645.000 11825.000 
11935.000 12436.000 11645.000 11787.000 
11950.000 12436.000 11645.000 11857.000 
11871.000 12436.000 11645.000 11890.000 
11788.000 12436.000 11645.000 11890.000 
11838.000 12436.000 11645.000 11916.000 
11876.000 12436.000 11645.000 11951.000 
11876.000 12436.000 11645.000 11857.000 
11891.000 12436.000 11645.000 11904.000 
11807.000 12436.000 11645.000 11840.000 
11871.000 12436.000 11645.000 11768.000 
11791.000 12436.000 11645.000 11735.000 
11751.000 12436.000 11645.000 11797.000 
11684.000 12436.000 11645.000 11864.000 
11723.000 12436.000 11819.000 11864.000 
11723.000 12436.000 11819.000 11864.000 
11788.000 12436.000 11819.000 11896.000 
11838.000 12436.000 11819.000 11920.000 
11876.000 12436.000 11819.000 11939.000 
11682.000 12436.000 11819.000 11959.000 
11757.000 12436.000 11819.000 11843.000 
11813.000 12436.000 11819.000 11755.000 
11857.000 12436.000 11819.000 11812.000 
11765.000 12436.000 11819.000 11731.000 
11711.000 12436.000 11754.000 11765.000 
11711.000 12436.000 12106.000 11765.000 
11711.000 12436.000 11978.000 11669.000 
11544.000 12436.000 11978.000 11746.000 
11694.000 12436.000 11978.000 11696.000 
11657.000 12436.000 11978.000 11687.000 
11612.000 12436.000 11978.000 11760.000 
11740.000 12436.000 11978.000 11691.000 
11566.000 12436.000 11978.000 11764.000 
11668.000 12436.000 11978.000 11819.000 
11709.000 12436.000 11978.000 11752.000 
11777.000 12436.000 11978.000 11783.000 
11829.000 12436.000 12129.000 11810.000 
11829.000 12436.000 12945.000 11810.000 
11829.000 12436.000 12724.000 11834.000 
11829.000 12436.000 12724.000 11793.000 
11790.000 12436.000 12724.000 11841.000 
11793.000 12436.000 12724.000 11878.000 
11878.000 12436.000 12724.000 11907.000 
11793.000 12436.000 12724.000 11732.000 
11861.000 12436.000 12724.000 11641.000 
11798.000 12436.000 12724.000 11725.000 
11769.000 12329.000 12724.000 11725.000 
11823.000 12329.000 12724.000 11725.000 
11864.000 12329.000 12883.000 11725.000 
11786.000 12329.000 12883.000 11725.000 
11836.000 12329.000 12883.000 11725.000 
11640.000 12329.000 12883.000 11725.000 
11759.000 12329.000 12883.000 11725.000 
11789.000 12329.000 12883.000 11725.000 
11838.000 12329.000 12883.000 11725.000 
11876.000 12329.000 12883.000 11725.000 
11891.000 12329.000 12883.000 11725.000 
11917.000 22014.000 12883.000 11725.000 
11936.000 22014.000 12883.000 11725.000 
11944.000 22014.000 12231.000 11725.000 
11951.000 22014.000 11914.000 11759.000 
11951.000 22014.000 11778.000 11789.000 
11951.000 22014.000 11778.000 11838.000 
11951.000 22014.000 11778.000 11859.000 
11879.000 22014.000 11778.000 11751.000 
11819.000 22014.000 11778.000 11782.000 
11894.000 22014.000 11778.000 11809.000 
11809.000 22014.000 11778.000 11745.000 
11872.000 22014.000 11778.000 11776.000 
11914.000 22014.000 11778.000 11804.000 
11847.000 22014.000 11778.000 11829.000 
11757.000 22014.000 12287.000 11850.000 
11814.000 22014.000 12143.000 11869.000 
11858.000 22014.000 11772.000 11869.000 
11891.000 22014.000 11840.000 11869.000 
11807.000 22014.000 11800.000 11869.000 
11831.000 22014.000 11769.000 11885.000 
11831.000 22014.000 11736.000 11774.000 
11831.000 22014.000 11823.000 11774.000 
11761.000 22014.000 11823.000 11774.000 
11768.000 22014.000 11823.000 11774.000 
11735.000 22014.000 11823.000 11827.000 
11727.000 22014.000 11823.000 11849.000 
11761.000 22014.000 11823.000 11868.000 
11666.000 22014.000 11823.000 11898.000 
11694.000 22014.000 11823.000 11911.000 
11732.000 22014.000 11823.000 11922.000 
11795.000 22014.000 11823.000 11932.000 
11824.000 22014.000 11823.000 11948.000 
11826.000 22014.000 11823.000 11954.000 
11898.000 22014.000 11823.000 11960.000 
11931.000 22014.000 11823.000 11840.000 
11960.000 22014.000 11823.000 11877.000 
11969.000 22014.000 11823.000 11893.000 
11883.000 22014.000 11823.000 11906.000 
11786.000 22014.000 11823.000 11793.000 
11856.000 22014.000 11823.000 11818.000 
11780.000 22014.000 11823.000 11841.000 
11808.000 17136.000 11823.000 11861.000 
11808.000 12816.000 11823.000 11784.000 
11832.000 12816.000 11823.000 11811.000 
11887.000 12816.000 11823.000 11835.000 
11913.000 12816.000 11823.000 11855.000 
11934.000 12816.000 11823.000 11873.000 
11955.000 12816.000 11823.000 11889.000 
11966.000 12816.000 11823.000 11903.000 
11974.000 12816.000 11823.000 11903.000 
11855.000 12816.000 11823.000 11903.000 
11873.000 12816.000 14772.000 11903.000 
11873.000 12816.000 14772.000 11903.000 
11873.000 13040.000 14772.000 11903.000 
11889.000 13040.000 14772.000 11903.000 
11760.000 13040.000 14772.000 11903.000 
11734.000 13040.000 14772.000 11903.000 
11822.000 13040.000 14772.000 11903.000 
11738.000 13040.000 14772.000 11903.000 
11825.000 13040.000 14772.000 11903.000 
11773.000 13040.000 14772.000 11915.000 
11773.000 13040.000 14772.000 11800.000 
11801.000 13040.000 14772.000 11800.000 
11826.000 12572.000 14772.000 11800.000 
11826.000 11920.000 14772.000 11800.000 
11826.000 12434.000 14772.000 11800.000 
11826.000 12085.000 14772.000 11800.000 
11812.000 12085.000 14772.000 11800.000 
11710.000 12085.000 14772.000 11800.000 
11778.000 12085.000 14772.000 11800.000 
11786.000 12085.000 14772.000 11800.000 
11747.000 12085.000 14772.000 11800.000 
11721.000 12085.000 14772.000 11800.000 
11813.000 12085.000 14772.000 11800.000 
11779.000 12085.000 14772.000 11800.000 
11721.000 12085.000 14772.000 11800.000 
11786.000 12074.000 14772.000 11800.000 
11747.000 12032.000 14772.000 11800.000 
11806.000 11975.000 14772.000 11800.000 
11806.000 12039.000 14772.000 11800.000 
11806.000 12156.000 14772.000 11800.000 
11806.000 11996.000 14772.000 11800.000 
11806.000 11996.000 13404.000 11825.000 
11806.000 11996.000 12043.000 11825.000 
11806.000 11996.000 11946.000 11847.000 
11806.000 11996.000 11946.000 11866.000 
11806.000 11996.000 11946.000 11866.000 
11806.000 11996.000 11946.000 11758.000 
11806.000 11996.000 11946.000 11788.000 
11806.000 11996.000 11946.000 11788.000 
11806.000 11996.000 11946.000 11689.000 
11831.000 12325.000 11946.000 11728.000 
11852.000 12409.000 11946.000 11728.000 
11852.000 12313.000 11946.000 11762.000 
11852.000 12313.000 12019.000 11762.000 
11852.000 12313.000 12506.000 11762.000 
11852.000 12313.000 12819.000 11762.000 
11852.000 12313.000 12220.000 11762.000 
11852.000 12313.000 12464.000 11762.000 
11852.000 12313.000 12730.000 11762.000 
11852.000 12313.000 12730.000 11792.000 
11852.000 12313.000 12730.000 11818.000 
11852.000 12313.000 12730.000 11818.000 
11852.000 12313.000 12730.000 11840.000 
11852.000 12385.000 12730.000 11840.000 
11852.000 12554.000 12730.000 11840.000 
11852.000 12507.000 12730.000 11840.000 
11852.000 12088.000 12730.000 11840.000 
11852.000 11734.000 12730.000 11840.000 
11852.000 11822.000 12539.000 11840.000 
11852.000 11822.000 11724.000 11840.000 
11852.000 11822.000 11893.000 11840.000 
11852.000 11822.000 11790.000 11840.000 
11852.000 11822.000 12736.000 11840.000 
11852.000 11822.000 11817.000 11840.000 
11852.000 11822.000 11777.000 11840.000 
11852.000 11822.000 11777.000 11840.000 
11852.000 11822.000 11777.000 11840.000 
11852.000 11822.000 11777.000 11840.000 
11852.000 12239.000 11777.000 11860.000 
11852.000 11738.000 11777.000 11878.000 
11852.000 11753.000 11777.000 11878.000 
11852.000 11746.000 11777.000 11878.000 
11852.000 11666.000 11777.000 11878.000 
11852.000 11822.000 11777.000 11878.000 
11852.000 11786.000 12808.000 11878.000 
11852.000 11786.000 19823.000 11878.000 
11852.000 11786.000 19823.000 11878.000 
11777.000 11786.000 19823.000 11878.000 
11680.000 11786.000 19823.000 11828.000 
11720.000 11786.000 19823.000 11774.000 
11755.000 11786.000 19823.000 11742.000 
11785.000 11786.000 19823.000 11802.000 
11726.000 11786.000 19823.000 11743.000 
11760.000 11786.000 19823.000 11702.000 
11760.000 11786.000 19823.000 11800.000 
11760.000 11786.000 19823.000 11847.000 
11760.000 11798.000 19823.000 11883.000 
11760.000 11638.000 19823.000 11785.000 
11760.000 12145.000 19823.000 11785.000 
11760.000 12330.000 19823.000 11687.000 
11760.000 12539.000 19823.000 11651.000 
11839.000 12539.000 19823.000 11657.000 
11796.000 12539.000 19823.000 11770.000 
11686.000 12539.000 19823.000 11824.000 
11760.000 12539.000 19823.000 11661.000 
11714.000 12539.000 19823.000 11615.000 
11699.000 12539.000 19823.000 11580.000 
11798.000 12539.000 19823.000 11679.000 
11736.000 12539.000 19823.000 11754.000 
11798.000 12539.000 19823.000 11811.000 
11698.000 12601.000 19823.000 11835.000 
11698.000 12601.000 19823.000 11873.000 
11659.000 12601.000 19823.000 11794.000 
11676.000 12601.000 19823.000 11819.000 
11627.000 12601.000 19823.000 11737.000 
11714.000 12601.000 19823.000 11798.000 
11714.000 12601.000 19823.000 11823.000 
11714.000 12601.000 19823.000 11755.000 
11750.000 12601.000 19823.000 11786.000 
11808.000 12601.000 19823.000 11836.000 
11871.000 12601.000 19823.000 11856.000 
11901.000 17475.000 19823.000 11856.000 
11924.000 17475.000 19823.000 11856.000 
11949.000 17475.000 19823.000 11856.000 
11961.000 17475.000 19823.000 11890.000 
11966.000 17475.000 19823.000 11916.000 
11845.000 17475.000 15511.000 11916.000 
11845.000 17475.000 15511.000 11916.000 
11864.000 17475.000 15511.000 11926.000 
11909.000 17475.000 15511.000 11943.000 
11930.000 17475.000 15511.000 11831.000 
11939.000 18353.000 15511.000 11831.000 
11939.000 18505.000 15511.000 11831.000 
11939.000 18505.000 15511.000 11852.000 
11946.000 18505.000 15511.000 11887.000 
11841.000 18505.000 15511.000 11740.000 
11823.000 18505.000 15511.000 11723.000 
11786.000 18505.000 15322.000 11757.000 
11875.000 18505.000 15322.000 11741.000 
11904.000 18505.000 15322.000 11827.000 
11840.000 18505.000 15322.000 11802.000 
11767.000 18505.000 15322.000 11758.000 
11767.000 18505.000 15322.000 11838.000 
11712.000 18505.000 15322.000 11876.000 
11780.000 18505.000 15322.000 11917.000 
11743.000 18505.000 15322.000 11936.000 
11775.000 18505.000 15322.000 11951.000 
11775.000 18505.000 15322.000 11962.000 
11703.000 18505.000 15322.000 11846.000 
11718.000 18505.000 15322.000 11865.000 
11662.000 18505.000 15322.000 11865.000 
11677.000 18505.000 15322.000 11882.000 
11810.000 18505.000 15322.000 11700.000 
11873.000 18505.000 15322.000 11770.000 
11915.000 18505.000 15322.000 11721.000 
11825.000 18505.000 15322.000 11661.000 
11773.000 18505.000 15322.000 11740.000 
11701.000 18505.000 13863.000 11692.000 
11614.000 18505.000 12869.000 11730.000 
11614.000 18505.000 12594.000 11730.000 
11614.000 18505.000 12611.000 11764.000 
11614.000 18505.000 12611.000 11694.000 
11614.000 14139.000 12611.000 11686.000 
11614.000 13337.000 12611.000 11650.000 
11614.000 13170.000 12611.000 11732.000 
11614.000 13170.000 12611.000 11820.000 
11614.000 13170.000 12611.000 11737.000 
11614.000 13170.000 12611.000 11770.000 
11614.000 13170.000 12611.000 11824.000 
11614.000 13170.000 12611.000 11865.000 
11662.000 13170.000 12611.000 11896.000 
11662.000 13170.000 15692.000 11921.000 
11662.000 13170.000 15692.000 11805.000 
11704.000 13170.000 15692.000 11851.000 
11743.000 13170.000 15692.000 11851.000 
11775.000 13170.000 15692.000 11851.000 
11739.000 13170.000 15692.000 11870.000 
11723.000 13170.000 15692.000 11791.000 
11632.000 13170.000 15692.000 11817.000 
11753.000 13170.000 15692.000 11817.000 
11730.000 13170.000 15692.000 11840.000 
11639.000 13170.000 15692.000 11877.000 
11559.000 13170.000 15692.000 11781.000 
11489.000 13170.000 15692.000 11832.000 
11489.000 13170.000 15692.000 11778.000 
11489.000 13170.000 15692.000 11830.000 
11489.000 13170.000 15692.000 11745.000 
11489.000 13170.000 15692.000 11570.000 
11489.000 13170.000 15692.000 11436.000 
11489.000 13170.000 15692.000 11334.000 
11489.000 13170.000 15692.000 11292.000 
11489.000 13170.000 15231.000 11458.000 
11489.000 13170.000 14827.000 11585.000 
11489.000 13170.000 14827.000 11573.000 
11484.000 13170.000 14827.000 11626.000 
11548.000 14442.000 14827.000 11626.000 
11529.000 14442.000 14827.000 11626.000 
11588.000 14442.000 14827.000 11673.000 
11559.000 14442.000 14827.000 11749.000 
11662.000 14442.000 14827.000 11699.000 
11580.000 14442.000 14827.000 11769.000 
11553.000 14442.000 14827.000 11698.000 
11609.000 14442.000 13799.000 11698.000 
11533.000 14442.000 12456.000 11698.000 
11533.000 14442.000 12389.000 11698.000 
11533.000 14442.000 12060.000 11749.000 
11533.000 14442.000 12060.000 11769.000 
11466.000 14442.000 12060.000 11736.000 
11601.000 14442.000 12060.000 11823.000 
11656.000 14442.000 12060.000 11785.000 
11645.000 14442.000 12060.000 11731.000 
11762.000 14442.000 12060.000 11794.000 
11731.000 14442.000 12060.000 11733.000 
11669.000 14442.000 12060.000 11795.000 
11544.000 14442.000 12060.000 11738.000 
11601.000 14714.000 12265.000 11770.000 
11601.000 14714.000 12265.000 11770.000 
11694.000 14714.000 12265.000 11799.000 
11766.000 14714.000 12265.000 11865.000 
11718.000 14714.000 12265.000 11910.000 
11784.000 14714.000 12265.000 11821.000 
11855.000 14714.000 12265.000 11880.000 
11889.000 14714.000 12265.000 11783.000 
11915.000 14714.000 12265.000 11709.000 
11935.000 14714.000 12265.000 11652.000 
11950.000 14714.000 12265.000 11608.000 
11961.000 14714.000 12265.000 11608.000 
11966.000 14714.000 12265.000 11657.000 
11966.000 14714.000 12265.000 11628.000 
11970.000 14714.000 12265.000 11715.000 
11977.000 14714.000 12265.000 11809.000 
11982.000 14714.000 12265.000 11744.000 
11986.000 14714.000 12265.000 11733.000 
11989.000 14714.000 12265.000 11795.000 
11992.000 14714.000 12265.000 11843.000 
11994.000 14714.000 12265.000 11770.000 
11994.000 14714.000 12024.000 11699.000 
11994.000 12986.000 12024.000 11770.000 
11994.000 12008.000 12024.000 11673.000 
11871.000 12008.000 12024.000 11750.000 
11924.000 12008.000 12024.000 11808.000 
11762.000 12008.000 12024.000 11832.000 
11841.000 12008.000 12024.000 11637.000 
11769.000 12008.000 12024.000 11682.000 
11735.000 12008.000 12024.000 11757.000 
11823.000 12008.000 12024.000 11814.000 
11864.000 12008.000 12024.000 11837.000 
11661.000 12008.000 11913.000 11857.000 
11661.000 12381.000 11809.000 11891.000 
11579.000 12158.000 11809.000 11904.000 
11677.000 12158.000 11809.000 11904.000 
11677.000 12158.000 11809.000 11904.000 
11677.000 12158.000 11809.000 11904.000 
11811.000 12158.000 11809.000 11817.000 
11805.000 12158.000 11809.000 11860.000 
11886.000 12158.000 11809.000 11877.000 
11814.000 12158.000 11809.000 11781.000 
11857.000 12158.000 11809.000 11781.000 
11795.000 12158.000 12447.000 11781.000 
11753.000 12574.000 12447.000 11808.000 
11811.000 12244.000 12447.000 11853.000 
11746.000 12463.000 12447.000 11696.000 
11805.000 12405.000 12447.000 11767.000 
11726.000 12614.000 12447.000 11822.000 
11720.000 12557.000 12447.000 11863.000 
11755.000 12724.000 12447.000 11786.000 
11813.000 12724.000 12447.000 11813.000 
11856.000 12724.000 12447.000 11747.000 
11874.000 12724.000 12217.000 11681.000 
11904.000 12724.000 12217.000 11721.000 
11926.000 12724.000 12217.000 11661.000 
11943.000 12724.000 12217.000 11741.000 
11825.000 12724.000 12217.000 11648.000 
11866.000 12724.000 12217.000 11730.000 
11883.000 12724.000 12217.000 11764.000 
11883.000 12724.000 12217.000 11793.000 
11883.000 12724.000 12217.000 11793.000 
11897.000 12724.000 12217.000 11793.000 
11785.000 12724.000 12217.000 11819.000 
11835.000 12724.000 11855.000 11819.000 
11874.000 12724.000 12288.000 11819.000 
11903.000 12724.000 12288.000 11842.000 
11790.000 12724.000 12288.000 11644.000 
