0.000 0.000 0.000 0.000 
42750.000 42000.000 0.000 0.000 
42750.000 42000.000 0.000 0.000 
42750.000 42000.000 0.000 202000.000 
49835.000 42000.000 0.000 202000.000 
48525.000 42000.000 0.000 216104.000 
48459.000 42000.000 0.000 216104.000 
48459.000 42000.000 0.000 216624.000 
48459.000 42000.000 0.000 216624.000 
48459.000 42000.000 0.000 216624.000 
48459.000 42000.000 0.000 216624.000 
48459.000 42000.000 0.000 216624.000 
48459.000 42000.000 0.000 216624.000 
48459.000 47486.000 0.000 216624.000 
48459.000 47531.000 0.000 216624.000 
48459.000 47839.000 0.000 216624.000 
48459.000 48133.000 0.000 216624.000 
48459.000 48133.000 0.000 216624.000 
48459.000 48765.000 0.000 216624.000 
48459.000 48115.000 0.000 216624.000 
48459.000 47886.000 0.000 216624.000 
48459.000 47871.000 0.000 216624.000 
48459.000 47862.000 0.000 216624.000 
48459.000 47804.000 0.000 216624.000 
48459.000 47829.000 0.000 216624.000 
48459.000 47829.000 0.000 216624.000 
48459.000 47829.000 0.000 216624.000 
48459.000 48017.000 0.000 216624.000 
48459.000 47828.000 0.000 216624.000 
48459.000 47849.000 0.000 216624.000 
48459.000 48569.000 0.000 216624.000 
48459.000 48020.000 0.000 216624.000 
48459.000 47732.000 0.000 216624.000 
48459.000 47851.000 0.000 216624.000 
48459.000 47801.000 362000.000 216624.000 
48459.000 47762.000 362000.000 216624.000 
48459.000 47809.000 362000.000 216624.000 
48459.000 47707.000 362000.000 216624.000 
48459.000 47707.000 376104.000 216624.000 
48459.000 47707.000 376104.000 216624.000 
48459.000 47707.000 376104.000 216624.000 
48459.000 47707.000 375091.000 216624.000 
48459.000 47707.000 374454.000 216624.000 
48459.000 47707.000 374454.000 216624.000 
48459.000 47707.000 374454.000 216624.000 
48459.000 47707.000 374454.000 216624.000 
48459.000 47707.000 374454.000 216624.000 
48459.000 47707.000 374454.000 216624.000 
48352.000 47707.000 374454.000 216624.000 
48465.000 47707.000 374454.000 216624.000 
48465.000 78143.000 374454.000 216624.000 
48465.000 78143.000 374454.000 216624.000 
48465.000 78143.000 374454.000 216624.000 
48465.000 78143.000 374454.000 216624.000 
48465.000 78143.000 374454.000 216624.000 
48465.000 78143.000 374454.000 216624.000 
48465.000 78143.000 374454.000 216624.000 
48465.000 78143.000 374454.000 216624.000 
48465.000 78143.000 374454.000 216624.000 
48465.000 78143.000 374454.000 216624.000 
48465.000 78143.000 374454.000 216624.000 
48465.000 78143.000 374454.000 216624.000 
48465.000 78143.000 374454.000 216624.000 
48465.000 58722.000 374454.000 216624.000 
48465.000 54685.000 374454.000 216624.000 
48465.000 54685.000 374454.000 216624.000 
48465.000 54685.000 374454.000 216624.000 
48465.000 54685.000 374454.000 216624.000 
48465.000 54685.000 374454.000 216624.000 
48465.000 54685.000 374454.000 216624.000 
48465.000 54685.000 374454.000 216624.000 
48657.000 54685.000 374454.000 216624.000 
48211.000 54685.000 374454.000 216624.000 
48028.000 54685.000 374454.000 216624.000 
48084.000 54685.000 374454.000 216624.000 
47947.000 54685.000 374454.000 216624.000 
47947.000 54685.000 374454.000 216624.000 
47947.000 54685.000 374454.000 216624.000 
47947.000 54685.000 374454.000 216624.000 
47947.000 54685.000 374454.000 216624.000 
47947.000 54685.000 374454.000 216624.000 
47947.000 54685.000 374454.000 216624.000 
47947.000 54685.000 374454.000 216624.000 
47947.000 54685.000 374454.000 216624.000 
47947.000 54685.000 374454.000 216624.000 
47947.000 54685.000 374454.000 216624.000 
47953.000 54685.000 374454.000 216624.000 
47953.000 54685.000 374454.000 216624.000 
47953.000 52296.000 374454.000 216624.000 
47953.000 50589.000 374454.000 216624.000 
47953.000 49587.000 374454.000 216624.000 
47953.000 47930.000 374454.000 216624.000 
47953.000 49281.000 374454.000 216624.000 
47953.000 48856.000 374454.000 216624.000 
47953.000 48856.000 374454.000 216624.000 
47953.000 48856.000 374454.000 216624.000 
47953.000 49398.000 374454.000 216624.000 
48209.000 49706.000 374454.000 216624.000 
48013.000 47970.000 374454.000 216624.000 
47912.000 47982.000 374454.000 216624.000 
48032.000 47972.000 374454.000 216624.000 
47905.000 47833.000 374454.000 216624.000 
47832.000 47808.000 374454.000 216624.000 
48346.000 49607.000 374454.000 216624.000 
47855.000 47889.000 374454.000 216624.000 
48042.000 47859.000 374454.000 216624.000 
47948.000 47859.000 374454.000 216624.000 
48328.000 47859.000 374454.000 216624.000 
47900.000 47859.000 374454.000 216624.000 
47837.000 47859.000 374454.000 216624.000 
47891.000 47859.000 374454.000 216624.000 
48322.000 47859.000 374454.000 216624.000 
47945.000 47859.000 374454.000 216624.000 
47843.000 47859.000 374454.000 216624.000 
47845.000 47859.000 374454.000 216624.000 
47807.000 47859.000 374454.000 216624.000 
47807.000 49876.000 374454.000 216624.000 
47807.000 51469.000 374454.000 216624.000 
47807.000 51469.000 374454.000 216624.000 
47807.000 50658.000 374454.000 216624.000 
47807.000 49448.000 374454.000 216624.000 
47807.000 48628.000 374454.000 216624.000 
47807.000 48244.000 374454.000 216624.000 
47807.000 47886.000 374454.000 216624.000 
47807.000 47968.000 374454.000 215546.000 
47807.000 47820.000 374454.000 215546.000 
47831.000 47701.000 374454.000 214027.000 
49157.000 47787.000 374454.000 214027.000 
48199.000 47787.000 374454.000 214027.000 
49054.000 48406.000 374454.000 214027.000 
48070.000 48406.000 374454.000 214027.000 
48444.000 48412.000 374454.000 214027.000 
48444.000 48304.000 374454.000 214027.000 
49014.000 48136.000 374454.000 214027.000 
48941.000 48136.000 374454.000 214027.000 
48070.000 48466.000 374454.000 214027.000 
49059.000 48029.000 374454.000 214027.000 
48032.000 47904.000 374454.000 214027.000 
47896.000 47777.000 374454.000 214027.000 
48495.000 48270.000 374454.000 214027.000 
48074.000 47983.000 374454.000 214027.000 
47860.000 47842.000 374454.000 214027.000 
47808.000 47752.000 374454.000 214027.000 
47776.000 47756.000 374454.000 214027.000 
47723.000 47806.000 374454.000 214027.000 
47763.000 47759.000 374454.000 214027.000 
47741.000 47751.000 374454.000 214027.000 
47849.000 47740.000 374454.000 214027.000 
47703.000 47854.000 374454.000 214027.000 
47751.000 47802.000 374454.000 214027.000 
47729.000 47802.000 374454.000 214027.000 
47954.000 47802.000 374454.000 214027.000 
47776.000 47802.000 374454.000 214027.000 
48718.000 47802.000 374454.000 214027.000 
47891.000 47802.000 374454.000 214027.000 
47835.000 47802.000 374454.000 214027.000 
47740.000 47802.000 374454.000 214027.000 
48687.000 47802.000 374454.000 214027.000 
48687.000 47802.000 374454.000 214027.000 
48848.000 47802.000 374454.000 214027.000 
47933.000 47802.000 374454.000 213274.000 
48537.000 50424.000 374454.000 213274.000 
48866.000 55500.000 374454.000 213274.000 
48866.000 50166.000 374454.000 212178.000 
48866.000 48888.000 374454.000 212178.000 
50224.000 47975.000 374454.000 211199.000 
48407.000 47981.000 374454.000 211199.000 
47947.000 47891.000 374454.000 211199.000 
47839.000 47842.000 374454.000 211199.000 
47789.000 47983.000 374454.000 211199.000 
47748.000 47876.000 374454.000 211199.000 
47711.000 47656.000 374454.000 211199.000 
47795.000 48176.000 374454.000 211199.000 
47778.000 47816.000 374454.000 211199.000 
47709.000 47749.000 374454.000 211199.000 
47755.000 47861.000 374454.000 211199.000 
47813.000 47861.000 374454.000 211199.000 
47811.000 47967.000 374454.000 211199.000 
47811.000 47846.000 374454.000 211199.000 
47811.000 48175.000 374454.000 211199.000 
47811.000 47894.000 374454.000 211199.000 
47811.000 47786.000 374454.000 211199.000 
47811.000 47836.000 374454.000 211199.000 
47811.000 48088.000 374454.000 211199.000 
47811.000 47974.000 374454.000 211199.000 
47811.000 47718.000 374454.000 211199.000 
47811.000 48088.000 374454.000 211199.000 
47811.000 47929.000 374454.000 211199.000 
47811.000 47874.000 374454.000 211199.000 
50564.000 47735.000 374454.000 211199.000 
50564.000 47713.000 374454.000 211199.000 
50564.000 47713.000 374454.000 211199.000 
50564.000 47713.000 374454.000 211199.000 
50564.000 47713.000 374454.000 210799.000 
50564.000 47713.000 374454.000 210799.000 
50493.000 47713.000 374454.000 210283.000 
53930.000 47713.000 374454.000 210283.000 
49973.000 47713.000 374454.000 209748.000 
49973.000 47713.000 374454.000 209748.000 
52177.000 47713.000 374454.000 209640.000 
48283.000 47713.000 374454.000 209640.000 
47830.000 48632.000 374454.000 209539.000 
47752.000 52438.000 374454.000 209539.000 
47752.000 52438.000 374454.000 209347.000 
47752.000 52438.000 374454.000 209347.000 
47752.000 52438.000 374454.000 209347.000 
47752.000 52438.000 374454.000 209347.000 
47752.000 52438.000 374454.000 209347.000 
47752.000 52438.000 374454.000 209347.000 
47752.000 52438.000 374454.000 209347.000 
47752.000 52438.000 374454.000 209347.000 
47752.000 52438.000 374454.000 209347.000 
47752.000 52438.000 374454.000 209347.000 
47752.000 52438.000 374454.000 209347.000 
50371.000 52438.000 374454.000 209347.000 
50371.000 52438.000 374454.000 209347.000 
50371.000 52438.000 374454.000 209347.000 
50371.000 52438.000 373523.000 209347.000 
50371.000 52438.000 373523.000 209347.000 
50371.000 52438.000 373523.000 209347.000 
50371.000 52438.000 372603.000 209347.000 
50371.000 52438.000 372603.000 209347.000 
50371.000 52438.000 372603.000 209347.000 
50371.000 52438.000 372603.000 209347.000 
50371.000 52438.000 371399.000 209347.000 
50371.000 52438.000 371399.000 209347.000 
50371.000 52438.000 371399.000 209428.000 
50371.000 52438.000 371399.000 209428.000 
50371.000 52438.000 370871.000 209250.000 
50371.000 52438.000 370871.000 209250.000 
50371.000 52438.000 370871.000 209250.000 
50371.000 52438.000 370151.000 209250.000 
50371.000 52438.000 370151.000 209250.000 
50371.000 52438.000 370151.000 209250.000 
50371.000 52438.000 370151.000 209093.000 
50371.000 52438.000 369280.000 209093.000 
50371.000 52438.000 369280.000 208728.000 
50371.000 51883.000 369280.000 208728.000 
51612.000 50831.000 369280.000 208956.000 
51612.000 49666.000 368728.000 208956.000 
51612.000 49666.000 368728.000 208956.000 
51612.000 49666.000 368728.000 208956.000 
51612.000 49666.000 368728.000 208956.000 
51612.000 49666.000 368728.000 208956.000 
51612.000 49666.000 368728.000 208956.000 
51612.000 49666.000 368728.000 208956.000 
51612.000 49666.000 368728.000 208956.000 
51612.000 49666.000 368728.000 208956.000 
51612.000 49666.000 368728.000 208956.000 
51612.000 49666.000 368728.000 208956.000 
49469.000 49708.000 368728.000 208956.000 
48296.000 49001.000 368728.000 208956.000 
48296.000 48440.000 368728.000 208956.000 
49000.000 48152.000 368728.000 208956.000 
48031.000 48209.000 368728.000 208956.000 
47860.000 47968.000 368728.000 208956.000 
48468.000 47921.000 368728.000 208956.000 
48061.000 48674.000 368728.000 208956.000 
48053.000 47958.000 368728.000 208956.000 
47917.000 47929.000 368728.000 208956.000 
47855.000 48246.000 368728.000 208956.000 
47734.000 47925.000 368728.000 208956.000 
47734.000 48072.000 368728.000 208956.000 
48285.000 48118.000 368728.000 208956.000 
48345.000 47844.000 368728.000 208956.000 
48045.000 48023.000 368728.000 208956.000 
47895.000 48023.000 368728.000 208956.000 
47779.000 48023.000 368728.000 208836.000 
48107.000 48023.000 368728.000 208836.000 
47835.000 50629.000 368728.000 208890.000 
47841.000 48413.000 368728.000 208890.000 
47771.000 47926.000 368728.000 208682.000 
47755.000 47926.000 368728.000 208682.000 
47742.000 47926.000 368728.000 208471.000 
47855.000 48736.000 368728.000 208471.000 
47802.000 48054.000 368728.000 208471.000 
47763.000 47855.000 368728.000 208471.000 
47770.000 47697.000 368728.000 208471.000 
47752.000 47672.000 368728.000 208471.000 
47810.000 47639.000 368728.000 208471.000 
47810.000 48217.000 368728.000 208471.000 
47810.000 47900.000 368728.000 208471.000 
47810.000 47909.000 368728.000 208471.000 
47810.000 48671.000 368728.000 208471.000 
47810.000 48008.000 368728.000 208471.000 
47810.000 47908.000 368728.000 208471.000 
47810.000 47899.000 368728.000 208471.000 
47810.000 47821.000 368728.000 208662.000 
47810.000 47863.000 368728.000 208662.000 
47810.000 47863.000 368728.000 208662.000 
47810.000 48873.000 368728.000 208662.000 
48122.000 48190.000 368728.000 208662.000 
51069.000 47891.000 368728.000 208662.000 
50142.000 47840.000 368728.000 208662.000 
48226.000 47840.000 368728.000 208662.000 
49428.000 47840.000 368887.000 208662.000 
48743.000 47840.000 368887.000 208662.000 
48811.000 47840.000 368887.000 208662.000 
48752.000 47840.000 368887.000 208662.000 
47805.000 47840.000 368887.000 208662.000 
47859.000 47840.000 368887.000 208662.000 
47859.000 47840.000 368887.000 208662.000 
47859.000 47840.000 368887.000 208662.000 
47859.000 47840.000 368887.000 208662.000 
47859.000 47840.000 368887.000 208662.000 
56114.000 47840.000 368887.000 208662.000 
49690.000 47840.000 368887.000 208662.000 
49690.000 47840.000 368887.000 208662.000 
49690.000 47840.000 368887.000 208662.000 
49690.000 47840.000 368887.000 208662.000 
49690.000 47840.000 368887.000 208662.000 
49221.000 47840.000 368887.000 208662.000 
47867.000 47840.000 369026.000 208757.000 
47867.000 47840.000 369026.000 208757.000 
47867.000 47840.000 369026.000 208757.000 
48630.000 48928.000 369026.000 208757.000 
48093.000 52472.000 368786.000 208757.000 
48093.000 52472.000 368786.000 208757.000 
48093.000 52472.000 368786.000 208757.000 
48093.000 52472.000 368492.000 208757.000 
48093.000 52472.000 368492.000 208757.000 
48093.000 52472.000 368492.000 208757.000 
48093.000 52472.000 368492.000 208757.000 
48093.000 52472.000 368492.000 208757.000 
48093.000 52472.000 368492.000 208757.000 
48093.000 52472.000 368492.000 208757.000 
48093.000 52472.000 368492.000 208757.000 
48707.000 51913.000 368492.000 208757.000 
52957.000 50844.000 368492.000 208579.000 
54014.000 49796.000 368492.000 208579.000 
54014.000 49344.000 368492.000 208579.000 
54014.000 48292.000 368492.000 208579.000 
54014.000 47867.000 368492.000 208579.000 
54014.000 48445.000 368492.000 208579.000 
54014.000 48090.000 368680.000 208579.000 
54014.000 47826.000 368680.000 208579.000 
54014.000 47826.000 368680.000 208579.000 
54014.000 48445.000 368680.000 208579.000 
54014.000 48540.000 368470.000 208579.000 
54014.000 48413.000 368470.000 208579.000 
54014.000 48413.000 368470.000 208579.000 
54245.000 48361.000 368470.000 208579.000 
48957.000 48361.000 368470.000 208579.000 
48561.000 48361.000 368470.000 208579.000 
48570.000 48361.000 368470.000 208579.000 
48397.000 48361.000 368470.000 208579.000 
47936.000 48361.000 368470.000 208579.000 
47860.000 48361.000 368470.000 208579.000 
47698.000 48361.000 368470.000 208579.000 
47655.000 48361.000 368470.000 208579.000 
47655.000 48361.000 368470.000 208579.000 
47655.000 48361.000 368470.000 208579.000 
49208.000 48711.000 368470.000 208579.000 
48925.000 48800.000 368829.000 208579.000 
48925.000 48214.000 368829.000 208579.000 
48925.000 48096.000 368829.000 208579.000 
48925.000 47939.000 368634.000 208579.000 
49463.000 48312.000 368634.000 208579.000 
48531.000 47935.000 368634.000 208579.000 
48174.000 47956.000 368634.000 208579.000 
48005.000 47764.000 368634.000 208579.000 
47739.000 47720.000 368634.000 208579.000 
47772.000 47720.000 368634.000 208579.000 
47833.000 48505.000 368634.000 208579.000 
47852.000 48733.000 368634.000 208579.000 
47754.000 47945.000 368634.000 208579.000 
47816.000 47849.000 368634.000 208579.000 
47738.000 47800.000 368634.000 208579.000 
47773.000 47800.000 368634.000 208579.000 
47883.000 47744.000 368634.000 208579.000 
47883.000 47785.000 368634.000 208579.000 
48316.000 47806.000 368634.000 208579.000 
47934.000 47806.000 368634.000 208579.000 
47849.000 47806.000 368634.000 208579.000 
47868.000 47806.000 368634.000 208579.000 
47868.000 47806.000 368634.000 208579.000 
47868.000 47806.000 368634.000 208579.000 
47868.000 47806.000 368634.000 208579.000 
48470.000 47806.000 368634.000 208579.000 
48085.000 47806.000 368634.000 208579.000 
47974.000 47806.000 368634.000 208579.000 
47790.000 47806.000 368634.000 208579.000 
47841.000 48570.000 368634.000 208757.000 
47873.000 51259.000 368634.000 208757.000 
47836.000 51259.000 368634.000 208757.000 
47728.000 48659.000 368634.000 208757.000 
47813.000 47954.000 368634.000 208757.000 
47843.000 49150.000 368634.000 208757.000 
47750.000 47786.000 368634.000 208757.000 
47778.000 47813.000 368634.000 208757.000 
47721.000 50207.000 368634.000 208757.000 
47765.000 48245.000 368555.000 208757.000 
47769.000 47867.000 368555.000 208757.000 
47832.000 47842.000 368555.000 208757.000 
48136.000 47842.000 368555.000 208757.000 
48111.000 48773.000 368675.000 208757.000 
48111.000 47972.000 368675.000 208757.000 
48111.000 48228.000 368675.000 208757.000 
48449.000 47882.000 368590.000 208757.000 
48022.000 47761.000 368590.000 208757.000 
47900.000 47817.000 368590.000 208757.000 
47830.000 47902.000 368590.000 208757.000 
47830.000 47742.000 368590.000 208757.000 
47830.000 47764.000 368590.000 208757.000 
47830.000 47815.000 368590.000 208757.000 
47830.000 47811.000 368590.000 208757.000 
47830.000 47790.000 368590.000 208757.000 
47830.000 47767.000 368590.000 208829.000 
47830.000 47779.000 368590.000 208829.000 
47830.000 47820.000 368590.000 208805.000 
47830.000 47784.000 368590.000 208805.000 
47830.000 47784.000 368590.000 208580.000 
47830.000 47784.000 368590.000 208580.000 
48131.000 48824.000 368590.000 208580.000 
47942.000 48114.000 368590.000 208580.000 
47942.000 47929.000 368590.000 208580.000 
48036.000 47801.000 368590.000 208580.000 
47889.000 48311.000 368590.000 208580.000 
47886.000 47850.000 368590.000 208580.000 
48551.000 47792.000 368590.000 208580.000 
48015.000 47845.000 368590.000 208580.000 
47949.000 47875.000 368590.000 208580.000 
47834.000 47710.000 368590.000 208580.000 
47774.000 47755.000 368590.000 208580.000 
47788.000 47813.000 368590.000 208580.000 
47788.000 47811.000 368590.000 208580.000 
47788.000 47790.000 368590.000 208580.000 
47973.000 47767.000 368590.000 208580.000 
47916.000 47779.000 368590.000 208580.000 
47783.000 47794.000 368590.000 208580.000 
48574.000 47820.000 368590.000 208580.000 
48088.000 47820.000 368590.000 208580.000 
47812.000 48092.000 368590.000 208580.000 
47826.000 48962.000 368590.000 208580.000 
47766.000 47988.000 368590.000 208580.000 
47863.000 47874.000 368590.000 208580.000 
47805.000 47827.000 368590.000 208580.000 
47793.000 47794.000 368590.000 208580.000 
47846.000 47799.000 368590.000 208580.000 
47854.000 47744.000 368590.000 208580.000 
47802.000 47785.000 368590.000 208580.000 
47763.000 47775.000 368590.000 208580.000 
47770.000 47861.000 368590.000 208580.000 
47752.000 47890.000 368590.000 208580.000 
47805.000 47710.000 368590.000 208580.000 
47759.000 47755.000 368590.000 208580.000 
47751.000 47813.000 368590.000 208580.000 
47740.000 47811.000 368590.000 208580.000 
47872.000 47726.000 368590.000 208580.000 
47867.000 47726.000 368590.000 208580.000 
47751.000 48473.000 368590.000 208580.000 
47740.000 47988.000 368590.000 208580.000 
47854.000 47947.000 368590.000 208507.000 
47802.000 48465.000 368590.000 208507.000 
47763.000 48016.000 368590.000 208638.000 
47809.000 48016.000 368590.000 208638.000 
47716.000 48096.000 368590.000 208558.000 
47716.000 47885.000 368590.000 208558.000 
47716.000 47791.000 368590.000 208558.000 
47716.000 48764.000 368590.000 208558.000 
48534.000 48054.000 368590.000 208558.000 
47986.000 47811.000 368590.000 208558.000 
47939.000 47803.000 368590.000 208489.000 
47939.000 47807.000 368590.000 208489.000 
48066.000 47879.000 368590.000 208249.000 
47850.000 47798.000 368590.000 208249.000 
47823.000 47798.000 368590.000 208440.000 
48558.000 47798.000 368590.000 208440.000 
48023.000 47798.000 368590.000 208440.000 
47898.000 47798.000 368590.000 208440.000 
47791.000 47798.000 368590.000 208440.000 
47667.000 47798.000 368590.000 208440.000 
47719.000 47798.000 368590.000 208337.000 
47806.000 47798.000 368590.000 208337.000 
47759.000 47798.000 368590.000 208170.000 
47751.000 47798.000 368590.000 208170.000 
47740.000 48971.000 368590.000 208170.000 
47752.000 50541.000 368590.000 208170.000 
47752.000 50541.000 368590.000 208170.000 
47752.000 50541.000 368590.000 208170.000 
47752.000 50541.000 368590.000 208170.000 
47752.000 50541.000 368590.000 208170.000 
47752.000 50954.000 368590.000 208170.000 
47752.000 48978.000 368590.000 208170.000 
47752.000 48384.000 368590.000 208170.000 
47752.000 47761.000 368590.000 208399.000 
47752.000 48213.000 368590.000 208399.000 
47752.000 47890.000 368590.000 208305.000 
47752.000 47890.000 368590.000 208305.000 
47752.000 47890.000 368590.000 208267.000 
47752.000 47890.000 368590.000 208267.000 
47752.000 47890.000 368590.000 208267.000 
47752.000 47890.000 368590.000 208267.000 
47752.000 47890.000 368590.000 208267.000 
47752.000 47890.000 368590.000 208267.000 
47752.000 47890.000 368590.000 208267.000 
47752.000 47890.000 368590.000 208267.000 
47752.000 47890.000 368590.000 208267.000 
47752.000 47890.000 368590.000 208267.000 
47752.000 48067.000 368590.000 208483.000 
47752.000 49832.000 368590.000 208483.000 
47752.000 49074.000 368590.000 208423.000 
47752.000 48223.000 368590.000 208423.000 
47752.000 48372.000 368590.000 208423.000 
47752.000 47778.000 368590.000 208423.000 
47752.000 47870.000 368590.000 208423.000 
47752.000 48067.000 368590.000 208423.000 
47752.000 48067.000 368590.000 208423.000 
48869.000 48067.000 368590.000 208423.000 
48894.000 48067.000 368590.000 208423.000 
48894.000 48067.000 368590.000 208423.000 
50768.000 48067.000 368590.000 208423.000 
48185.000 48067.000 368590.000 208423.000 
48105.000 48067.000 368517.000 208423.000 
47863.000 48067.000 368517.000 208423.000 
47776.000 48067.000 368517.000 208423.000 
47858.000 48067.000 368517.000 208423.000 
48283.000 48067.000 368645.000 208423.000 
48015.000 48067.000 368645.000 208423.000 
48015.000 48067.000 368645.000 208423.000 
48015.000 48067.000 368440.000 208423.000 
48015.000 48067.000 368440.000 208423.000 
48015.000 48067.000 368440.000 208620.000 
48015.000 48067.000 368440.000 208620.000 
48015.000 48067.000 368440.000 208365.000 
48015.000 48067.000 368440.000 208365.000 
48015.000 48067.000 368440.000 208823.000 
48015.000 48067.000 368440.000 208823.000 
48015.000 48067.000 368440.000 208855.000 
48015.000 48067.000 368440.000 208855.000 
59567.000 48067.000 368440.000 208573.000 
79240.000 48067.000 368440.000 208573.000 
79240.000 48067.000 368440.000 208573.000 
79240.000 48067.000 368440.000 208573.000 
79240.000 48067.000 368440.000 208573.000 
79240.000 48067.000 368440.000 208573.000 
79240.000 48067.000 368440.000 208573.000 
79240.000 48067.000 368440.000 208573.000 
79240.000 48067.000 368440.000 208573.000 
79240.000 48558.000 368440.000 208573.000 
79240.000 53618.000 368440.000 208573.000 
79240.000 49589.000 368440.000 208573.000 
79240.000 49429.000 368440.000 208573.000 
79240.000 49429.000 368440.000 208573.000 
79240.000 49429.000 368440.000 208573.000 
79240.000 49429.000 368440.000 208573.000 
79240.000 49429.000 368440.000 208573.000 
79240.000 49429.000 368440.000 208573.000 
79240.000 49429.000 368440.000 208573.000 
79240.000 49429.000 368440.000 208573.000 
79240.000 49429.000 368440.000 208573.000 
79240.000 49429.000 368440.000 208573.000 
79240.000 49429.000 368440.000 208573.000 
79240.000 49250.000 368440.000 208573.000 
79240.000 49094.000 368440.000 208573.000 
79240.000 49094.000 368440.000 208573.000 
79240.000 49094.000 368440.000 208573.000 
79240.000 49451.000 368440.000 208573.000 
79240.000 48587.000 368440.000 208573.000 
79240.000 48190.000 368440.000 208751.000 
79240.000 47905.000 368440.000 208751.000 
79240.000 47848.000 368336.000 208465.000 
79240.000 47848.000 368336.000 208465.000 
79240.000 47848.000 368336.000 208890.000 
79240.000 48742.000 368336.000 208890.000 
79240.000 48208.000 368694.000 208894.000 
79240.000 47908.000 368694.000 208894.000 
79240.000 47908.000 368694.000 208709.000 
79240.000 47908.000 368694.000 208709.000 
79240.000 47908.000 368694.000 208620.000 
79240.000 47908.000 368694.000 208620.000 
79240.000 47908.000 368694.000 208620.000 
79240.000 47908.000 368694.000 208620.000 
79240.000 47908.000 368694.000 208620.000 
79240.000 47908.000 368694.000 208620.000 
79240.000 47908.000 368694.000 208620.000 
79240.000 47908.000 368694.000 208620.000 
79240.000 51781.000 368694.000 208620.000 
79240.000 49018.000 368694.000 208620.000 
79240.000 48766.000 368694.000 208620.000 
79240.000 48766.000 368694.000 208620.000 
79240.000 48766.000 368694.000 208620.000 
79240.000 48766.000 368694.000 208620.000 
79240.000 48766.000 368694.000 208620.000 
79240.000 48766.000 368694.000 208620.000 
79240.000 48766.000 368694.000 208620.000 
79240.000 48766.000 368607.000 208620.000 
79240.000 48766.000 368607.000 208620.000 
79240.000 48766.000 368607.000 208620.000 
79240.000 48766.000 368607.000 208620.000 
71808.000 48766.000 368657.000 208620.000 
71808.000 48766.000 368657.000 208620.000 
71808.000 48766.000 368657.000 208620.000 
60353.000 48766.000 368657.000 208620.000 
54226.000 48766.000 368657.000 208620.000 
51554.000 48766.000 368657.000 208620.000 
49974.000 48766.000 368657.000 208620.000 
49032.000 48766.000 368657.000 208620.000 
48605.000 48766.000 368657.000 208620.000 
48145.000 48766.000 368657.000 208620.000 
48097.000 48766.000 368657.000 208620.000 
48097.000 48766.000 368657.000 208620.000 
48097.000 48766.000 368657.000 208620.000 
48139.000 48766.000 368657.000 208542.000 
47966.000 48766.000 368657.000 208542.000 
47871.000 48766.000 368657.000 208542.000 
47776.000 48766.000 368657.000 208665.000 
47776.000 48766.000 368657.000 208665.000 
47776.000 48766.000 368657.000 208582.000 
47776.000 48766.000 368657.000 208582.000 
47776.000 48766.000 368657.000 208582.000 
47776.000 48766.000 368574.000 208582.000 
47776.000 48766.000 368574.000 208582.000 
47776.000 48766.000 368574.000 208582.000 
47776.000 48766.000 368574.000 208509.000 
47776.000 48766.000 368539.000 208509.000 
47776.000 48766.000 368539.000 208265.000 
48411.000 48766.000 368539.000 208265.000 
48755.000 48766.000 368566.000 208646.000 
48506.000 48766.000 368566.000 208646.000 
48262.000 48766.000 368566.000 208646.000 
48376.000 48766.000 368566.000 208646.000 
47963.000 48403.000 368236.000 208646.000 
47813.000 48111.000 368236.000 208646.000 
47813.000 48106.000 368236.000 208646.000 
47813.000 47963.000 368236.000 208646.000 
47813.000 47804.000 369044.000 208646.000 
47813.000 47828.000 369044.000 208646.000 
47813.000 47828.000 369044.000 208646.000 
47813.000 47828.000 368913.000 208646.000 
47813.000 48017.000 368913.000 208646.000 
47813.000 47828.000 368913.000 208646.000 
47813.000 47849.000 368913.000 208646.000 
47813.000 47774.000 368913.000 208646.000 
47813.000 47774.000 368913.000 208565.000 
48558.000 47774.000 368913.000 208565.000 
48558.000 47774.000 368913.000 208565.000 
48213.000 47774.000 368913.000 208565.000 
47894.000 47774.000 368913.000 208565.000 
47843.000 47774.000 368913.000 208565.000 
48287.000 47774.000 368913.000 208565.000 
47924.000 47774.000 368913.000 208565.000 
47808.000 47774.000 368913.000 208565.000 
47760.000 47774.000 368913.000 208565.000 
47841.000 48420.000 368913.000 208565.000 
47841.000 48009.000 368913.000 208565.000 
47841.000 47947.000 368913.000 208565.000 
47841.000 48115.000 368913.000 208565.000 
47841.000 48100.000 368913.000 208565.000 
47841.000 48100.000 368913.000 208565.000 
47841.000 48100.000 368913.000 208565.000 
47841.000 48100.000 368913.000 208433.000 
47841.000 48100.000 368913.000 208433.000 
47841.000 48100.000 368913.000 208444.000 
47841.000 48100.000 368913.000 208444.000 
51820.000 48100.000 368913.000 208414.000 
49212.000 48100.000 368913.000 208414.000 
48005.000 48100.000 368913.000 208243.000 
47878.000 48100.000 368913.000 208243.000 
47878.000 48088.000 368913.000 208212.000 
47894.000 47926.000 368913.000 208212.000 
48887.000 48431.000 368913.000 208212.000 
48305.000 48019.000 368913.000 208212.000 
47792.000 47883.000 368913.000 208212.000 
47851.000 47883.000 368913.000 208212.000 
47858.000 48347.000 368913.000 208212.000 
47733.000 47846.000 368913.000 208212.000 
47721.000 48505.000 368913.000 208212.000 
49635.000 47905.000 368913.000 208212.000 
47926.000 48186.000 368913.000 208212.000 
47777.000 48186.000 368913.000 208212.000 
49536.000 48186.000 368913.000 208212.000 
48706.000 48186.000 368913.000 208212.000 
48516.000 48186.000 368913.000 208212.000 
48129.000 48186.000 368913.000 208212.000 
48129.000 48186.000 368913.000 208212.000 
48129.000 48186.000 368913.000 208212.000 
48129.000 48186.000 368913.000 208212.000 
53034.000 48186.000 368913.000 208212.000 
48357.000 48186.000 368913.000 208212.000 
47980.000 48186.000 368913.000 208212.000 
47980.000 48388.000 368913.000 208212.000 
47980.000 48220.000 368913.000 208212.000 
47980.000 47918.000 368913.000 208212.000 
49557.000 47967.000 369049.000 208212.000 
48383.000 47816.000 369049.000 208212.000 
48383.000 47816.000 369049.000 208212.000 
48383.000 48848.000 369049.000 208212.000 
48383.000 48055.000 368918.000 208212.000 
48383.000 48155.000 368918.000 208212.000 
48383.000 47805.000 368918.000 208212.000 
48383.000 47805.000 368918.000 208212.000 
48383.000 47805.000 368918.000 208061.000 
48383.000 47805.000 368918.000 208061.000 
48383.000 47805.000 368918.000 208061.000 
48383.000 47805.000 368918.000 208061.000 
48383.000 47805.000 368918.000 208061.000 
50944.000 47805.000 368918.000 208061.000 
52129.000 47805.000 368918.000 208061.000 
48957.000 47805.000 368918.000 208061.000 
48957.000 47805.000 368918.000 208061.000 
48957.000 47805.000 368918.000 208061.000 
48957.000 50016.000 369296.000 208061.000 
48957.000 49544.000 369296.000 208061.000 
48957.000 49900.000 369296.000 208061.000 
48957.000 49210.000 369296.000 208061.000 
48957.000 48196.000 369009.000 208053.000 
48957.000 47884.000 369009.000 208053.000 
48957.000 47884.000 369009.000 208290.000 
48957.000 47899.000 369009.000 208290.000 
48957.000 48182.000 368883.000 208254.000 
48957.000 48008.000 368883.000 208254.000 
48957.000 47824.000 368883.000 208254.000 
48957.000 47847.000 368883.000 208254.000 
48957.000 48250.000 368883.000 208254.000 
48957.000 47936.000 368883.000 208254.000 
48957.000 47835.000 368883.000 208254.000 
48957.000 47774.000 368883.000 208254.000 
48957.000 47774.000 368883.000 208254.000 
48957.000 47753.000 368883.000 208254.000 
48957.000 47805.000 368883.000 208254.000 
48957.000 47759.000 368883.000 208254.000 
48957.000 47751.000 368883.000 208254.000 
48996.000 47740.000 368883.000 208254.000 
48941.000 47854.000 368883.000 208254.000 
48721.000 47704.000 368883.000 208254.000 
48721.000 47704.000 368883.000 208254.000 
50156.000 47704.000 368883.000 208254.000 
48292.000 47914.000 368883.000 208254.000 
47853.000 47914.000 368883.000 208254.000 
48057.000 47943.000 368883.000 208254.000 
47812.000 47870.000 368883.000 208254.000 
47807.000 47840.000 368883.000 208254.000 
48282.000 47810.000 368883.000 208254.000 
47830.000 47779.000 368883.000 208254.000 
47770.000 47852.000 368883.000 208254.000 
47782.000 47852.000 368883.000 208254.000 
47861.000 48219.000 368883.000 208254.000 
47861.000 48128.000 368883.000 208254.000 
47861.000 48128.000 368883.000 208254.000 
47861.000 48128.000 368883.000 208254.000 
49539.000 48192.000 368883.000 208254.000 
48085.000 48192.000 368883.000 208254.000 
47960.000 48192.000 368883.000 208254.000 
47824.000 48858.000 368883.000 208254.000 
47761.000 48311.000 368883.000 208254.000 
47793.000 47960.000 368883.000 208254.000 
48281.000 47920.000 368883.000 208254.000 
47842.000 47852.000 368883.000 208254.000 
47673.000 47860.000 368883.000 208254.000 
47714.000 47757.000 368883.000 208254.000 
47885.000 47818.000 368883.000 208254.000 
47837.000 47738.000 368883.000 208254.000 
48072.000 47773.000 368883.000 208254.000 
47859.000 47773.000 368883.000 208254.000 
47808.000 47724.000 368883.000 208254.000 
49186.000 47751.000 368883.000 208254.000 
47999.000 47824.000 368883.000 208254.000 
47790.000 47883.000 368883.000 208254.000 
47784.000 47724.000 368883.000 208254.000 
47743.000 47751.000 368883.000 208254.000 
47762.000 47824.000 368883.000 208254.000 
47819.000 47847.000 368883.000 208254.000 
47798.000 47752.000 368883.000 208254.000 
47886.000 47779.000 368883.000 208254.000 
47796.000 47721.000 368883.000 208254.000 
48328.000 47765.000 368883.000 208254.000 
47901.000 47769.000 368883.000 208254.000 
47814.000 47832.000 368883.000 208254.000 
48275.000 47681.000 368883.000 208254.000 
48275.000 47765.000 368883.000 208254.000 
49221.000 48261.000 368883.000 208254.000 
48240.000 47915.000 368883.000 208254.000 
48085.000 47805.000 368883.000 208254.000 
48802.000 47759.000 368883.000 208254.000 
47958.000 48300.000 368883.000 208254.000 
47810.000 48066.000 368883.000 208254.000 
47819.000 48193.000 368883.000 208254.000 
47736.000 47957.000 368772.000 208254.000 
47721.000 47751.000 368772.000 208254.000 
47717.000 48234.000 368772.000 208254.000 
47826.000 48067.000 368772.000 208254.000 
47832.000 47855.000 368732.000 208254.000 
47755.000 47815.000 368732.000 208254.000 
47647.000 47748.000 368732.000 208254.000 
47755.000 47786.000 368732.000 208254.000 
47775.000 47775.000 368640.000 208254.000 
47775.000 47818.000 368640.000 208254.000 
47803.000 47687.000 368640.000 208254.000 
48493.000 47795.000 368640.000 208254.000 
48113.000 47830.000 368640.000 208254.000 
47891.000 47830.000 368640.000 208254.000 
47793.000 47830.000 368640.000 208254.000 
47781.000 48101.000 368640.000 208254.000 
47755.000 48595.000 368640.000 208254.000 
47705.000 48148.000 368640.000 208254.000 
47729.000 47778.000 368640.000 208254.000 
47770.000 48807.000 368640.000 208254.000 
47752.000 48090.000 368640.000 208254.000 
47805.000 47883.000 368640.000 208254.000 
47759.000 47809.000 368810.000 208254.000 
47861.000 47825.000 368810.000 208254.000 
47679.000 47825.000 368810.000 208254.000 
47833.000 48335.000 368810.000 208254.000 
47795.000 48762.000 368709.000 208254.000 
47760.000 48053.000 368709.000 208254.000 
47743.000 47846.000 368709.000 208254.000 
47833.000 47727.000 368709.000 208254.000 
47794.000 47760.000 368709.000 208254.000 
47820.000 47788.000 368709.000 208254.000 
47820.000 47788.000 368709.000 208254.000 
47820.000 47964.000 368709.000 208254.000 
48781.000 47732.000 368709.000 208254.000 
48120.000 47820.000 368709.000 208254.000 
47872.000 48255.000 368709.000 208254.000 
47808.000 47907.000 368709.000 208254.000 
47765.000 47828.000 368709.000 208254.000 
47745.000 47786.000 368709.000 208254.000 
47763.000 47712.000 368709.000 208254.000 
47771.000 47756.000 368870.000 208254.000 
47846.000 47813.000 368870.000 208254.000 
48037.000 47811.000 368870.000 208254.000 
47891.000 47691.000 368870.000 208254.000 
47887.000 47821.000 368870.000 208254.000 
47876.000 47786.000 368870.000 208254.000 
48135.000 47784.000 368870.000 208472.000 
47990.000 47784.000 368870.000 208472.000 
47848.000 47971.000 368870.000 208472.000 
47830.000 47934.000 368870.000 208472.000 
47682.000 47704.000 368870.000 208472.000 
47722.000 48785.000 368870.000 208472.000 
47722.000 48084.000 368870.000 208472.000 
47722.000 47882.000 368870.000 208472.000 
48001.000 47708.000 368870.000 208472.000 
47936.000 47847.000 368870.000 208472.000 
47898.000 47757.000 368870.000 208472.000 
48588.000 47757.000 369011.000 208472.000 
48033.000 48107.000 369011.000 208472.000 
48028.000 48107.000 369011.000 208472.000 
48028.000 48447.000 369011.000 208472.000 
48269.000 48456.000 368665.000 208472.000 
47947.000 47988.000 368665.000 208472.000 
47851.000 47848.000 368665.000 208472.000 
47869.000 47778.000 368665.000 208472.000 
47885.000 47712.000 368665.000 208472.000 
47885.000 47731.000 368665.000 208472.000 
47885.000 47809.000 368665.000 208472.000 
48074.000 47716.000 368665.000 208472.000 
47969.000 47872.000 368665.000 208472.000 
47689.000 47872.000 368665.000 208502.000 
48193.000 48289.000 368665.000 208502.000 
48193.000 47950.000 368665.000 208502.000 
48189.000 47868.000 368665.000 208502.000 
48011.000 47815.000 368665.000 208502.000 
47825.000 48178.000 368832.000 208502.000 
48591.000 47853.000 368832.000 208502.000 
48517.000 47792.000 368832.000 208502.000 
48517.000 47819.000 368832.000 208502.000 
48517.000 47719.000 368728.000 208502.000 
48304.000 47794.000 368728.000 208502.000 
48082.000 47755.000 368728.000 208502.000 
48082.000 47859.000 368728.000 208502.000 
48082.000 47678.000 368728.000 208502.000 
48108.000 47833.000 368728.000 208502.000 
47939.000 47794.000 368728.000 208502.000 
47847.000 47760.000 368728.000 208259.000 
48223.000 47743.000 368728.000 208259.000 
48223.000 47833.000 368728.000 208227.000 
48304.000 47794.000 368728.000 208227.000 
48027.000 47687.000 368728.000 208227.000 
47832.000 47687.000 368728.000 208227.000 
47838.000 48040.000 368728.000 208227.000 
48090.000 47944.000 368728.000 208227.000 
48090.000 47795.000 368728.000 208227.000 
48098.000 47835.000 368728.000 208227.000 
47864.000 47835.000 368887.000 208227.000 
47829.000 47835.000 368887.000 208227.000 
48593.000 47835.000 368887.000 208227.000 
48029.000 48895.000 368887.000 208448.000 
47910.000 48287.000 368679.000 208448.000 
48190.000 47844.000 368679.000 208392.000 
48021.000 47844.000 368679.000 208392.000 
47936.000 47844.000 368679.000 208392.000 
47817.000 47844.000 368594.000 208392.000 
48184.000 47844.000 368594.000 208392.000 
47983.000 47844.000 368594.000 208392.000 
48143.000 47844.000 368594.000 208392.000 
47990.000 47844.000 368594.000 208392.000 
47816.000 47844.000 368594.000 208392.000 
47808.000 47844.000 368594.000 208392.000 
48275.000 47844.000 368594.000 208392.000 
47876.000 47844.000 368594.000 208392.000 
47848.000 48192.000 368594.000 208392.000 
47773.000 48022.000 368594.000 208392.000 
47847.000 47811.000 368594.000 208718.000 
47847.000 48109.000 368594.000 208718.000 
47847.000 47981.000 368594.000 208628.000 
47847.000 47879.000 368594.000 208628.000 
47847.000 48220.000 368594.000 208628.000 
47847.000 47918.000 368594.000 208628.000 
47847.000 47879.000 368770.000 208628.000 
47847.000 48073.000 368770.000 208628.000 
47847.000 48073.000 368770.000 208550.000 
47847.000 48524.000 368770.000 208550.000 
47847.000 48522.000 368770.000 208481.000 
50092.000 48005.000 368770.000 208421.000 
53633.000 47918.000 368770.000 208421.000 
51553.000 47918.000 368770.000 208750.000 
51553.000 47918.000 368770.000 208750.000 
51553.000 47918.000 368770.000 208750.000 
54034.000 47918.000 368770.000 208750.000 
48589.000 47918.000 368770.000 208750.000 
47928.000 47918.000 368770.000 208750.000 
47781.000 47918.000 368770.000 208750.000 
48267.000 47918.000 368770.000 208750.000 
47825.000 47918.000 368770.000 208750.000 
47825.000 47918.000 368770.000 208750.000 
47825.000 47918.000 368770.000 208750.000 
50357.000 48748.000 368770.000 208750.000 
49469.000 48748.000 368770.000 208750.000 
48240.000 48748.000 368770.000 208750.000 
47953.000 48748.000 368770.000 208750.000 
47793.000 48748.000 368770.000 208750.000 
47843.000 48748.000 368770.000 208532.000 
47863.000 48748.000 368770.000 208532.000 
47863.000 48748.000 368770.000 208465.000 
47863.000 48748.000 368770.000 208465.000 
49330.000 48748.000 368770.000 208465.000 
48283.000 48748.000 368770.000 208465.000 
48080.000 48748.000 368770.000 208465.000 
48061.000 48792.000 368770.000 208465.000 
48053.000 48792.000 368770.000 208465.000 
48291.000 49068.000 368770.000 208465.000 
48254.000 48668.000 368770.000 208465.000 
48570.000 48459.000 368770.000 208465.000 
48498.000 48459.000 368673.000 208657.000 
48522.000 48459.000 368673.000 208657.000 
48522.000 48459.000 368673.000 208657.000 
48522.000 48459.000 368673.000 208657.000 
48522.000 48459.000 368589.000 208657.000 
48522.000 48459.000 368589.000 208657.000 
48522.000 48459.000 368589.000 208657.000 
48522.000 48459.000 368589.000 208657.000 
48522.000 48459.000 368589.000 208657.000 
48522.000 48459.000 368589.000 208657.000 
48522.000 48459.000 368589.000 208657.000 
48522.000 48459.000 368589.000 208657.000 
48818.000 48459.000 368589.000 208657.000 
52380.000 48459.000 368589.000 208657.000 
51353.000 48459.000 368589.000 208657.000 
48413.000 48459.000 368589.000 208657.000 
48014.000 48459.000 368589.000 208657.000 
47733.000 48459.000 368589.000 208657.000 
47829.000 48459.000 368589.000 208657.000 
47885.000 48459.000 368589.000 208657.000 
48058.000 48459.000 368589.000 208657.000 
47812.000 48459.000 368589.000 208657.000 
47783.000 48459.000 368589.000 208657.000 
47855.000 48459.000 368589.000 208657.000 
47902.000 48459.000 368589.000 208657.000 
47864.000 48459.000 368589.000 208657.000 
47821.000 48459.000 368589.000 208657.000 
47777.000 48459.000 368589.000 208825.000 
47777.000 48459.000 368589.000 208825.000 
47797.000 48459.000 368589.000 208722.000 
47697.000 48459.000 368589.000 208722.000 
47987.000 48459.000 368589.000 208722.000 
48017.000 50183.000 368589.000 208722.000 
47896.000 50183.000 368589.000 208722.000 
47790.000 50390.000 368589.000 208722.000 
47871.000 49365.000 368589.000 208722.000 
47789.000 48191.000 368589.000 208722.000 
48013.000 47736.000 368589.000 208722.000 
47932.000 48464.000 368589.000 208722.000 
47790.000 47891.000 368589.000 208802.000 
47859.000 47817.000 368589.000 208802.000 
47859.000 48235.000 368589.000 208577.000 
47859.000 48316.000 368589.000 208577.000 
47859.000 47923.000 368589.000 208577.000 
47859.000 47802.000 368589.000 208577.000 
47859.000 48997.000 368589.000 208577.000 
47859.000 48026.000 368589.000 208577.000 
47859.000 48023.000 368589.000 208577.000 
47859.000 48008.000 368589.000 208577.000 
47859.000 47805.000 368589.000 208577.000 
47859.000 47716.000 368589.000 208577.000 
48244.000 48319.000 368589.000 208577.000 
53690.000 47927.000 368589.000 208755.000 
53690.000 47927.000 368589.000 208755.000 
53690.000 47927.000 368589.000 208755.000 
53690.000 48820.000 368589.000 208755.000 
53690.000 48076.000 368589.000 208755.000 
53690.000 47860.000 368589.000 208755.000 
53690.000 48982.000 368515.000 208755.000 
53690.000 48032.000 368515.000 208755.000 
53690.000 47925.000 368515.000 208755.000 
53690.000 48582.000 368515.000 208755.000 
53690.000 48276.000 368515.000 208755.000 
53690.000 48276.000 368515.000 208755.000 
53690.000 48276.000 368515.000 208755.000 
52412.000 48276.000 368515.000 208755.000 
49505.000 48276.000 368515.000 208910.000 
49152.000 48276.000 368515.000 208910.000 
49131.000 48276.000 368515.000 208697.000 
48144.000 48276.000 368515.000 208697.000 
47886.000 48276.000 368515.000 208607.000 
47886.000 48276.000 368515.000 208607.000 
47886.000 48276.000 368515.000 208496.000 
47886.000 48276.000 368515.000 208496.000 
47886.000 48276.000 368515.000 208207.000 
48667.000 48276.000 368515.000 208207.000 
48028.000 48276.000 368701.000 209017.000 
47930.000 48276.000 368701.000 209017.000 
47930.000 48276.000 368701.000 209017.000 
47930.000 48276.000 368536.000 209017.000 
47930.000 48276.000 368536.000 209017.000 
47930.000 48276.000 368536.000 209017.000 
47930.000 48276.000 368536.000 209017.000 
47930.000 48276.000 368500.000 209017.000 
47930.000 48276.000 368500.000 209017.000 
47930.000 48276.000 368500.000 209017.000 
47930.000 48276.000 368500.000 209017.000 
47930.000 48276.000 368543.000 209017.000 
48665.000 48276.000 368543.000 209017.000 
49604.000 48276.000 368543.000 209017.000 
49604.000 48276.000 368209.000 209017.000 
49122.000 48276.000 368209.000 209017.000 
48013.000 48276.000 368209.000 209017.000 
49052.000 48276.000 368209.000 209017.000 
48031.000 48276.000 368970.000 209017.000 
47823.000 48492.000 368970.000 209017.000 
47823.000 48492.000 368970.000 209017.000 
47823.000 48492.000 368970.000 209017.000 
47823.000 48492.000 368970.000 209017.000 
47823.000 48492.000 368970.000 209017.000 
47823.000 48492.000 368970.000 209017.000 
47823.000 48492.000 368970.000 209017.000 
47823.000 48492.000 368970.000 209017.000 
47823.000 48492.000 368970.000 209017.000 
47823.000 48492.000 368970.000 209140.000 
47823.000 48492.000 368970.000 209140.000 
47823.000 48492.000 368970.000 209140.000 
49696.000 50621.000 368970.000 208873.000 
49696.000 49067.000 368970.000 208873.000 
49696.000 48232.000 368970.000 208873.000 
49696.000 48425.000 368970.000 208873.000 
49696.000 47951.000 368970.000 208873.000 
49696.000 47686.000 368970.000 208873.000 
49696.000 47850.000 368970.000 208873.000 
49696.000 47739.000 368970.000 208873.000 
49696.000 47865.000 368970.000 208873.000 
49696.000 47636.000 368970.000 208873.000 
49696.000 47840.000 368970.000 208873.000 
49696.000 47840.000 368970.000 208873.000 
49359.000 48127.000 368970.000 208873.000 
49359.000 48321.000 368970.000 208873.000 
49359.000 47871.000 368970.000 208873.000 
48603.000 47818.000 368970.000 208873.000 
48146.000 47765.000 368970.000 208873.000 
48001.000 47745.000 368970.000 208873.000 
48705.000 47670.000 368970.000 208873.000 
47969.000 47868.000 368970.000 208873.000 
47941.000 47723.000 368970.000 208873.000 
47885.000 47831.000 368970.000 208873.000 
47866.000 47782.000 368970.000 208873.000 
47681.000 47766.000 368970.000 208873.000 
47834.000 47765.000 368970.000 208873.000 
47795.000 47821.000 368970.000 208873.000 
47760.000 47806.000 368970.000 208873.000 
47808.000 47762.000 368970.000 208873.000 
47760.000 47812.000 368970.000 208873.000 
47752.000 47796.000 368970.000 208873.000 
47740.000 47779.000 368970.000 208873.000 
47888.000 47728.000 368970.000 208873.000 
47759.000 47707.000 368970.000 208873.000 
47751.000 47783.000 368970.000 208873.000 
47740.000 47809.000 368970.000 208873.000 
47854.000 47776.000 368970.000 208873.000 
47854.000 47878.000 368970.000 208873.000 
47854.000 47773.000 368970.000 208873.000 
47854.000 48217.000 368970.000 208873.000 
47854.000 47913.000 368970.000 208873.000 
47854.000 47881.000 368970.000 208873.000 
47854.000 47770.000 368970.000 208873.000 
47854.000 47747.000 368970.000 208873.000 
47854.000 47786.000 368970.000 208873.000 
47854.000 47850.000 368970.000 208873.000 
47854.000 47786.000 368970.000 208873.000 
47854.000 48062.000 368970.000 208873.000 
50469.000 47885.000 368970.000 208873.000 
53097.000 47802.000 368970.000 208873.000 
50096.000 47802.000 368970.000 208873.000 
49605.000 47802.000 368970.000 208873.000 
48258.000 47802.000 368970.000 208873.000 
47879.000 52708.000 368970.000 208873.000 
47737.000 48531.000 368970.000 208873.000 
47748.000 48647.000 368970.000 208873.000 
47758.000 47858.000 368970.000 208873.000 
47726.000 47750.000 368970.000 208873.000 
47799.000 47733.000 368970.000 208873.000 
47784.000 48936.000 368970.000 208873.000 
47730.000 47880.000 368970.000 208873.000 
47696.000 47800.000 368970.000 208873.000 
47796.000 47818.000 368970.000 208873.000 
47732.000 47733.000 368970.000 208873.000 
47829.000 47859.000 368970.000 208873.000 
47838.000 47810.000 368970.000 208873.000 
47859.000 47781.000 368970.000 208873.000 
47813.000 47785.000 368970.000 208873.000 
47777.000 47766.000 368970.000 208873.000 
47814.000 47791.000 368970.000 208873.000 
47790.000 47686.000 368970.000 208873.000 
47764.000 47809.000 368970.000 208873.000 
47772.000 47809.000 368970.000 208873.000 
47811.000 47809.000 368970.000 208873.000 
47639.000 51441.000 368970.000 208873.000 
47894.000 48381.000 368970.000 208873.000 
47772.000 48687.000 368970.000 208873.000 
47896.000 48335.000 368970.000 208873.000 
48668.000 48335.000 368970.000 208873.000 
47919.000 48514.000 368970.000 208873.000 
47737.000 47923.000 368970.000 208873.000 
47862.000 47716.000 368970.000 208873.000 
48019.000 47745.000 368970.000 208873.000 
47866.000 47808.000 368970.000 208873.000 
47752.000 47785.000 368970.000 208873.000 
48083.000 47814.000 368970.000 208873.000 
47786.000 47744.000 368970.000 208873.000 
47856.000 47806.000 368970.000 208873.000 
49275.000 47725.000 368970.000 208873.000 
48604.000 47725.000 368970.000 208873.000 
47975.000 47725.000 368970.000 208873.000 
48546.000 47725.000 368970.000 208873.000 
48079.000 47725.000 368970.000 208873.000 
47901.000 47725.000 368970.000 208873.000 
47836.000 47725.000 368970.000 208873.000 
47731.000 47725.000 368970.000 208873.000 
47743.000 47725.000 368970.000 208873.000 
47816.000 47725.000 368970.000 208873.000 
47848.000 47725.000 368970.000 208873.000 
47740.000 47725.000 368970.000 208873.000 
47779.000 47725.000 368970.000 208873.000 
47706.000 47725.000 368970.000 208873.000 
47935.000 47725.000 368970.000 208873.000 
47745.000 47725.000 368970.000 208873.000 
47865.000 47725.000 368970.000 208873.000 
47799.000 47725.000 368970.000 208873.000 
47786.000 47725.000 368970.000 208873.000 
47783.000 47725.000 368970.000 208873.000 
48094.000 47725.000 368970.000 208873.000 
47881.000 47725.000 368970.000 208873.000 
47727.000 47725.000 368970.000 208873.000 
47763.000 47725.000 368970.000 208873.000 
47845.000 47789.000 368970.000 208873.000 
48060.000 47789.000 368970.000 208873.000 
47876.000 47789.000 368970.000 208873.000 
47871.000 47691.000 368970.000 208873.000 
47887.000 47691.000 368970.000 208873.000 
47944.000 47691.000 368970.000 208873.000 
47774.000 47691.000 368970.000 208873.000 
47921.000 47729.000 368970.000 208873.000 
47714.000 47729.000 368970.000 208873.000 
47875.000 47729.000 368970.000 208873.000 
47629.000 47729.000 368970.000 208873.000 
47871.000 47729.000 368970.000 208873.000 
47718.000 47729.000 368970.000 208873.000 
47786.000 47763.000 368970.000 208873.000 
47723.000 47763.000 368970.000 208873.000 
47749.000 47763.000 368970.000 208873.000 
47838.000 47763.000 368970.000 208873.000 
47746.000 47763.000 368970.000 208873.000 
47755.000 47763.000 368970.000 208873.000 
48842.000 48423.000 368970.000 208873.000 
48056.000 48064.000 368970.000 208873.000 
47868.000 47964.000 368970.000 208873.000 
47797.000 47931.000 368970.000 208873.000 
47824.000 47743.000 368970.000 208873.000 
47813.000 47759.000 368970.000 208873.000 
47764.000 47828.000 368970.000 208873.000 
47798.000 47849.000 368970.000 208873.000 
47787.000 47753.000 368970.000 208873.000 
47822.000 47815.000 368970.000 208873.000 
47726.000 47737.000 368970.000 208873.000 
47734.000 47773.000 368970.000 208873.000 
47779.000 47773.000 368970.000 208873.000 
47794.000 47759.000 368970.000 208873.000 
47778.000 47737.000 368970.000 208873.000 
47709.000 47772.000 368970.000 208873.000 
47755.000 47773.000 368970.000 208873.000 
47813.000 47724.000 368970.000 208873.000 
47811.000 47751.000 368970.000 208873.000 
47790.000 47824.000 368970.000 208873.000 
47796.000 47847.000 368970.000 208873.000 
47756.000 47752.000 368970.000 208873.000 
47811.000 47779.000 368970.000 208873.000 
47790.000 47721.000 368970.000 208873.000 
47767.000 47794.000 368970.000 208873.000 
47779.000 47750.000 368970.000 208873.000 
47681.000 48562.000 368970.000 208559.000 
47681.000 48045.000 368970.000 208559.000 
47681.000 47846.000 368970.000 208489.000 
49294.000 47837.000 368970.000 208489.000 
48335.000 48819.000 368970.000 208489.000 
47829.000 48012.000 368970.000 208489.000 
48417.000 47856.000 368970.000 208489.000 
48564.000 48780.000 368970.000 208489.000 
48564.000 48780.000 368970.000 208489.000 
48564.000 48780.000 368970.000 208489.000 
49799.000 48780.000 368970.000 208489.000 
49348.000 48780.000 368970.000 208489.000 
48214.000 48780.000 368970.000 208489.000 
47896.000 48780.000 368970.000 208489.000 
47825.000 48780.000 368970.000 208489.000 
47751.000 48780.000 368970.000 208489.000 
47712.000 48780.000 368970.000 208678.000 
47831.000 48780.000 368970.000 208678.000 
47831.000 48780.000 368970.000 208593.000 
47831.000 48780.000 368970.000 208593.000 
49230.000 52491.000 368970.000 208593.000 
49230.000 58685.000 368970.000 208593.000 
49230.000 58685.000 368970.000 208593.000 
49230.000 58685.000 368970.000 208593.000 
49230.000 58685.000 368970.000 208593.000 
49230.000 58685.000 368970.000 208593.000 
49230.000 58685.000 368970.000 208593.000 
49230.000 58685.000 368970.000 208593.000 
49230.000 58685.000 368970.000 208593.000 
49230.000 58685.000 368970.000 208593.000 
49230.000 58685.000 368970.000 208593.000 
49230.000 58685.000 368970.000 208593.000 
49734.000 58685.000 368970.000 208894.000 
49734.000 58685.000 368970.000 208894.000 
49734.000 58685.000 368970.000 208894.000 
49734.000 58685.000 368970.000 208894.000 
49734.000 58685.000 368970.000 208894.000 
49734.000 58685.000 369099.000 208894.000 
49734.000 58685.000 369099.000 208894.000 
49734.000 58685.000 369099.000 208894.000 
49734.000 58685.000 369099.000 208894.000 
49734.000 58685.000 368841.000 208894.000 
49734.000 58685.000 368841.000 208894.000 
49767.000 58685.000 368841.000 208894.000 
49067.000 58685.000 368718.000 208894.000 
48625.000 54282.000 368718.000 208894.000 
48625.000 53497.000 368718.000 208894.000 
48625.000 53497.000 368718.000 208894.000 
48625.000 53497.000 368628.000 208894.000 
48625.000 53497.000 368628.000 208894.000 
48625.000 55867.000 368628.000 208894.000 
48625.000 48751.000 368628.000 208894.000 
48625.000 48333.000 368628.000 208894.000 
48625.000 47925.000 368628.000 208894.000 
48625.000 47974.000 368628.000 208894.000 
48625.000 47911.000 368628.000 208894.000 
48625.000 47797.000 368628.000 208894.000 
48625.000 48014.000 368628.000 208894.000 
48625.000 47738.000 368628.000 208894.000 
48625.000 47986.000 368628.000 209032.000 
48625.000 47986.000 368628.000 209032.000 
48625.000 48184.000 368628.000 209032.000 
48625.000 47788.000 368628.000 209032.000 
48625.000 47837.000 368628.000 209032.000 
48625.000 47837.000 368628.000 209032.000 
48625.000 48957.000 368628.000 209032.000 
48625.000 48273.000 368628.000 209032.000 
48625.000 48273.000 368628.000 209032.000 
48625.000 48432.000 368628.000 209032.000 
48625.000 48113.000 368628.000 209032.000 
48625.000 47865.000 368628.000 209032.000 
48625.000 47875.000 368628.000 209032.000 
48625.000 47870.000 368628.000 209032.000 
48625.000 47762.000 368628.000 209153.000 
48625.000 47820.000 368628.000 209153.000 
48625.000 47739.000 368628.000 208883.000 
48625.000 47897.000 368628.000 208883.000 
48625.000 47897.000 368628.000 208566.000 
48625.000 48160.000 368628.000 208566.000 
48625.000 48321.000 368628.000 208566.000 
48625.000 47827.000 368628.000 208566.000 
48625.000 47831.000 368628.000 208566.000 
48625.000 47831.000 368628.000 208566.000 
48625.000 47831.000 368424.000 208566.000 
48625.000 47831.000 368424.000 208566.000 
48625.000 47831.000 368424.000 208566.000 
48625.000 47831.000 368575.000 208566.000 
48270.000 47831.000 368575.000 208566.000 
48056.000 47831.000 368575.000 208566.000 
48056.000 47831.000 368575.000 208566.000 
48056.000 47831.000 368440.000 208566.000 
48123.000 47831.000 368440.000 208566.000 
47986.000 47831.000 368440.000 208566.000 
47986.000 47831.000 368440.000 208495.000 
47986.000 47831.000 368763.000 208683.000 
47986.000 47831.000 368763.000 208683.000 
47986.000 47831.000 368763.000 208598.000 
47986.000 47831.000 368957.000 208598.000 
47986.000 47831.000 368957.000 208598.000 
47986.000 47831.000 368957.000 208598.000 
47986.000 47831.000 368957.000 208598.000 
47986.000 47831.000 368641.000 208598.000 
47986.000 47831.000 368641.000 208598.000 
48238.000 48102.000 368641.000 208598.000 
48238.000 48102.000 368641.000 208598.000 
48238.000 48102.000 368641.000 208598.000 
48238.000 48102.000 368641.000 208773.000 
48238.000 48102.000 368641.000 208773.000 
48238.000 48102.000 368641.000 208482.000 
48238.000 48102.000 368641.000 208482.000 
48238.000 48102.000 368641.000 208792.000 
48238.000 48102.000 368641.000 208792.000 
48238.000 48102.000 368436.000 209042.000 
48238.000 48102.000 368436.000 209042.000 
48238.000 48102.000 368436.000 208689.000 
48238.000 48102.000 368436.000 208689.000 
48238.000 48102.000 368334.000 208495.000 
48238.000 48102.000 368334.000 208495.000 
48238.000 48102.000 368334.000 208165.000 
48238.000 48102.000 368692.000 208485.000 
48238.000 48102.000 368692.000 208485.000 
48238.000 48102.000 368692.000 208001.000 
48238.000 48102.000 368692.000 208001.000 
48238.000 48102.000 368915.000 209404.000 
48238.000 48102.000 368915.000 209404.000 
48238.000 48102.000 368915.000 209720.000 
48238.000 52849.000 368915.000 209720.000 
48238.000 49726.000 368701.000 209517.000 
48238.000 49135.000 368701.000 209517.000 
48238.000 49135.000 368701.000 209327.000 
48238.000 49135.000 368701.000 209327.000 
48238.000 49135.000 368701.000 209327.000 
48238.000 49135.000 368701.000 209327.000 
48238.000 49135.000 368701.000 209327.000 
48238.000 49135.000 368701.000 209327.000 
48238.000 49135.000 368701.000 209327.000 
48238.000 49135.000 368701.000 209327.000 
48238.000 49135.000 368701.000 209327.000 
48238.000 49135.000 368701.000 209327.000 
48238.000 49135.000 368701.000 209327.000 
48238.000 49618.000 368701.000 209327.000 
48238.000 49618.000 368701.000 209327.000 
48238.000 49259.000 368701.000 209327.000 
48238.000 49190.000 368701.000 209327.000 
48238.000 47930.000 368701.000 209327.000 
48238.000 47813.000 368701.000 209327.000 
48238.000 47964.000 368701.000 209327.000 
48238.000 47763.000 368701.000 209327.000 
48238.000 47734.000 368988.000 209327.000 
48238.000 48420.000 368988.000 209327.000 
48238.000 48420.000 368988.000 209327.000 
48238.000 49024.000 368988.000 209327.000 
48238.000 48761.000 368865.000 209327.000 
48238.000 48226.000 368865.000 209327.000 
48238.000 47873.000 368865.000 209327.000 
48238.000 47775.000 368865.000 209411.000 
48238.000 47816.000 368865.000 209411.000 
48238.000 47816.000 368865.000 209411.000 
48238.000 49031.000 368865.000 209110.000 
48238.000 48065.000 368865.000 209110.000 
48238.000 47786.000 368865.000 209110.000 
48238.000 47764.000 368865.000 209110.000 
48238.000 47811.000 368865.000 209110.000 
48238.000 47653.000 368865.000 209110.000 
48238.000 47898.000 368865.000 209110.000 
48238.000 47833.000 368865.000 209110.000 
48238.000 47796.000 368865.000 209110.000 
48238.000 48954.000 368865.000 209110.000 
48238.000 48059.000 368865.000 209110.000 
48238.000 47831.000 368865.000 209110.000 
48238.000 47912.000 368865.000 209110.000 
48238.000 47912.000 368865.000 209110.000 
48238.000 47969.000 368865.000 209110.000 
48238.000 47875.000 368865.000 209110.000 
48238.000 47875.000 368865.000 209110.000 
48238.000 47875.000 368865.000 209110.000 
48238.000 49416.000 368865.000 209110.000 
48238.000 48321.000 368865.000 209110.000 
48238.000 47936.000 368865.000 209110.000 
48238.000 47922.000 368865.000 209110.000 
48238.000 47800.000 368865.000 209110.000 
48238.000 47800.000 368865.000 209110.000 
48238.000 48728.000 368865.000 209221.000 
48238.000 48089.000 368865.000 209221.000 
48238.000 47897.000 368865.000 208935.000 
48238.000 47931.000 368865.000 208935.000 
48238.000 47931.000 369131.000 208935.000 
48238.000 47931.000 369131.000 208935.000 
48238.000 47931.000 369131.000 208935.000 
48238.000 47931.000 369131.000 208935.000 
48238.000 47931.000 368741.000 208935.000 
48208.000 47931.000 368741.000 208935.000 
48208.000 47931.000 368741.000 208935.000 
48208.000 47931.000 368741.000 208935.000 
48208.000 47931.000 368746.000 208935.000 
48208.000 47931.000 368746.000 208935.000 
48208.000 47931.000 368746.000 208935.000 
48208.000 47931.000 368404.000 208935.000 
48208.000 60057.000 368404.000 208935.000 
48208.000 59929.000 368404.000 208935.000 
48208.000 59929.000 368404.000 208935.000 
48208.000 59929.000 368404.000 208935.000 
48208.000 59929.000 368404.000 208935.000 
48208.000 59929.000 368404.000 208935.000 
48768.000 59929.000 368404.000 208935.000 
48076.000 59929.000 368404.000 208935.000 
47933.000 59929.000 368404.000 208935.000 
47933.000 59929.000 368404.000 208935.000 
48028.000 59929.000 368404.000 208935.000 
47893.000 59929.000 368404.000 208935.000 
47893.000 59929.000 368404.000 208935.000 
47893.000 57792.000 368404.000 208935.000 
47893.000 50426.000 368404.000 208935.000 
47893.000 50426.000 368404.000 209068.000 
47893.000 50426.000 368404.000 209068.000 
47893.000 50426.000 368404.000 208817.000 
47893.000 50426.000 368404.000 208817.000 
47893.000 50426.000 368404.000 208797.000 
47893.000 50426.000 368404.000 208797.000 
47893.000 50426.000 368404.000 208759.000 
48522.000 50426.000 368404.000 208759.000 
48055.000 50426.000 368404.000 208319.000 
48042.000 50426.000 368404.000 208319.000 
48036.000 50426.000 368404.000 208319.000 
48266.000 50426.000 368404.000 208319.000 
47921.000 50591.000 368404.000 208319.000 
47851.000 48669.000 368404.000 208319.000 
47851.000 48669.000 368404.000 208319.000 
47851.000 48669.000 368404.000 208319.000 
47851.000 48669.000 368404.000 208319.000 
47851.000 48669.000 368404.000 208319.000 
47851.000 48669.000 368404.000 208319.000 
47851.000 48669.000 368404.000 208319.000 
47851.000 48669.000 368404.000 208319.000 
47851.000 48669.000 368404.000 208319.000 
47851.000 48669.000 368404.000 208319.000 
47851.000 48669.000 368404.000 208319.000 
48136.000 48669.000 368404.000 208529.000 
48136.000 48669.000 368404.000 208529.000 
48136.000 48669.000 368404.000 208529.000 
48494.000 48669.000 368404.000 208529.000 
48535.000 48669.000 368404.000 208529.000 
48061.000 48669.000 368404.000 208529.000 
47918.000 48669.000 368404.000 208529.000 
48627.000 48669.000 368404.000 208529.000 
47997.000 48669.000 368404.000 208529.000 
47889.000 48669.000 368729.000 208529.000 
47870.000 48669.000 368729.000 208529.000 
47870.000 48669.000 368729.000 208529.000 
47870.000 48669.000 368637.000 208529.000 
47870.000 48669.000 368637.000 208529.000 
47870.000 48669.000 368637.000 208529.000 
47870.000 48669.000 368637.000 208529.000 
47870.000 48669.000 368637.000 208405.000 
47870.000 48669.000 368637.000 208405.000 
47870.000 48669.000 368637.000 208405.000 
47870.000 48669.000 368637.000 208521.000 
47870.000 48669.000 368637.000 208521.000 
47870.000 48669.000 368637.000 208597.000 
47870.000 48669.000 368637.000 208597.000 
47870.000 91024.000 368637.000 208522.000 
47870.000 95612.000 368637.000 208522.000 
47870.000 95612.000 368637.000 208522.000 
47870.000 95612.000 368637.000 208522.000 
47870.000 95612.000 368637.000 208522.000 
47870.000 95612.000 368637.000 208522.000 
47870.000 95612.000 368637.000 208522.000 
47870.000 95612.000 368637.000 208522.000 
47870.000 95612.000 368637.000 208522.000 
48286.000 95612.000 368637.000 208522.000 
48019.000 95612.000 368637.000 208522.000 
48148.000 95612.000 368637.000 208522.000 
47876.000 95612.000 368637.000 208522.000 
47901.000 95612.000 368637.000 208522.000 
47870.000 95612.000 368637.000 208522.000 
47886.000 95612.000 368637.000 208522.000 
47886.000 95612.000 368637.000 208522.000 
47886.000 95612.000 368637.000 208522.000 
49451.000 95612.000 368637.000 208522.000 
48307.000 95612.000 368637.000 208522.000 
47967.000 95612.000 368637.000 208522.000 
48689.000 95612.000 368637.000 208522.000 
48013.000 95612.000 368637.000 208522.000 
47881.000 95612.000 368637.000 208522.000 
47896.000 95612.000 368637.000 208522.000 
47896.000 95612.000 368637.000 208522.000 
47896.000 95612.000 368637.000 208522.000 
47896.000 95612.000 368808.000 208522.000 
47896.000 95612.000 368808.000 208832.000 
47896.000 95612.000 368808.000 208832.000 
47896.000 95612.000 368509.000 208512.000 
47896.000 95612.000 368509.000 208512.000 
47896.000 95612.000 368509.000 208936.000 
47896.000 95612.000 368509.000 208936.000 
47896.000 95612.000 368919.000 209017.000 
47896.000 95612.000 368919.000 209017.000 
47896.000 95612.000 368919.000 208698.000 
47896.000 95612.000 368919.000 208698.000 
47896.000 95612.000 368911.000 208467.000 
47896.000 95612.000 368911.000 208467.000 
47896.000 95612.000 368911.000 208204.000 
47896.000 95612.000 368797.000 208273.000 
47896.000 95612.000 368622.000 208273.000 
47896.000 95612.000 368622.000 208034.000 
47896.000 95612.000 368622.000 208034.000 
47896.000 95612.000 368465.000 209250.000 
47896.000 95612.000 368465.000 209250.000 
47896.000 95612.000 368465.000 209686.000 
47896.000 95612.000 368465.000 209686.000 
47896.000 95612.000 368473.000 209692.000 
47896.000 95612.000 368473.000 209692.000 
47896.000 95612.000 368473.000 209519.000 
47896.000 95612.000 368473.000 209519.000 
47896.000 95612.000 367996.000 209242.000 
47896.000 95612.000 367996.000 209242.000 
47896.000 95612.000 367996.000 208962.000 
47896.000 95612.000 367997.000 208962.000 
47909.000 95612.000 367997.000 208962.000 
47909.000 95612.000 367997.000 208962.000 
47909.000 95612.000 367997.000 208962.000 
48070.000 95612.000 367997.000 208962.000 
48142.000 95612.000 367997.000 208962.000 
47884.000 95612.000 367997.000 208962.000 
47838.000 95612.000 367997.000 208962.000 
48286.000 95612.000 367997.000 208962.000 
48096.000 95612.000 367997.000 208962.000 
48084.000 95612.000 367997.000 208962.000 
48084.000 95612.000 367997.000 208962.000 
48084.000 95612.000 367997.000 208962.000 
48218.000 66601.000 367997.000 208962.000 
48128.000 54212.000 367997.000 208962.000 
47990.000 50313.000 367997.000 208962.000 
47990.000 48647.000 367997.000 208962.000 
47990.000 48640.000 367997.000 208962.000 
47990.000 48008.000 367997.000 208962.000 
47990.000 47921.000 367997.000 208962.000 
47990.000 47870.000 367997.000 208962.000 
47990.000 47870.000 367997.000 208962.000 
47990.000 48601.000 367997.000 208962.000 
47990.000 48058.000 367997.000 208962.000 
47990.000 47869.000 367997.000 208962.000 
47990.000 47767.000 367997.000 208962.000 
48315.000 47767.000 367997.000 208962.000 
49458.000 47822.000 367997.000 208962.000 
49458.000 47822.000 367997.000 208962.000 
49458.000 47785.000 367997.000 208962.000 
49458.000 47764.000 367997.000 208962.000 
49223.000 47766.000 367997.000 208962.000 
48182.000 47753.000 367997.000 208962.000 
47888.000 47730.000 367997.000 208962.000 
48975.000 47842.000 367997.000 208962.000 
48063.000 47769.000 367997.000 208962.000 
47853.000 47755.000 367997.000 208962.000 
47853.000 47731.000 367997.000 208962.000 
47853.000 47842.000 367997.000 208962.000 
47853.000 47824.000 367997.000 208962.000 
48370.000 47801.000 367997.000 208962.000 
48174.000 47799.000 367997.000 208962.000 
48401.000 47786.000 367997.000 208962.000 
48226.000 48086.000 367997.000 208962.000 
48226.000 47950.000 367997.000 208962.000 
48226.000 48250.000 367997.000 208962.000 
48226.000 47953.000 367997.000 208962.000 
48226.000 47953.000 367997.000 208962.000 
48226.000 48441.000 367997.000 208962.000 
48226.000 48073.000 367997.000 208962.000 
48226.000 47968.000 367997.000 208962.000 
48226.000 47787.000 367997.000 208962.000 
48226.000 47840.000 367997.000 208736.000 
48226.000 47810.000 367997.000 208736.000 
48198.000 47810.000 367997.000 208866.000 
48198.000 47810.000 367997.000 208866.000 
48173.000 47810.000 367997.000 208881.000 
48173.000 47810.000 367997.000 208881.000 
48173.000 47810.000 367997.000 208516.000 
48173.000 47810.000 367997.000 208516.000 
48173.000 47810.000 368247.000 208516.000 
48173.000 47810.000 368247.000 208516.000 
48173.000 47810.000 368247.000 208516.000 
48173.000 47810.000 368080.000 208516.000 
48173.000 47810.000 368080.000 208395.000 
48173.000 47810.000 368080.000 208395.000 
48173.000 47810.000 368080.000 208419.000 
48173.000 47810.000 368303.000 208419.000 
48173.000 47810.000 368303.000 208419.000 
48173.000 47810.000 368303.000 208495.000 
48173.000 47810.000 368303.000 208495.000 
48173.000 47810.000 368332.000 208433.000 
48173.000 47810.000 368332.000 208433.000 
48173.000 47810.000 368332.000 208433.000 
48173.000 47810.000 368085.000 208433.000 
48173.000 47810.000 368085.000 208433.000 
48173.000 47810.000 368085.000 208433.000 
48173.000 47810.000 368085.000 208433.000 
48173.000 47810.000 368085.000 208433.000 
48173.000 47810.000 368085.000 208433.000 
48173.000 47810.000 368085.000 208433.000 
48173.000 47810.000 368085.000 208433.000 
48173.000 47810.000 368085.000 208433.000 
48173.000 47810.000 368085.000 208433.000 
48173.000 47810.000 368085.000 208433.000 
48173.000 47810.000 368085.000 208433.000 
48173.000 47810.000 368085.000 208433.000 
48173.000 47810.000 368085.000 208433.000 
48173.000 47810.000 368085.000 208433.000 
48173.000 47810.000 368085.000 208433.000 
48173.000 47810.000 368085.000 208433.000 
48173.000 47810.000 368085.000 208629.000 
48173.000 47810.000 368085.000 208629.000 
48173.000 47810.000 368085.000 208481.000 
48173.000 47810.000 368085.000 208481.000 
48173.000 47810.000 368085.000 208572.000 
48173.000 47810.000 368324.000 208572.000 
48173.000 47810.000 368324.000 208627.000 
48173.000 47810.000 368324.000 208627.000 
48173.000 47834.000 368108.000 208242.000 
48173.000 47855.000 368108.000 208242.000 
48173.000 47873.000 368108.000 208952.000 
48173.000 48335.000 368108.000 208952.000 
48173.000 48335.000 368832.000 208952.000 
48173.000 48335.000 368832.000 208952.000 
48173.000 48833.000 368832.000 208952.000 
48173.000 48309.000 368728.000 208952.000 
48173.000 48057.000 368808.000 208952.000 
48173.000 47899.000 368808.000 208952.000 
48173.000 47881.000 368808.000 208952.000 
48173.000 47737.000 368808.000 208952.000 
48173.000 47737.000 368808.000 208952.000 
48173.000 47737.000 368808.000 208952.000 
48173.000 48482.000 368808.000 208952.000 
48173.000 48091.000 368808.000 208952.000 
48173.000 47969.000 368808.000 208952.000 
48173.000 47969.000 368808.000 208952.000 
48173.000 47969.000 368808.000 208952.000 
48173.000 48614.000 368808.000 208952.000 
48173.000 48031.000 368808.000 208952.000 
48173.000 47940.000 368808.000 208512.000 
48173.000 47794.000 368808.000 208512.000 
48173.000 47798.000 368808.000 209002.000 
48173.000 47798.000 368808.000 209002.000 
48173.000 47798.000 368808.000 209002.000 
48173.000 47798.000 368808.000 209002.000 
48173.000 47798.000 368808.000 209002.000 
48173.000 47798.000 368808.000 209002.000 
48173.000 47798.000 368808.000 209002.000 
48173.000 47798.000 368808.000 209002.000 
48173.000 47798.000 368808.000 209002.000 
48173.000 47798.000 368808.000 209002.000 
48173.000 47798.000 368808.000 209002.000 
48173.000 47798.000 368808.000 209002.000 
48307.000 50208.000 368808.000 209002.000 
48084.000 51096.000 368707.000 209002.000 
47940.000 51096.000 368707.000 209002.000 
47839.000 51096.000 368707.000 209002.000 
48222.000 50620.000 368707.000 209002.000 
48014.000 49674.000 368707.000 209002.000 
47826.000 47989.000 368707.000 209002.000 
48592.000 47871.000 368707.000 209002.000 
48055.000 47686.000 368707.000 209002.000 
47850.000 47811.000 368707.000 209002.000 
48252.000 47764.000 368707.000 209002.000 
47919.000 48691.000 368707.000 209002.000 
48213.000 47932.000 368707.000 209002.000 
48213.000 47823.000 368707.000 209002.000 
48034.000 47912.000 368707.000 209002.000 
47853.000 47648.000 368707.000 209002.000 
47888.000 47834.000 368707.000 208876.000 
48264.000 48620.000 368707.000 208876.000 
47922.000 48620.000 368868.000 208876.000 
47863.000 48586.000 368868.000 208876.000 
47735.000 48323.000 368868.000 208876.000 
47799.000 48075.000 368868.000 208876.000 
47757.000 47754.000 368760.000 208876.000 
47860.000 47813.000 368760.000 208876.000 
47679.000 47811.000 368760.000 208876.000 
47854.000 47790.000 368760.000 208876.000 
47862.000 47797.000 368760.000 208876.000 
47859.000 47856.000 368760.000 208876.000 
47803.000 47856.000 368760.000 208876.000 
47803.000 48524.000 368760.000 208876.000 
47784.000 48125.000 368760.000 209142.000 
47722.000 47986.000 368760.000 209142.000 
47722.000 47847.000 368760.000 209142.000 
48001.000 48343.000 368760.000 209142.000 
47936.000 47930.000 368760.000 209142.000 
47773.000 47804.000 368760.000 209142.000 
48534.000 47788.000 368760.000 209142.000 
47977.000 47797.000 368760.000 209142.000 
47819.000 47778.000 368760.000 209142.000 
47772.000 47746.000 368665.000 209142.000 
47747.000 47711.000 368665.000 209142.000 
47786.000 47765.000 368665.000 209142.000 
47786.000 47778.000 368665.000 209142.000 
47786.000 47763.000 368759.000 209142.000 
48107.000 47763.000 368759.000 209142.000 
47984.000 47763.000 368759.000 209142.000 
47919.000 47763.000 368759.000 209142.000 
47811.000 47763.000 368471.000 209142.000 
48467.000 47763.000 368471.000 209142.000 
48467.000 47763.000 368471.000 209142.000 
48467.000 47763.000 368736.000 209142.000 
48281.000 47763.000 368736.000 209142.000 
48016.000 47763.000 368736.000 209142.000 
47882.000 47763.000 368736.000 209142.000 
48653.000 47763.000 368736.000 209142.000 
48059.000 48767.000 368736.000 209142.000 
47846.000 48767.000 368736.000 209142.000 
47891.000 48767.000 368736.000 209142.000 
47837.000 48668.000 368736.000 209142.000 
47844.000 48018.000 368736.000 209142.000 
47680.000 49062.000 368736.000 209142.000 
47834.000 47919.000 368736.000 209142.000 
47795.000 47833.000 368736.000 209142.000 
47760.000 48001.000 368736.000 209142.000 
47808.000 47826.000 368736.000 209142.000 
47716.000 47723.000 368736.000 209142.000 
47793.000 47723.000 368736.000 209142.000 
47754.000 47723.000 368736.000 209142.000 
47754.000 47758.000 368736.000 209142.000 
47754.000 48477.000 368736.000 209249.000 
48035.000 48108.000 368736.000 209249.000 
48506.000 47889.000 368563.000 208956.000 
48064.000 47915.000 368563.000 208956.000 
47848.000 47810.000 368563.000 208711.000 
47782.000 48176.000 368563.000 208711.000 
47751.000 48149.000 368563.000 208711.000 
47858.000 47870.000 368563.000 208711.000 
47803.000 47810.000 368563.000 208711.000 
47763.000 47777.000 368563.000 208711.000 
47809.000 47704.000 368563.000 208711.000 
47629.000 48184.000 368563.000 208711.000 
47629.000 48007.000 368563.000 208711.000 
47891.000 47854.000 368563.000 208711.000 
47826.000 47902.000 368563.000 208711.000 
47858.000 48083.000 368563.000 208711.000 
48649.000 47854.000 368563.000 208711.000 
47950.000 47725.000 368743.000 208711.000 
47926.000 47782.000 368743.000 208711.000 
47827.000 47782.000 368743.000 208711.000 
47771.000 47782.000 368743.000 208711.000 
47812.000 48060.000 368650.000 208711.000 
47783.000 48671.000 368650.000 208711.000 
47765.000 48061.000 368650.000 208711.000 
47760.000 47911.000 368650.000 208711.000 
47808.000 48819.000 368650.000 208711.000 
47716.000 48055.000 368650.000 208711.000 
47793.000 47884.000 368650.000 208711.000 
47754.000 47739.000 368650.000 208711.000 
47859.000 47699.000 368650.000 208711.000 
47678.000 47699.000 368650.000 208711.000 
47833.000 48621.000 368650.000 208711.000 
47732.000 48157.000 368650.000 208711.000 
47732.000 47906.000 368650.000 208711.000 
48742.000 47798.000 368650.000 208711.000 
48086.000 48651.000 368650.000 208711.000 
47920.000 48631.000 368650.000 208711.000 
47829.000 48051.000 368650.000 208711.000 
47829.000 47863.000 368650.000 208711.000 
47995.000 47903.000 368650.000 208711.000 
47924.000 47903.000 368650.000 208711.000 
47786.000 47903.000 368650.000 208711.000 
48576.000 48165.000 368569.000 208711.000 
47952.000 48743.000 368569.000 208711.000 
47856.000 48146.000 368569.000 208711.000 
47814.000 47832.000 368569.000 208711.000 
47767.000 48777.000 368569.000 208711.000 
47821.000 48057.000 368569.000 208711.000 
47821.000 47847.000 368569.000 208711.000 
48014.000 47666.000 368569.000 208711.000 
47826.000 47816.000 368569.000 208872.000 
47849.000 47816.000 368569.000 208872.000 
48568.000 48453.000 368569.000 208559.000 
48182.000 48459.000 368569.000 208559.000 
48182.000 47988.000 368569.000 208489.000 
48182.000 47886.000 368569.000 208489.000 
48208.000 48811.000 368569.000 208489.000 
48029.000 48053.000 368569.000 208489.000 
47814.000 47867.000 368569.000 208489.000 
48627.000 47797.000 368569.000 208489.000 
48159.000 47656.000 368569.000 208489.000 
47906.000 47748.000 368569.000 208489.000 
47799.000 47795.000 368569.000 208489.000 
47821.000 47778.000 368569.000 208489.000 
47720.000 47819.000 368569.000 208489.000 
47695.000 47687.000 368569.000 208489.000 
47726.000 47795.000 368569.000 208489.000 
47808.000 47747.000 368569.000 208489.000 
47716.000 47747.000 368569.000 208489.000 
47833.000 49405.000 368569.000 208489.000 
47833.000 48201.000 368569.000 208489.000 
47833.000 47738.000 368569.000 208489.000 
47833.000 47764.000 368569.000 208489.000 
47833.000 47770.000 368569.000 208489.000 
47833.000 47770.000 368569.000 208489.000 
47833.000 47919.000 368569.000 208489.000 
47833.000 47803.000 368569.000 208489.000 
47833.000 47784.000 368569.000 208489.000 
47833.000 48823.000 368569.000 208489.000 
47833.000 48056.000 368569.000 208489.000 
48923.000 47868.000 368569.000 208489.000 
50283.000 47797.000 368569.000 208489.000 
50283.000 47797.000 368569.000 208489.000 
49832.000 47797.000 368569.000 208302.000 
49713.000 47797.000 368569.000 208302.000 
47954.000 47797.000 368569.000 208606.000 
47808.000 47797.000 368569.000 208606.000 
47704.000 47797.000 368569.000 208339.000 
47704.000 47797.000 368569.000 208339.000 
48632.000 47797.000 368569.000 208510.000 
48378.000 47797.000 368569.000 208510.000 
47789.000 47797.000 368569.000 208510.000 
47816.000 47797.000 368569.000 208510.000 
47816.000 50214.000 368569.000 208510.000 
47816.000 48881.000 368569.000 208510.000 
47816.000 49046.000 368569.000 208390.000 
47816.000 48258.000 368569.000 208390.000 
47816.000 48258.000 368569.000 208216.000 
47816.000 52343.000 368569.000 208216.000 
47816.000 48275.000 368569.000 208216.000 
47816.000 47909.000 368569.000 208216.000 
47816.000 47848.000 368569.000 208216.000 
47816.000 47774.000 368569.000 208216.000 
47816.000 47774.000 368569.000 208216.000 
47816.000 48833.000 368569.000 208216.000 
47816.000 47917.000 368569.000 208216.000 
47816.000 47984.000 368569.000 208216.000 
48464.000 47759.000 368569.000 208216.000 
51423.000 47833.000 368569.000 208439.000 
50006.000 47833.000 368569.000 208439.000 
47964.000 47833.000 368569.000 208439.000 
47827.000 47833.000 368569.000 208439.000 
47948.000 47833.000 368569.000 208439.000 
47808.000 47833.000 368497.000 208439.000 
47765.000 47833.000 368497.000 208439.000 
48333.000 47833.000 368497.000 208439.000 
47828.000 47833.000 368497.000 208439.000 
47793.000 47833.000 368631.000 208439.000 
47729.000 47833.000 368631.000 208439.000 
48539.000 47833.000 368631.000 208439.000 
47861.000 47833.000 368631.000 208439.000 
47878.000 47833.000 368631.000 208439.000 
47878.000 47833.000 368631.000 208439.000 
47878.000 47833.000 368631.000 208439.000 
50606.000 47833.000 368631.000 208439.000 
48359.000 47833.000 368631.000 208439.000 
47891.000 47833.000 368631.000 208439.000 
47905.000 47833.000 368631.000 208439.000 
47905.000 47833.000 368631.000 208439.000 
47905.000 47833.000 368631.000 208439.000 
49732.000 48479.000 368631.000 208439.000 
48308.000 52863.000 368631.000 208439.000 
48308.000 52863.000 368631.000 208439.000 
48308.000 52863.000 368631.000 208439.000 
48308.000 52863.000 368631.000 208439.000 
48308.000 52863.000 368631.000 208439.000 
48308.000 52863.000 368631.000 208634.000 
48308.000 52863.000 368631.000 208634.000 
48308.000 52863.000 368631.000 208485.000 
48308.000 52863.000 368631.000 208485.000 
48308.000 52863.000 368631.000 208698.000 
48308.000 52863.000 368631.000 208698.000 
48308.000 52863.000 368631.000 208878.000 
48835.000 53377.000 368631.000 208878.000 
48835.000 48718.000 368631.000 208478.000 
48780.000 48245.000 368631.000 208478.000 
48501.000 47895.000 368631.000 208478.000 
48039.000 47861.000 368631.000 208478.000 
48039.000 47861.000 368631.000 208478.000 
48039.000 47861.000 368631.000 208478.000 
48039.000 47861.000 368631.000 208478.000 
48039.000 48375.000 368927.000 208478.000 
48039.000 48746.000 368927.000 208478.000 
48039.000 48196.000 368927.000 208478.000 
48039.000 47828.000 368927.000 208478.000 
48039.000 47758.000 368927.000 208478.000 
48039.000 47704.000 368927.000 208478.000 
48039.000 48071.000 368927.000 208478.000 
48039.000 48071.000 368927.000 208478.000 
50665.000 48071.000 368927.000 208478.000 
49173.000 48071.000 368927.000 208478.000 
48692.000 48071.000 368927.000 208478.000 
48109.000 48071.000 368927.000 208478.000 
47883.000 48071.000 368927.000 208478.000 
47958.000 48071.000 368927.000 208478.000 
48000.000 48071.000 368927.000 208478.000 
47726.000 48071.000 368927.000 208478.000 
47726.000 48071.000 368927.000 208478.000 
47726.000 48071.000 368927.000 208478.000 
47726.000 48071.000 368927.000 208478.000 
47726.000 48071.000 368927.000 208669.000 
47726.000 48071.000 368927.000 208669.000 
47726.000 48071.000 368927.000 208669.000 
47726.000 48071.000 368927.000 208585.000 
47726.000 48071.000 368927.000 208585.000 
47726.000 48071.000 368927.000 208585.000 
47726.000 48071.000 368927.000 208585.000 
47726.000 48071.000 368927.000 208585.000 
47726.000 48071.000 368927.000 208585.000 
47726.000 48071.000 368927.000 208585.000 
47726.000 48071.000 368927.000 208585.000 
47726.000 49910.000 368927.000 208585.000 
47726.000 48253.000 368927.000 208585.000 
47726.000 48040.000 368927.000 208585.000 
47726.000 48040.000 368927.000 208585.000 
47726.000 48406.000 368927.000 208585.000 
47726.000 49344.000 369061.000 208585.000 
47726.000 48039.000 369061.000 208762.000 
47726.000 48039.000 369061.000 208762.000 
47726.000 49258.000 369061.000 208583.000 
47726.000 48718.000 368803.000 208583.000 
47726.000 48799.000 368803.000 208510.000 
47726.000 48275.000 368803.000 208510.000 
47726.000 47973.000 368803.000 208510.000 
47726.000 47838.000 368803.000 208510.000 
47726.000 48364.000 368803.000 208510.000 
47726.000 48213.000 368803.000 208510.000 
47726.000 48484.000 368803.000 208510.000 
47635.000 47924.000 368803.000 208510.000 
48845.000 47833.000 368803.000 208510.000 
48722.000 47830.000 368803.000 208510.000 
48722.000 47830.000 368803.000 208510.000 
48722.000 47830.000 368803.000 208510.000 
48722.000 47830.000 368803.000 208510.000 
48722.000 47830.000 368803.000 208510.000 
48722.000 47830.000 368803.000 208510.000 
48722.000 47830.000 368803.000 208510.000 
48722.000 47830.000 368703.000 208510.000 
48722.000 47830.000 368703.000 208510.000 
48722.000 47830.000 368703.000 208510.000 
48722.000 47830.000 368703.000 208510.000 
48553.000 48589.000 368788.000 208510.000 
48346.000 50043.000 368788.000 208510.000 
48107.000 50043.000 368788.000 208510.000 
47953.000 50043.000 368788.000 208510.000 
47847.000 50043.000 368788.000 208510.000 
47773.000 50698.000 368788.000 208510.000 
47773.000 48796.000 368788.000 208510.000 
47773.000 48730.000 368788.000 208510.000 
48612.000 47958.000 368788.000 208510.000 
48201.000 47958.000 368788.000 208510.000 
47911.000 47971.000 368788.000 208510.000 
47947.000 47813.000 368788.000 208510.000 
47947.000 47796.000 368788.000 208510.000 
48204.000 47778.000 368788.000 208510.000 
48310.000 47836.000 368788.000 208510.000 
48207.000 47822.000 368788.000 208510.000 
48207.000 47761.000 368788.000 208510.000 
48207.000 47717.000 368939.000 208696.000 
48207.000 47717.000 368939.000 208696.000 
48207.000 47717.000 368939.000 208609.000 
48207.000 47717.000 368939.000 208609.000 
48207.000 47717.000 368719.000 208609.000 
48207.000 47717.000 368719.000 208609.000 
48207.000 47717.000 368719.000 208609.000 
48207.000 47717.000 368691.000 208609.000 
48207.000 47717.000 368855.000 208533.000 
48512.000 47717.000 368855.000 208533.000 
48226.000 47717.000 368855.000 208299.000 
48198.000 47717.000 368970.000 208299.000 
48198.000 50083.000 368970.000 208299.000 
48198.000 50083.000 368970.000 208299.000 
48198.000 50083.000 368970.000 208299.000 
48198.000 53655.000 368970.000 208299.000 
48198.000 48334.000 368970.000 208299.000 
48198.000 48121.000 368970.000 208299.000 
48198.000 47813.000 368970.000 208299.000 
48198.000 47995.000 368970.000 208299.000 
48198.000 47826.000 368970.000 208299.000 
48198.000 47821.000 368970.000 208299.000 
48151.000 47863.000 368970.000 208299.000 
48132.000 47863.000 368970.000 208299.000 
48132.000 47863.000 368970.000 208299.000 
48351.000 47863.000 368970.000 208299.000 
48110.000 47990.000 368970.000 208103.000 
48110.000 47992.000 368970.000 208103.000 
48110.000 48463.000 368970.000 208444.000 
48110.000 48464.000 368970.000 208444.000 
48110.000 48099.000 368970.000 208401.000 
48110.000 47823.000 368970.000 208401.000 
48110.000 47823.000 368970.000 208173.000 
48110.000 47823.000 368970.000 208173.000 
48110.000 48073.000 368970.000 208173.000 
48110.000 47947.000 368970.000 208173.000 
48110.000 47877.000 368970.000 208173.000 
48110.000 47818.000 368970.000 208173.000 
48110.000 47818.000 368970.000 208173.000 
48110.000 47818.000 368970.000 208151.000 
48110.000 47975.000 368970.000 208151.000 
48110.000 47860.000 368970.000 208151.000 
48110.000 47918.000 368970.000 208151.000 
48110.000 47868.000 368970.000 208151.000 
48110.000 47884.000 368970.000 208151.000 
48110.000 47884.000 368970.000 208151.000 
48110.000 48161.000 368970.000 208151.000 
48110.000 47988.000 368970.000 208151.000 
48110.000 47897.000 368970.000 208151.000 
48110.000 48320.000 368970.000 208151.000 
48110.000 48034.000 368742.000 208151.000 
48110.000 47836.000 368742.000 208151.000 
48110.000 47817.000 368742.000 208151.000 
48110.000 47792.000 368651.000 208382.000 
