-nan -nan
0.500 0.500
0.500 0.500
0.610 0.500
0.500 0.609
0.767 0.500
0.575 0.807
0.629 0.500
0.726 0.739
0.799 0.590
0.750 0.924
0.745 0.750
0.786 0.745
1.000 0.818
0.821 0.991
0.750 0.796
0.786 0.750
1.000 0.818
0.998 1.000
0.901 0.923
0.749 0.629
0.964 0.499
0.960 0.735
0.980 0.739
0.990 0.742
0.957 0.713
0.974 0.718
0.978 0.490
0.902 0.484
0.993 0.700
0.957 0.636
0.927 0.741
0.986 0.708
0.728 0.754
0.730 0.615
0.774 0.500
0.734 0.821
0.749 0.500
0.779 0.500
0.750 0.628
0.717 0.499
0.835 0.500
0.722 0.528
0.740 0.500
0.898 0.500
0.740 0.742
0.722 0.499
0.905 0.681
0.908 0.730
0.731 0.496
0.962 0.739
0.944 0.435
0.899 0.996
0.868 0.852
0.717 0.838
0.987 0.741
0.964 0.857
0.832 0.597
0.732 0.828
0.736 0.739
0.851 0.745
0.978 0.890
0.855 0.984
0.745 0.859
0.713 0.747
0.979 0.729
0.974 0.998
0.985 0.989
0.985 0.999
0.883 0.969
0.989 0.886
0.994 0.990
0.954 0.983
0.983 0.962
0.992 0.976
0.978 0.976
0.997 0.997
0.957 0.981
0.979 0.969
0.944 0.964
0.988 0.994
0.980 0.995
0.927 0.996
0.961 0.991
0.992 0.983
0.976 0.966
0.993 0.993
0.976 0.997
0.978 0.982
0.983 0.977
0.985 0.990
0.985 0.737
0.985 0.747
0.975 0.752
0.966 0.670
0.998 0.992
0.962 0.980
0.979 0.971
0.988 0.985
0.967 0.978
0.996 0.960
0.993 0.998
0.985 0.987
0.981 0.978
0.990 0.986
0.987 0.996
0.968 0.999
0.981 0.996
0.948 0.985
0.977 0.956
0.983 0.994
0.920 0.997
0.967 0.940
0.974 0.980
0.972 0.995
0.947 0.960
0.987 0.996
0.991 0.781
0.976 0.742
0.970 0.771
0.980 0.996
0.967 0.960
0.993 0.984
0.987 0.968
0.950 0.982
0.953 0.939
0.987 0.991
0.985 0.988
0.983 0.975
0.962 0.983
0.930 0.949
0.989 0.974
0.969 0.995
0.958 0.970
0.989 0.738
0.997 0.743
0.961 0.842
0.785 0.693
0.995 0.916
0.987 0.998
0.799 0.911
0.991 0.929
0.995 0.990
0.831 0.885
0.977 0.950
0.998 0.987
0.829 0.910
0.989 0.941
0.993 0.993
0.872 0.909
0.940 0.944
0.976 0.957
0.950 0.970
0.892 0.945
0.969 0.954
0.986 0.961
0.920 0.964
0.970 0.957
0.956 0.913
0.947 0.966
0.947 0.962
0.930 0.922
0.975 0.969
0.925 0.953
0.972 0.920
0.954 0.977
0.893 0.937
0.968 0.891
0.953 0.749
0.970 0.720
0.940 0.692
0.987 0.749
0.975 0.736
0.970 0.709
0.964 0.747
0.971 0.722
0.931 0.694
0.984 0.721
0.966 0.742
0.962 0.702
0.962 0.723
0.949 0.742
0.955 0.686
0.971 0.737
0.955 0.730
0.962 0.719
0.981 0.731
0.989 0.737
0.955 0.734
0.968 0.739
0.989 0.726
0.915 0.505
0.963 0.470
0.977 0.475
0.990 0.686
0.976 0.568
0.981 0.710
0.984 0.734
0.987 0.727
0.949 0.739
0.986 0.396
0.939 0.724
0.959 0.959
0.998 0.951
0.949 0.993
0.980 0.975
0.937 0.949
0.997 0.922
0.994 0.997
0.855 0.948
0.964 0.897
0.981 0.946
0.950 0.984
0.957 0.935
0.991 0.979
0.949 0.902
0.963 0.748
0.986 0.735
0.907 0.729
0.994 0.961
0.978 0.899
0.966 0.729
0.993 0.693
0.995 0.500
0.985 0.493
0.961 0.505
0.991 0.741
0.995 0.743
0.967 0.749
0.988 0.741
0.971 0.750
0.979 0.730
0.997 0.741
0.992 0.746
0.991 0.740
0.981 0.750
0.944 0.742
0.995 0.730
0.995 0.750
0.994 0.747
0.992 0.731
0.943 0.740
0.990 0.745
0.962 0.721
0.941 0.735
0.941 0.749
0.958 0.742
0.993 0.744
0.925 0.727
0.986 0.735
0.978 0.747
0.994 0.749
0.934 0.739
0.989 0.716
0.981 0.746
0.987 0.720
0.993 0.736
0.730 0.560
0.950 0.298
0.986 0.984
0.974 0.993
0.959 0.955
0.969 0.995
0.986 0.914
0.979 0.749
0.976 0.743
0.964 0.740
0.974 0.748
0.976 0.735
1.000 0.783
0.969 0.948
0.982 0.625
0.988 0.952
0.975 0.736
0.995 0.936
0.988 0.722
0.972 0.979
0.972 0.992
0.962 0.977
0.976 0.985
0.974 0.976
0.989 0.984
0.980 0.966
0.975 0.988
0.975 0.963
0.983 0.996
0.985 0.997
0.992 0.997
0.957 0.988
0.918 0.986
0.965 0.950
0.979 0.994
0.973 0.980
0.986 0.978
0.985 0.996
0.980 0.996
0.968 0.975
0.994 0.992
0.955 0.987
0.976 0.925
0.942 0.986
0.947 0.936
0.966 0.975
0.971 0.976
0.992 0.979
0.997 0.992
0.996 0.991
0.939 0.926
0.994 0.996
0.967 0.990
0.971 0.974
0.978 0.989
0.991 0.975
0.975 0.968
0.981 0.978
0.999 0.975
0.994 0.991
0.995 0.997
0.983 0.991
0.994 0.989
0.957 0.979
0.997 0.987
0.968 0.998
0.948 0.933
0.972 0.981
0.985 0.977
0.996 0.996
0.974 0.945
0.981 0.739
0.986 0.735
0.993 0.731
0.996 0.995
0.997 0.981
0.988 0.995
0.995 0.992
0.987 0.984
0.995 0.987
0.955 0.987
0.975 0.964
0.985 0.981
0.981 0.974
0.998 0.990
0.975 0.996
0.974 0.945
0.986 0.988
0.964 0.980
0.927 0.956
0.995 0.987
0.981 0.989
0.975 0.995
0.952 0.982
0.973 0.979
0.988 0.978
0.985 0.977
0.965 0.972
0.921 0.983
0.983 0.968
0.990 0.991
0.960 0.989
0.991 0.973
0.984 0.997
0.981 0.989
0.996 0.976
0.973 0.992
0.974 0.960
0.995 0.999
0.957 0.992
0.958 0.967
0.978 0.972
0.989 0.998
0.974 0.998
0.966 0.983
0.994 0.972
0.983 0.999
0.978 0.983
0.975 0.984
0.963 0.988
0.959 0.966
0.990 0.814
0.978 0.730
0.967 0.500
0.939 0.500
0.919 0.738
0.912 0.880
0.968 0.953
0.971 0.979
0.943 0.930
0.970 0.974
0.967 0.957
0.951 0.966
0.906 0.981
0.943 0.940
0.946 0.955
0.983 0.942
0.968 0.988
0.949 0.966
0.966 0.948
0.952 0.965
0.953 0.953
0.930 0.938
0.981 0.970
0.928 0.963
0.963 0.968
0.988 0.967
0.907 0.983
0.975 0.955
0.979 0.966
0.942 0.985
0.976 0.962
0.984 0.985
0.974 0.972
0.978 0.994
0.984 0.934
0.966 0.993
0.984 0.986
0.956 0.972
0.929 0.936
0.972 0.985
0.934 0.945
0.995 0.983
0.973 0.995
0.859 0.984
0.955 0.919
0.992 0.995
0.919 0.979
0.996 0.938
0.984 0.993
0.942 0.985
0.984 0.949
0.976 0.975
0.978 0.984
0.954 0.980
0.991 0.985
0.991 0.980
0.972 0.990
0.961 0.977
0.980 0.965
0.934 0.971
0.992 0.968
0.969 0.991
0.975 0.984
0.985 0.992
0.989 0.982
0.972 0.986
0.993 0.996
0.986 0.988
0.967 0.987
0.998 0.984
0.947 0.992
0.984 0.956
0.991 0.993
0.994 0.987
0.935 0.725
0.943 0.725
0.989 0.950
0.966 0.657
0.974 0.989
0.979 0.994
0.986 0.968
0.911 0.968
0.961 0.959
0.955 0.955
0.994 0.989
0.981 0.980
0.991 0.997
0.991 0.994
0.979 0.985
0.972 0.960
0.975 0.986
0.997 0.961
0.997 0.998
0.929 0.991
0.963 0.934
0.942 0.990
0.984 0.945
0.984 0.980
0.971 0.997
0.983 0.969
0.978 0.725
0.990 0.748
0.984 0.715
0.971 0.982
0.962 0.980
0.934 0.940
0.989 0.708
0.981 0.728
0.977 0.750
0.973 0.741
0.966 0.742
0.989 0.735
0.976 0.734
0.988 0.750
0.972 0.745
0.972 0.745
0.996 0.733
0.989 0.741
0.988 0.740
0.990 0.743
0.990 0.739
0.980 0.744
0.946 0.738
0.984 0.725
0.906 0.729
0.974 0.696
0.996 0.739
0.990 0.738
0.977 0.746
0.967 0.733
0.971 0.744
0.967 0.730
0.986 0.750
0.981 0.748
0.990 0.733
0.949 0.733
0.961 0.703
0.960 0.747
0.989 0.721
0.960 0.731
0.986 0.703
0.998 0.417
0.993 0.572
0.951 0.998
0.984 0.934
0.994 0.975
0.987 0.994
0.967 0.979
0.993 0.912
0.983 0.986
0.974 0.997
0.971 0.967
0.988 0.966
0.956 0.927
0.993 0.974
0.984 0.979
0.973 0.968
0.979 0.743
0.943 0.749
0.942 0.747
0.960 0.688
0.990 0.992
0.979 0.746
0.998 0.739
0.981 0.747
0.982 0.499
0.965 0.500
0.957 0.538
0.988 0.747
0.968 0.748
0.941 0.735
0.974 0.744
0.951 0.749
0.984 0.746
0.994 0.742
0.975 0.741
0.971 0.736
0.995 0.736
0.963 0.737
0.974 0.747
0.966 0.700
0.977 0.739
0.997 0.747
0.986 0.749
0.985 0.746
0.985 0.746
0.968 0.748
0.983 0.741
0.988 0.741
0.994 0.748
0.991 0.737
0.961 0.742
0.991 0.738
0.955 0.499
0.986 0.491
0.969 0.564
0.984 0.725
0.970 0.750
0.967 0.724
0.967 0.748
0.912 0.528
0.742 0.745
0.967 0.297
0.999 0.989
0.992 0.995
0.964 0.996
0.961 0.953
0.952 0.942
0.951 0.960
0.974 0.952
0.997 0.741
0.930 0.679
0.986 0.739
0.858 0.986
0.852 0.813
0.983 0.954
0.862 0.996
0.892 0.756
0.994 0.971
0.907 0.976
0.912 0.757
0.992 0.966
0.882 0.993
0.941 0.752
0.947 0.967
0.935 0.996
0.943 0.787
0.964 0.977
0.964 0.994
0.970 0.903
0.949 0.963
0.924 0.965
0.942 0.934
0.952 0.963
0.950 0.970
0.921 0.962
0.989 0.957
0.939 0.986
0.961 0.940
0.941 0.972
0.964 0.956
0.953 0.946
0.978 0.970
0.971 0.972
0.953 0.970
0.986 0.957
0.938 0.977
0.964 0.959
0.957 0.963
0.901 0.951
0.990 0.949
0.985 0.982
0.926 0.968
0.929 0.984
0.972 0.958
0.942 0.944
0.876 0.968
0.953 0.915
0.969 0.955
0.958 0.993
0.986 0.986
0.976 0.964
0.983 0.986
0.967 0.972
0.950 0.953
0.995 0.993
0.978 0.988
0.924 0.714
0.987 0.733
0.972 0.632
0.985 0.974
0.995 0.966
0.951 0.970
0.965 0.968
0.956 0.954
0.990 0.970
0.911 0.963
0.964 0.977
0.980 0.972
0.944 0.940
0.981 0.972
0.965 0.991
0.987 0.969
0.945 0.990
0.992 0.977
0.980 0.958
0.964 0.973
0.977 0.990
0.981 0.948
0.977 0.962
0.989 0.987
0.952 0.719
0.992 0.736
0.977 0.732
0.987 0.996
0.983 0.981
0.951 0.949
0.974 0.989
0.988 0.984
0.961 0.983
0.969 0.958
0.984 0.985
0.984 0.985
0.987 0.974
0.987 0.994
0.996 0.994
0.974 0.986
0.970 0.996
0.985 0.989
0.911 0.989
0.966 0.972
0.995 0.954
0.990 1.000
0.977 0.981
0.969 0.998
0.995 0.984
0.991 0.998
0.980 0.988
0.997 0.985
0.948 0.990
0.987 0.962
0.992 0.995
0.973 0.990
0.991 0.996
0.987 0.989
0.988 0.993
0.953 0.993
0.995 0.945
0.991 0.978
0.989 0.993
0.978 0.995
0.978 0.966
0.972 0.977
0.984 0.959
0.969 0.979
0.914 0.946
0.971 0.960
0.989 0.991
0.998 0.997
0.985 0.999
0.993 0.996
0.989 0.995
0.988 0.991
0.947 0.948
0.937 0.969
0.980 0.970
0.975 0.997
0.930 0.969
0.943 0.988
0.985 0.907
0.985 0.738
0.976 0.729
0.968 0.993
0.983 0.955
0.956 0.978
0.989 0.964
0.983 0.999
0.970 0.971
0.972 0.987
0.926 0.905
0.991 0.977
0.989 0.986
0.997 0.995
0.995 0.998
0.952 0.983
0.946 0.959
0.964 0.975
0.991 0.987
0.994 0.996
0.992 0.981
0.989 0.998
0.984 0.983
0.942 0.967
0.982 0.980
0.986 0.981
0.980 0.992
0.969 0.966
0.995 0.993
0.983 1.000
0.947 0.975
0.930 0.971
0.986 0.947
0.956 0.987
0.998 0.987
0.999 0.991
0.982 0.763
0.968 0.729
0.989 0.729
0.995 0.733
0.997 0.748
0.955 0.671
0.972 0.498
0.985 0.496
0.981 0.523
0.968 0.746
0.954 0.737
0.972 0.749
0.978 0.748
0.988 0.742
0.999 0.747
0.987 0.745
0.960 0.749
0.997 0.720
0.994 0.737
0.937 0.725
0.979 0.725
0.995 0.749
0.970 0.744
0.984 0.740
0.972 0.736
0.993 0.741
0.996 0.733
0.930 0.749
0.958 0.734
0.973 0.738
0.932 0.730
0.969 0.702
0.999 0.731
0.955 0.739
0.970 0.620
0.944 0.679
0.993 0.755
0.998 0.703
0.935 0.793
0.936 0.722
0.947 0.767
0.948 0.770
0.990 0.980
0.988 0.979
0.981 0.946
0.997 0.911
0.992 0.986
0.970 0.980
0.996 0.913
0.998 0.996
0.993 0.889
0.969 0.860
0.961 0.793
0.995 0.978
0.990 0.946
0.978 0.986
0.996 0.902
0.991 0.982
0.998 0.984
0.955 0.993
0.960 0.966
0.956 0.969
0.992 0.965
0.969 0.805
0.960 0.684
0.995 0.656
0.982 0.723
0.865 0.583
0.933 0.751
0.996 0.879
0.856 0.736
0.959 0.579
0.961 0.718
0.885 0.744
0.952 0.580
0.968 0.734
0.829 0.722
0.971 0.610
0.959 0.736
0.926 0.738
0.977 0.615
0.976 0.730
0.907 0.736
0.972 0.661
0.941 0.735
0.894 0.724
0.983 0.671
0.933 0.746
0.932 0.731
0.978 0.693
0.980 0.738
0.935 0.726
0.921 0.669
0.992 0.718
0.947 0.746
0.931 0.663
0.978 0.726
0.926 0.747
0.929 0.579
0.981 0.464
0.951 0.493
0.906 0.501
0.990 0.345
0.977 0.742
0.930 0.921
0.980 0.705
0.997 0.959
0.864 0.939
0.976 0.959
0.995 0.992
0.918 0.921
0.977 0.960
0.946 0.991
0.888 0.969
0.995 0.920
0.937 0.994
0.989 0.977
0.977 0.958
0.995 0.986
0.966 0.989
0.964 0.960
0.991 0.948
0.968 0.982
0.972 0.894
0.998 0.429
0.970 0.722
0.952 0.743
0.997 0.962
0.990 0.987
0.878 0.947
0.986 0.725
0.992 0.735
0.976 0.730
0.985 0.980
0.961 0.987
0.973 0.960
0.990 0.981
0.995 0.996
0.916 0.962
0.961 0.955
0.985 0.966
0.978 0.995
0.962 0.992
0.978 0.988
0.964 0.954
0.986 0.981
0.926 0.994
0.991 0.961
0.987 0.994
0.991 0.979
0.988 0.824
0.987 0.748
0.974 0.717
0.964 0.738
0.978 0.732
0.971 0.718
0.968 0.730
0.995 0.529
0.980 0.500
0.974 0.550
0.989 0.732
0.985 0.738
0.951 0.749
0.982 0.736
0.976 0.722
0.986 0.738
0.962 0.735
0.995 0.738
0.983 0.743
0.976 0.748
0.975 0.743
0.964 0.715
0.993 0.718
0.986 0.732
0.987 0.745
0.977 0.705
0.969 0.739
0.970 0.746
0.999 0.309
0.996 0.986
0.999 0.991
0.975 0.965
0.978 0.995
0.996 0.997
0.974 0.998
0.992 0.961
0.987 0.991
0.960 0.986
0.939 0.969
0.996 0.972
0.992 0.985
0.976 0.989
0.972 0.966
0.986 0.978
0.991 0.993
0.989 0.993
0.984 0.965
0.987 0.743
0.976 0.734
0.985 0.714
0.974 0.738
0.994 0.748
0.973 0.732
0.992 0.736
0.998 0.745
0.955 0.747
0.936 0.729
0.980 0.733
0.991 0.747
0.992 0.748
0.990 0.743
0.990 0.740
0.989 0.748
0.947 0.818
0.977 0.746
0.948 0.745
0.990 0.737
0.919 0.748
0.980 0.704
0.989 0.749
0.987 0.731
0.951 0.745
0.999 0.741
0.995 0.745
0.985 0.745
0.967 0.735
0.994 0.738
0.958 0.744
0.964 0.679
0.959 0.482
0.998 0.549
0.993 0.745
0.976 0.749
0.964 0.745
0.998 0.714
0.983 0.749
0.987 0.781
0.984 0.553
0.989 0.725
0.992 0.976
0.960 0.932
0.971 0.972
0.996 0.995
0.987 0.979
0.993 0.978
0.960 0.886
0.976 0.959
0.974 0.947
0.957 0.978
0.937 0.783
0.952 0.737
0.972 0.754
0.955 0.387
0.967 0.989
0.955 0.986
0.989 0.982
0.989 0.992
0.943 0.976
1.000 0.746
0.986 0.744
0.980 0.747
0.952 0.745
0.974 0.743
0.926 0.743
0.968 0.708
0.977 0.747
0.955 0.729
0.994 0.732
0.989 0.733
0.988 0.747
0.967 0.741
0.991 0.748
0.989 0.746
0.969 0.750
0.995 0.745
0.972 0.749
0.937 0.710
0.997 0.727
0.955 0.735
0.953 0.317
0.985 0.991
0.989 0.996
0.963 0.980
0.995 0.969
0.987 0.973
0.988 0.996
0.987 0.951
0.996 0.997
0.966 0.981
0.994 0.964
0.988 0.980
0.954 0.996
0.955 0.966
0.997 0.983
0.975 0.935
0.995 0.725
0.978 0.749
0.953 0.738
0.993 0.748
0.981 0.750
0.970 0.739
0.993 0.746
0.989 0.744
0.964 0.731
0.978 0.746
0.996 0.744
0.942 0.735
0.991 0.739
0.982 0.749
0.970 0.696
0.993 0.483
0.948 0.567
0.989 0.740
0.973 0.748
0.996 0.744
0.974 0.515
0.996 0.482
0.954 0.499
0.937 0.640
0.844 0.498
0.985 0.706
0.986 0.741
0.849 0.681
0.985 0.740
0.989 0.734
0.878 0.701
0.992 0.714
0.963 0.981
0.956 0.419
0.975 0.965
0.959 0.961
0.978 0.939
0.946 0.969
0.983 0.928
0.932 0.980
0.946 0.907
0.955 0.903
0.986 0.967
0.933 0.985
0.945 0.369
0.948 0.974
0.934 0.934
0.976 0.948
0.972 0.970
0.962 0.965
0.980 0.949
0.947 0.970
0.992 0.996
0.971 0.954
0.951 0.955
0.971 0.994
0.937 0.926
0.974 0.968
0.934 0.941
0.971 0.946
0.973 0.966
0.942 0.975
0.948 0.968
0.957 0.952
0.955 0.970
0.972 0.965
0.984 0.977
0.984 0.971
0.942 0.990
0.995 0.985
0.980 0.985
0.974 0.976
0.997 0.981
0.967 0.972
0.992 0.974
0.971 0.993
0.999 0.997
0.979 0.981
0.963 0.993
0.994 0.986
0.977 0.976
0.982 0.748
0.975 0.748
0.991 0.705
0.973 0.994
0.972 0.982
0.981 0.990
0.975 0.966
0.976 0.967
0.984 0.994
0.969 0.948
0.954 0.963
0.996 0.979
0.990 0.995
0.955 0.970
0.973 0.955
0.981 0.994
0.986 0.972
0.982 0.986
0.998 0.980
0.975 0.992
0.958 0.985
0.989 0.982
0.982 0.987
0.962 0.994
0.980 0.965
0.946 0.742
0.953 0.684
0.998 0.746
0.916 0.962
0.990 0.955
0.996 0.983
0.998 0.995
0.935 0.946
0.983 0.983
0.989 0.986
0.975 0.970
0.953 0.964
0.976 0.982
0.986 0.976
0.976 0.977
0.988 0.994
0.978 0.995
0.989 0.972
0.946 0.996
0.991 0.975
0.931 0.966
0.996 0.985
0.955 0.973
0.972 0.988
0.990 0.990
0.994 0.978
0.993 0.997
0.994 0.986
0.982 0.988
0.983 0.980
0.998 0.992
0.996 0.999
0.980 1.000
0.997 0.997
0.911 0.971
0.978 0.940
0.972 0.969
0.997 0.977
0.991 0.979
0.997 0.995
0.975 0.999
1.000 0.973
0.963 0.969
0.971 0.992
0.975 0.985
0.998 0.983
0.981 0.990
0.965 0.982
0.992 0.983
0.974 0.977
0.981 0.999
0.982 0.990
0.973 0.968
0.983 0.989
0.941 0.966
0.950 0.993
0.975 0.971
0.963 0.964
0.993 0.987
0.964 0.982
0.966 0.970
0.985 0.968
0.987 0.977
0.987 0.974
0.974 0.995
0.977 0.977
0.974 0.996
0.982 0.993
0.946 0.987
0.976 0.980
0.966 0.933
0.987 0.723
0.996 0.977
0.985 0.774
0.988 0.973
0.999 0.985
0.980 0.989
0.970 0.977
0.988 0.976
0.998 0.984
0.994 0.994
0.951 0.981
0.955 0.985
0.990 0.944
0.993 0.961
0.976 0.984
0.973 0.978
0.993 0.986
0.997 0.997
0.987 0.999
0.978 0.950
0.986 0.992
0.974 0.950
0.957 0.738
0.976 0.745
0.974 0.960
0.987 0.708
0.981 0.979
0.975 0.959
0.968 0.996
0.983 0.974
0.932 0.977
0.989 0.993
0.955 0.990
0.962 0.942
0.983 0.973
0.983 0.998
0.986 0.995
0.996 0.990
0.970 0.994
0.989 0.960
0.939 0.985
0.989 0.965
0.942 0.995
0.995 0.958
0.972 0.998
0.993 0.968
0.981 0.983
0.995 0.999
0.991 0.985
0.930 0.984
0.991 0.975
0.957 0.998
0.992 0.996
0.985 0.984
0.983 0.980
0.997 0.990
0.951 0.983
0.995 0.974
0.900 0.975
0.995 0.965
0.993 0.989
0.956 0.974
0.984 0.971
0.945 0.983
0.960 0.970
0.991 0.987
0.943 0.971
0.970 0.983
0.974 0.974
0.992 0.980
0.985 0.964
0.991 0.996
0.965 0.987
0.995 0.959
0.984 0.994
0.981 0.961
0.975 0.993
0.999 0.993
0.975 0.994
0.955 0.956
0.959 0.966
0.995 0.991
0.991 0.979
0.972 0.738
0.992 0.741
0.996 0.498
0.985 0.499
0.838 0.743
0.967 0.546
0.991 0.746
0.842 0.674
0.957 0.689
0.980 0.747
0.818 0.710
0.959 0.686
0.981 0.480
0.837 0.469
0.978 0.538
0.971 0.699
0.950 0.735
0.946 0.694
0.958 0.733
0.940 0.736
0.910 0.703
0.988 0.734
0.987 0.726
0.896 0.710
0.991 0.722
0.989 0.740
0.872 0.712
0.980 0.680
0.960 0.749
0.943 0.700
0.953 0.695
0.964 0.741
0.953 0.969
0.928 0.678
0.984 0.634
0.989 0.554
0.964 0.525
0.959 0.975
0.990 0.826
0.941 0.964
0.979 0.951
0.995 0.863
0.844 0.971
0.989 0.514
0.967 0.604
0.946 0.775
0.980 0.734
0.978 0.959
0.950 0.852
0.974 0.962
0.949 0.917
0.989 0.892
0.967 0.960
0.987 0.975
0.983 0.984
0.967 0.915
0.954 0.912
0.997 0.942
0.970 0.933
0.931 0.951
0.972 0.961
0.980 0.931
0.955 0.739
0.991 0.716
0.939 0.614
0.924 0.946
0.978 0.937
0.962 0.924
0.984 0.746
0.997 0.719
0.995 0.749
0.973 0.746
0.979 0.722
0.966 0.734
0.997 0.723
0.950 0.739
0.984 0.739
0.999 0.749
0.939 0.729
0.953 0.718
0.960 0.735
0.987 0.735
0.935 0.729
0.970 0.716
0.998 0.749
0.989 0.745
0.965 0.724
0.975 0.741
0.996 0.731
0.943 0.729
0.994 0.726
0.942 0.748
0.970 0.723
0.987 0.733
0.988 0.743
0.995 0.735
0.996 0.744
0.993 0.735
0.954 0.386
0.922 0.912
0.987 0.946
0.980 0.986
0.989 0.954
0.985 0.966
0.990 0.986
0.963 0.974
0.979 0.991
0.941 0.949
0.995 0.988
0.987 0.984
0.975 0.964
0.960 0.942
0.996 0.991
0.995 0.968
0.990 0.997
0.995 0.997
0.989 0.938
0.995 0.363
0.997 0.746
0.992 0.749
0.986 0.792
0.990 0.991
0.996 0.987
0.970 0.997
0.992 0.978
0.990 0.993
0.997 0.997
0.980 0.800
0.973 0.736
0.992 0.747
0.970 0.740
0.990 0.741
0.969 0.734
0.986 0.744
0.988 0.627
0.990 0.495
0.990 0.622
0.970 0.549
0.970 0.744
0.923 0.738
0.955 0.726
0.919 0.986
0.998 0.982
0.993 0.998
0.977 0.999
0.990 0.945
0.898 0.894
0.971 0.730
0.981 0.721
0.966 0.732
0.980 0.745
0.985 0.741
0.998 0.746
0.988 0.745
0.988 0.746
0.995 0.749
0.976 0.748
0.978 0.739
0.947 0.731
0.986 0.743
0.992 0.748
0.989 0.741
0.991 0.739
0.974 0.747
0.991 0.498
0.985 0.982
0.981 0.991
0.999 0.996
0.981 0.375
0.964 0.993
0.957 0.979
0.972 0.729
0.999 0.735
0.955 0.996
0.979 0.695
0.991 0.995
0.995 0.990
0.967 0.987
0.997 0.990
0.961 0.992
0.986 0.976
0.987 0.982
0.950 0.989
0.997 0.972
0.980 1.000
0.995 0.989
0.962 0.983
0.908 0.949
0.978 0.975
0.980 0.990
0.924 0.970
0.981 0.984
0.941 0.928
0.984 0.991
0.967 0.978
0.985 0.997
0.998 0.968
0.993 0.749
0.982 0.737
0.939 0.714
0.984 0.955
0.998 0.991
0.986 0.986
0.997 0.975
0.989 0.996
0.985 0.992
0.998 0.983
0.990 0.986
0.980 0.988
0.978 0.988
0.995 0.987
0.987 0.986
0.994 0.994
0.981 0.997
0.979 0.977
0.996 0.998
0.967 0.985
0.971 0.958
0.959 0.994
0.968 0.978
0.989 0.968
0.985 0.979
0.954 0.968
0.995 0.985
0.977 0.978
0.981 0.984
0.989 0.972
0.978 0.992
0.967 0.980
0.982 0.983
0.943 0.992
0.993 0.969
0.964 0.986
0.977 0.971
0.993 0.969
0.972 0.967
0.952 0.987
0.986 0.959
0.977 0.987
0.964 0.978
0.999 0.981
0.992 0.994
0.957 0.981
0.955 0.924
0.987 0.747
0.993 0.740
0.955 0.746
0.984 0.891
0.951 0.661
0.975 0.993
0.928 0.958
0.951 0.897
0.961 0.987
0.960 0.969
0.948 0.924
0.983 0.995
0.928 0.956
0.946 0.928
0.961 0.970
0.980 0.973
0.961 0.903
0.932 0.970
0.971 0.968
0.969 0.932
0.992 0.996
0.948 0.970
0.961 0.943
0.980 0.962
0.946 0.979
0.918 0.941
0.946 0.914
0.934 0.730
0.972 0.726
0.960 0.859
0.955 0.776
0.984 0.986
0.975 0.980
0.989 0.977
0.972 0.957
0.976 0.982
0.990 0.996
0.976 0.968
0.962 0.986
0.961 0.988
0.968 0.971
0.924 0.927
0.958 0.946
0.994 0.984
0.961 0.975
0.987 0.986
0.995 0.978
0.961 0.980
0.986 0.978
0.953 0.964
0.983 0.989
0.960 0.982
0.987 0.959
0.970 0.974
0.953 0.920
0.986 0.704
0.943 0.697
0.970 0.990
0.926 0.907
0.975 0.952
0.980 0.973
0.963 0.954
0.972 0.962
0.987 0.982
0.982 0.982
0.977 0.971
0.999 0.974
0.984 0.995
0.987 0.989
0.990 0.993
0.993 0.978
0.978 0.983
0.969 0.991
0.976 0.976
0.975 0.981
0.984 0.996
0.992 0.986
0.940 0.959
0.979 0.977
0.964 0.978
0.950 0.975
0.970 0.943
0.879 0.971
0.988 0.952
0.992 0.995
0.991 0.993
0.999 0.999
0.925 0.970
0.991 0.979
0.995 0.994
0.948 0.969
0.992 0.995
0.992 0.994
0.935 0.945
0.977 0.982
0.954 0.981
0.969 0.952
0.992 0.985
0.978 0.997
0.988 0.984
0.987 0.995
0.981 0.985
0.999 0.970
0.961 0.990
0.941 0.991
0.962 0.987
0.987 0.974
0.998 0.992
0.965 0.980
0.964 0.995
0.960 0.968
0.977 0.996
0.983 0.968
0.963 0.988
0.984 0.983
0.975 0.995
0.930 0.926
0.984 0.978
0.990 0.974
0.945 0.989
0.983 0.914
0.973 0.744
0.921 0.730
0.992 0.822
0.989 0.837
0.996 0.997
0.973 0.992
0.998 0.993
0.994 0.997
0.959 0.970
0.991 0.984
0.979 0.971
0.985 0.989
0.904 0.925
0.947 0.954
0.987 0.983
0.977 0.997
0.991 0.970
0.985 0.995
0.995 0.983
0.978 0.969
0.986 0.969
0.991 0.731
0.972 0.741
0.993 0.741
0.981 0.964
0.985 0.992
0.977 0.994
0.997 0.935
0.987 0.749
0.999 0.746
0.932 0.750
0.984 0.724
0.986 0.738
0.989 0.750
0.994 0.743
0.999 0.742
0.972 0.747
0.980 0.744
0.971 0.743
0.955 0.742
0.950 0.710
0.960 0.743
0.973 0.741
0.976 0.750
0.992 0.742
0.996 0.746
0.951 0.737
0.959 0.703
0.963 0.727
0.951 0.746
0.986 0.739
0.964 0.725
0.979 0.722
0.979 0.746
0.973 0.735
0.987 0.748
0.978 0.742
0.982 0.739
0.994 0.749
0.980 0.748
0.992 0.740
0.980 0.986
0.985 0.611
0.959 0.868
0.992 0.771
0.998 0.620
0.996 0.668
0.995 0.928
0.977 0.897
0.975 0.983
0.991 0.954
0.975 0.911
0.996 0.981
0.989 0.968
0.978 0.979
0.990 0.969
0.952 0.991
0.933 0.938
0.984 0.945
0.960 0.877
0.969 0.760
0.980 0.737
0.960 0.508
0.994 0.650
0.744 0.831
0.979 0.771
0.994 0.948
0.794 0.934
0.992 0.778
0.937 0.910
0.796 0.883
0.976 0.810
0.932 0.943
0.777 0.874
0.952 0.813
0.971 0.901
0.753 0.861
0.984 0.682
0.989 0.738
0.793 0.708
0.974 0.668
0.973 0.740
0.885 0.727
0.994 0.685
0.989 0.744
0.885 0.708
0.994 0.674
0.964 0.737
0.879 0.726
0.948 0.653
0.970 0.720
0.921 0.727
0.942 0.655
0.991 0.733
0.953 0.746
0.964 0.676
0.975 0.739
0.958 0.739
0.896 0.688
0.994 0.723
0.954 0.737
0.907 0.680
0.980 0.750
0.943 0.736
0.924 0.690
0.976 0.719
0.960 0.742
0.909 0.594
0.968 0.323
0.973 0.554
0.924 0.942
0.950 0.694
0.987 0.941
0.980 0.965
0.880 0.966
0.997 0.964
0.974 0.988
0.935 0.906
0.921 0.989
0.960 0.968
0.953 0.979
0.985 0.931
0.945 0.964
0.969 0.967
0.991 0.988
0.924 0.987
0.976 0.955
0.989 0.969
0.970 0.971
0.961 0.386
0.986 0.713
0.971 0.731
0.975 0.926
0.986 0.961
0.938 0.965
0.961 0.967
0.991 0.989
0.941 0.963
0.955 0.948
0.981 0.975
0.955 0.996
0.967 0.933
0.991 0.974
0.960 0.966
0.965 0.969
0.996 0.980
0.983 0.982
0.923 0.995
0.959 0.949
0.979 0.982
0.964 0.985
0.997 0.987
0.998 0.995
0.998 0.993
0.996 0.993
0.977 0.983
0.985 0.981
0.954 0.978
0.997 0.974
0.915 0.980
0.985 0.949
0.996 0.991
0.999 0.998
0.998 1.000
0.976 0.992
0.985 0.972
0.992 0.997
0.993 0.974
0.997 0.984
0.972 0.988
0.978 0.966
0.957 0.982
0.994 0.979
0.981 0.993
0.980 0.983
0.995 0.979
0.972 0.979
0.974 0.992
0.964 0.966
0.987 0.976
0.997 0.995
0.944 0.997
0.975 0.709
0.973 0.746
0.947 0.668
0.967 0.969
0.974 0.990
0.979 0.977
0.975 0.999
0.998 0.997
0.978 0.987
0.989 0.991
0.971 0.979
0.977 0.981
0.993 0.994
0.989 0.998
0.993 0.982
0.997 0.996
0.990 0.986
0.983 0.994
0.973 0.934
0.971 0.738
0.993 0.732
0.999 0.653
0.991 0.996
0.972 0.940
0.978 0.986
0.989 0.996
0.968 0.987
0.985 0.979
0.953 0.996
0.911 0.899
0.980 0.969
0.990 0.994
0.956 0.952
0.967 0.989
0.972 0.941
0.993 0.996
0.955 0.994
0.937 0.955
0.973 0.952
0.992 0.967
0.992 0.997
0.975 0.995
0.993 0.981
0.978 0.987
0.975 0.985
0.974 0.944
0.966 0.963
0.943 0.954
0.995 0.983
0.989 0.990
0.989 0.997
0.967 0.984
0.989 0.995
1.000 0.998
0.991 0.997
0.986 0.985
0.989 0.994
0.973 0.986
0.984 0.975
0.981 0.992
0.980 0.995
0.978 0.993
0.980 0.991
0.958 0.950
0.952 0.962
0.946 0.961
0.994 0.983
0.982 0.985
0.980 0.976
0.998 0.996
0.995 0.987
0.972 0.990
0.987 0.975
0.982 0.984
0.990 0.995
0.998 0.983
0.976 0.980
0.984 0.995
0.975 0.977
0.984 0.990
0.993 0.983
0.974 0.980
0.996 0.982
0.996 0.995
0.990 0.990
0.973 0.986
0.976 0.984
0.947 0.930
0.979 0.738
0.999 0.794
0.985 0.686
0.990 0.992
0.989 0.998
0.968 0.973
0.993 0.995
0.995 0.994
0.995 0.980
0.987 0.982
0.998 0.994
0.976 0.991
0.988 0.989
0.961 0.965
0.978 0.971
1.000 0.998
0.981 0.757
0.974 0.725
0.982 0.700
0.989 0.995
0.946 0.981
0.991 0.982
0.990 0.988
0.993 0.999
0.974 0.970
0.974 0.987
