0 0 0 0 0 0 0 0 0 0 0
0 0 0 0 0 0 0 0 0 0 0
0 0 0 0 0 0 0 0 0 0 0
0 0 0 0 0 0 0 0 0 0 0
0 0 0 0 0 0 0 0 0 0 0
0 0 0 0 0 0 0 0 0 0 0
0 0 0 0 0 0 0 0 0 0 0
0 0 0 0 0 0 0 0 0 0 0
0 0 0 0 0 0 0 0 0 0 0
0 0 0 0 0 0 0 0 0 0 0
0 0 0 0 0 0 0 0 0 0 0
0 0 0 0 0 0 0 0 0 0 0
0 0 0 0 0 0 0 0 0 0 0
0 0 0 0 0 0 0 0 0 0 0
0 0 0 0 0 0 0 0 0 0 0
0 0 0 0 0 0 0 0 0 0 0
0 0 0 0 0 0 0 0 0 0 0
0 0 0 0 0 0 0 0 0 0 0
0 1 0 13 7 0 0 1 7 0 13
0 2 0 9 9 0 0 2 9 0 9
0 8 0 20 9 0 0 8 9 0 20
0 23 0 25 17 14 0 23 17 14 25
0 40 0 32 26 24 0 40 26 24 32
0 52 0 37 42 32 0 52 42 32 37
0 50 0 43 63 15 0 50 63 15 43
0 49 0 49 79 26 0 49 79 26 49
0 54 0 47 84 37 0 54 84 37 47
0 40 0 49 73 50 0 40 73 50 49
0 31 0 48 79 58 0 31 79 58 48
0 27 0 48 88 78 0 27 88 78 48
0 44 0 33 100 79 0 44 100 79 33
0 51 0 3 98 90 0 51 98 90 3
0 39 0 0 92 90 0 39 92 90 0
0 34 0 0 88 89 0 34 88 89 0
0 29 0 0 81 94 0 29 81 94 0
0 3 0 0 82 99 0 3 82 99 0
0 9 0 0 76 100 0 9 76 100 0
0 13 0 0 67 108 0 13 67 108 0
0 9 0 0 70 109 0 9 70 109 0
0 15 0 0 76 97 0 15 76 97 0
0 17 0 2 78 99 0 17 78 99 2
0 4 0 0 82 108 0 4 82 108 0
0 2 0 0 82 111 0 2 82 111 0
0 13 0 7 75 114 0 13 75 114 7
0 25 0 0 73 113 0 25 73 113 0
0 21 0 0 80 105 0 21 80 105 0
0 15 0 5 96 105 0 15 96 105 5
0 17 0 0 105 89 0 17 105 89 0
0 14 0 0 113 82 0 14 113 82 0
0 20 0 7 122 70 0 20 122 70 7
0 22 0 22 130 44 0 22 130 44 22
0 28 0 0 131 16 0 28 131 16 0
0 25 0 1 126 0 0 25 126 0 1
0 11 0 13 126 0 0 11 126 0 13
0 23 0 0 134 12 0 23 134 12 0
0 29 0 1 146 0 0 29 146 0 1
0 23 0 4 142 0 0 23 142 0 4
0 27 0 0 125 0 0 27 125 0 0
0 20 0 3 119 0 0 20 119 0 3
0 14 0 4 120 3 0 14 120 3 4
0 30 0 15 130 4 0 30 130 4 15
0 32 0 13 134 0 0 32 134 0 13
0 19 0 1 134 0 0 19 134 0 1
0 6 0 1 136 0 0 6 136 0 1
0 16 0 2 139 7 0 16 139 7 2
0 36 0 6 147 14 0 36 147 14 6
0 42 0 10 160 25 0 42 160 25 10
0 35 0 9 168 4 0 35 168 4 9
0 31 0 3 157 6 0 31 157 6 3
0 47 0 1 162 12 0 47 162 12 1
0 35 0 8 171 28 0 35 171 28 8
0 41 0 4 166 51 0 41 166 51 4
0 40 0 5 175 44 0 40 175 44 5
0 40 0 1 179 39 0 40 179 39 1
0 41 0 3 179 36 0 41 179 36 3
0 41 0 9 179 32 0 41 179 32 9
0 35 0 14 200 17 0 35 200 17 14
0 32 0 21 201 8 0 32 201 8 21
0 27 0 20 200 5 0 27 200 5 20
0 34 0 9 199 11 0 34 199 11 9
0 41 0 5 199 13 0 41 199 13 5
0 38 0 14 196 23 0 38 196 23 14
0 34 0 16 204 28 0 34 204 28 16
0 34 0 19 214 31 0 34 214 31 19
0 32 0 12 226 28 0 32 226 28 12
0 39 0 14 220 32 0 39 220 32 14
0 41 0 20 231 22 0 41 231 22 20
0 46 0 11 245 17 0 46 245 17 11
0 46 0 15 243 15 0 46 243 15 15
0 33 0 10 254 11 0 33 254 11 10
0 41 0 10 255 12 0 41 255 12 10
0 37 0 13 259 17 0 37 259 17 13
0 26 0 2 274 15 0 26 274 15 2
0 15 0 19 273 20 0 15 273 20 19
0 20 0 18 281 15 0 20 281 15 18
0 13 0 34 287 17 0 13 287 17 34
0 11 0 28 301 21 0 11 301 21 28
0 20 0 28 309 28 0 20 309 28 28
0 30 0 12 316 38 0 30 316 38 12
0 33 0 5 324 35 0 33 324 35 5
0 29 0 6 333 36 0 29 333 36 6
0 22 0 21 343 35 0 22 343 35 21
0 34 0 12 349 31 0 34 349 31 12
0 39 0 10 355 27 0 39 355 27 10
0 35 0 10 360 23 0 35 360 23 10
0 34 0 13 368 27 0 34 368 27 13
0 37 0 21 380 20 0 37 380 20 21
0 29 0 15 384 30 0 29 384 30 15
0 37 0 24 394 27 0 37 394 27 24
0 38 0 19 404 25 0 38 404 25 19
0 39 0 28 418 20 0 39 418 20 28
0 46 0 33 423 8 0 46 423 8 33
0 43 0 37 434 1 0 43 434 1 37
0 46 0 20 445 4 0 46 445 4 20
0 49 0 19 443 3 0 49 443 3 19
0 36 0 26 455 15 0 36 455 15 26
0 33 0 27 467 32 0 33 467 32 27
0 38 0 20 476 29 0 38 476 29 20
0 16 0 28 485 23 0 16 485 23 28
0 14 0 28 494 27 0 14 494 27 28
0 23 0 39 490 26 0 23 490 26 39
0 23 0 25 498 27 0 23 498 27 25
0 24 0 18 516 34 0 24 516 34 18
0 22 0 5 533 36 0 22 533 36 5
0 13 0 3 554 32 0 13 554 32 3
0 14 0 17 564 28 0 14 564 28 17
0 21 0 22 570 35 0 21 570 35 22
0 18 0 34 577 42 0 18 577 42 34
0 16 0 37 597 25 0 16 597 25 37
0 11 0 49 608 27 0 11 608 27 49
0 19 0 48 613 25 0 19 613 25 48
0 25 0 39 619 28 0 25 619 28 39
0 23 0 21 631 34 0 23 631 34 21
0 27 0 9 650 33 0 27 650 33 9
0 24 0 9 664 40 0 24 664 40 9
0 16 0 4 674 42 0 16 674 42 4
0 10 0 0 677 28 0 10 677 28 0
0 21 0 8 684 19 0 21 684 19 8
0 28 0 0 693 21 0 28 693 21 0
0 27 0 0 689 9 0 27 689 9 0
0 25 0 3 699 11 0 25 699 11 3
0 25 0 2 714 17 0 25 714 17 2
0 20 0 1 709 6 0 20 709 6 1
0 19 0 1 718 4 0 19 718 4 1
0 23 0 0 733 14 0 23 733 14 0
0 17 0 1 737 15 0 17 737 15 1
0 16 0 5 749 9 0 16 749 9 5
0 29 0 0 758 17 0 29 758 17 0
0 24 0 0 766 2 0 24 766 2 0
0 18 0 5 777 4 0 18 777 4 5
0 25 0 11 785 3 0 25 785 3 11
0 25 0 0 786 13 0 25 786 13 0
0 17 0 2 786 21 0 17 786 21 2
0 24 0 3 791 30 0 24 791 30 3
0 21 0 3 805 30 0 21 805 30 3
0 21 0 1 812 32 0 21 812 32 1
0 26 0 0 817 21 0 26 817 21 0
0 14 0 4 836 14 0 14 836 14 4
0 16 0 1 836 27 0 16 836 27 1
0 18 0 1 845 25 0 18 845 25 1
0 14 0 7 861 22 0 14 861 22 7
0 20 0 0 872 22 0 20 872 22 0
0 21 0 2 890 7 0 21 890 7 2
0 16 0 4 901 1 0 16 901 1 4
0 17 0 0 915 9 0 17 915 9 0
0 16 0 1 914 25 0 16 914 25 1
0 13 0 4 920 36 0 13 920 36 4
0 28 0 0 925 45 0 28 925 45 0
0 30 0 0 933 42 0 30 933 42 0
0 31 0 2 933 29 0 31 933 29 2
0 31 0 1 935 25 0 31 935 25 1
0 31 0 0 902 24 0 31 902 24 0
0 29 0 1 862 32 0 29 862 32 1
0 30 0 1 836 29 0 30 836 29 1
0 32 0 0 804 20 0 32 804 20 0
0 38 0 2 764 13 0 38 764 13 2
0 43 0 3 732 7 0 43 732 7 3
0 33 0 0 698 7 0 33 698 7 0
0 28 0 0 681 24 0 28 681 24 0
0 31 0 5 691 24 0 31 691 24 5
0 31 0 0 705 25 0 31 705 25 0
0 38 0 5 691 23 0 38 691 23 5
0 36 0 7 691 21 0 36 691 21 7
0 39 0 0 702 6 0 39 702 6 0
0 37 0 3 702 6 0 37 702 6 3
0 34 0 0 697 17 0 34 697 17 0
0 43 0 4 695 18 0 43 695 18 4
0 47 0 2 687 21 0 47 687 21 2
0 49 0 1 692 18 0 49 692 18 1
0 47 0 5 697 10 0 47 697 10 5
0 47 0 0 697 0 0 47 697 0 0
0 42 0 3 691 1 0 42 691 1 3
0 28 0 3 686 1 0 28 686 1 3
0 21 0 1 696 7 0 21 696 7 1
0 17 0 0 670 16 0 17 670 16 0
0 15 0 6 638 23 0 15 638 23 6
0 32 0 1 596 31 0 32 596 31 1
0 21 0 4 569 37 0 21 569 37 4
0 29 0 2 534 31 0 29 534 31 2
0 34 0 4 499 30 0 34 499 30 4
0 20 0 6 482 42 0 20 482 42 6
0 23 0 2 484 48 0 23 484 48 2
0 35 0 3 490 49 0 35 490 49 3
0 27 0 1 504 54 0 27 504 54 1
0 29 0 2 507 50 0 29 507 50 2
0 37 0 10 519 36 0 37 519 36 10
0 44 0 11 521 35 0 44 521 35 11
0 39 0 4 530 39 0 39 530 39 4
0 46 0 1 524 40 0 46 524 40 1
0 40 0 9 537 35 0 40 537 35 9
0 44 0 14 544 41 0 44 544 41 14
0 35 0 2 563 38 0 35 563 38 2
0 42 0 5 559 39 0 42 559 39 5
0 47 0 1 572 37 0 47 572 37 1
0 38 0 10 588 42 0 38 588 42 10
0 41 0 1 590 49 0 41 590 49 1
0 40 0 7 585 49 0 40 585 49 7
0 41 0 4 564 37 0 41 564 37 4
0 45 0 3 539 36 0 45 539 36 3
0 50 0 0 505 29 0 50 505 29 0
0 46 0 0 490 22 0 46 490 22 0
0 41 0 2 456 22 0 41 456 22 2
0 46 0 5 425 23 0 46 425 23 5
0 22 0 2 399 27 0 22 399 27 2
0 21 0 4 366 29 0 21 366 29 4
0 18 0 8 334 36 0 18 334 36 8
0 25 0 1 314 37 0 25 314 37 1
0 29 0 1 302 43 0 29 302 43 1
0 28 0 4 301 52 0 28 301 52 4
0 35 0 10 314 38 0 35 314 38 10
0 33 0 2 322 31 0 33 322 31 2
0 34 0 3 324 25 0 34 324 25 3
0 32 0 4 330 23 0 32 330 23 4
0 35 0 5 329 24 0 35 329 24 5
0 31 0 1 337 30 0 31 337 30 1
0 24 0 4 356 25 0 24 356 25 4
0 33 0 4 347 25 0 33 347 25 4
0 28 0 1 351 36 0 28 351 36 1
0 40 0 0 339 30 0 40 339 30 0
0 33 0 4 336 33 0 33 336 33 4
0 27 0 4 348 41 0 27 348 41 4
0 33 0 2 345 36 0 33 345 36 2
0 44 0 3 324 37 0 44 324 37 3
0 48 0 8 314 36 0 48 314 36 8
0 43 0 14 319 32 0 43 319 32 14
0 35 0 9 319 34 0 35 319 34 9
0 35 0 9 304 41 0 35 304 41 9
0 35 0 19 261 45 0 35 261 45 19
0 35 0 16 236 42 0 35 236 42 16
0 45 0 16 194 58 0 45 194 58 16
0 40 0 1 168 46 0 40 168 46 1
0 26 0 8 137 50 0 26 137 50 8
0 26 0 6 109 59 0 26 109 59 6
0 39 0 15 70 58 0 39 70 58 15
0 35 0 10 36 64 0 35 36 64 10
0 41 0 7 4 66 0 41 4 66 7
0 29 0 1 0 41 0 29 0 41 1
0 25 0 1 10 27 0 25 10 27 1
0 37 0 4 17 28 0 37 17 28 4
0 44 0 4 33 21 0 44 33 21 4
0 33 0 2 52 23 0 33 52 23 2
0 29 0 7 63 36 0 29 63 36 7
0 33 0 11 68 54 0 33 68 54 11
0 40 0 7 78 52 0 40 78 52 7
0 40 0 11 84 60 0 40 84 60 11
0 41 0 12 86 59 0 41 86 59 12
0 35 0 10 96 55 0 35 96 55 10
0 34 0 10 106 51 0 34 106 51 10
0 32 0 10 94 51 0 32 94 51 10
0 49 0 15 94 49 0 49 94 49 15
0 40 0 5 108 41 0 40 108 41 5
0 27 0 5 112 43 0 27 112 43 5
0 28 0 3 112 44 0 28 112 44 3
0 21 0 1 111 50 0 21 111 50 1
0 15 0 5 111 54 0 15 111 54 5
0 13 0 5 115 64 0 13 115 64 5
0 23 0 9 114 54 0 23 114 54 9
0 11 0 7 125 54 0 11 125 54 7
0 12 0 9 128 61 0 12 128 61 9
0 15 0 12 126 53 0 15 126 53 12
0 20 0 13 130 53 0 20 130 53 13
0 15 0 19 135 45 0 15 135 45 19
0 17 0 20 126 55 0 17 126 55 20
0 24 0 15 138 52 0 24 138 52 15
0 33 0 10 126 61 0 33 126 61 10
0 32 0 7 132 58 0 32 132 58 7
0 29 0 8 141 54 0 29 141 54 8
0 33 0 3 144 50 0 33 144 50 3
0 19 0 15 145 56 0 19 145 56 15
0 22 0 23 132 59 0 22 132 59 23
0 31 0 26 135 67 0 31 135 67 26
0 41 0 22 140 61 0 41 140 61 22
0 42 0 10 139 68 0 42 139 68 10
0 41 0 14 148 57 0 41 148 57 14
0 35 0 13 148 54 0 35 148 54 13
0 32 0 25 143 51 0 32 143 51 25
0 33 0 25 148 55 0 33 148 55 25
0 37 0 27 144 62 0 37 144 62 27
0 42 0 29 137 63 0 42 137 63 29
0 47 0 31 146 58 0 47 146 58 31
0 37 0 39 149 61 0 37 149 61 39
0 38 0 37 142 57 0 38 142 57 37
0 38 0 33 146 57 0 38 146 57 33
0 43 0 19 156 65 0 43 156 65 19
0 46 0 15 152 70 0 46 152 70 15
0 43 0 14 156 70 0 43 156 70 14
0 36 0 11 173 61 0 36 173 61 11
0 34 0 19 161 56 0 34 161 56 19
0 43 0 19 150 58 0 43 150 58 19
0 47 0 20 150 63 0 47 150 63 20
0 40 0 15 156 69 0 40 156 69 15
0 32 0 18 161 68 0 32 161 68 18
0 36 0 27 151 76 0 36 151 76 27
0 36 0 34 154 71 0 36 154 71 34
0 38 0 35 163 66 0 38 163 66 35
0 45 0 31 161 59 0 45 161 59 31
0 40 0 26 161 59 0 40 161 59 26
0 46 0 16 160 53 0 46 160 53 16
0 41 0 24 158 57 0 41 158 57 24
0 44 0 13 167 64 0 44 167 64 13
0 41 0 15 168 64 0 41 168 64 15
0 35 0 18 160 62 0 35 160 62 18
0 37 0 36 158 53 0 37 158 53 36
0 44 0 39 155 53 0 44 155 53 39
0 46 0 28 157 52 0 46 157 52 28
0 40 0 24 162 54 0 40 162 54 24
0 35 0 14 174 65 0 35 174 65 14
0 43 0 16 163 65 0 43 163 65 16
0 32 0 9 169 58 0 32 169 58 9
0 9 0 20 162 58 0 9 162 58 20
0 22 0 17 160 53 0 22 160 53 17
0 13 0 27 165 56 0 13 165 56 27
0 20 0 29 159 55 0 20 159 55 29
0 16 0 35 162 64 0 16 162 64 35
0 25 0 24 169 63 0 25 169 63 24
0 21 0 22 168 65 0 21 168 65 22
0 33 0 10 168 62 0 33 168 62 10
0 31 0 21 173 51 0 31 173 51 21
0 29 0 19 170 49 0 29 170 49 19
0 28 0 19 179 42 0 28 179 42 19
0 33 0 22 169 45 0 33 169 45 22
0 30 0 32 161 51 0 30 161 51 32
0 22 0 37 170 57 0 22 170 57 37
0 23 0 37 169 65 0 23 169 65 37
0 35 0 37 160 72 0 35 160 72 37
0 32 0 37 177 59 0 32 177 59 37
0 35 0 38 172 61 0 35 172 61 38
0 33 0 27 173 55 0 33 173 55 27
0 39 0 29 171 41 0 39 171 41 29
0 44 0 23 168 53 0 44 168 53 23
0 40 0 29 163 63 0 40 163 63 29
0 35 0 29 160 67 0 35 160 67 29
0 30 0 38 174 70 0 30 174 70 38
0 32 0 34 175 72 0 32 175 72 34
0 40 0 19 180 73 0 40 180 73 19
0 38 0 20 178 67 0 38 178 67 20
0 38 0 17 176 71 0 38 176 71 17
0 42 0 30 166 68 0 42 166 68 30
0 43 0 33 162 72 0 43 162 72 33
0 42 0 36 174 69 0 42 174 69 36
0 38 0 35 181 69 0 38 181 69 35
0 46 0 33 178 61 0 46 178 61 33
0 42 0 39 179 53 0 42 179 53 39
0 35 0 33 193 45 0 35 193 45 33
0 38 0 31 183 49 0 38 183 49 31
0 39 0 24 189 62 0 39 189 62 24
0 45 0 19 190 62 0 45 190 62 19
0 38 0 24 196 65 0 38 196 65 24
0 40 0 26 193 63 0 40 193 63 26
0 41 0 37 193 55 0 41 193 55 37
0 37 0 32 198 54 0 37 198 54 32
0 42 0 32 196 61 0 42 196 61 32
0 41 0 29 193 64 0 41 193 64 29
0 33 0 34 198 71 0 33 198 71 34
0 38 0 42 198 71 0 38 198 71 42
0 42 0 42 193 74 0 42 193 74 42
0 45 0 33 204 71 0 45 204 71 33
0 42 0 33 218 62 0 42 218 62 33
0 36 0 40 215 53 0 36 215 53 40
0 35 0 41 215 56 0 35 215 56 41
0 24 0 22 214 49 0 24 214 49 22
0 0 0 0 221 61 0 0 221 61 0
0 8 0 1 219 57 0 8 219 57 1
0 17 0 12 221 57 0 17 221 57 12
0 25 0 0 223 57 0 25 223 57 0
0 14 0 1 227 49 0 14 227 49 1
0 20 0 0 230 50 0 20 230 50 0
0 19 0 5 237 63 0 19 237 63 5
0 21 0 0 234 66 0 21 234 66 0
0 28 0 2 249 50 0 28 249 50 2
0 34 0 1 256 40 0 34 256 40 1
0 32 0 3 254 36 0 32 254 36 3
0 27 0 2 252 44 0 27 252 44 2
0 29 0 2 262 42 0 29 262 42 2
0 25 0 1 272 46 0 25 272 46 1
0 37 0 0 274 50 0 37 274 50 0
0 40 0 0 273 48 0 40 273 48 0
0 37 0 3 277 37 0 37 277 37 3
0 41 0 5 280 38 0 41 280 38 5
0 36 0 1 287 45 0 36 287 45 1
0 40 0 1 285 51 0 40 285 51 1
0 34 0 0 292 58 0 34 292 58 0
0 32 0 0 302 65 0 32 302 65 0
0 39 0 1 314 51 0 39 314 51 1
0 39 0 0 316 53 0 39 316 53 0
0 35 0 1 324 53 0 35 324 53 1
0 36 0 1 330 50 0 36 330 50 1
0 43 0 0 332 56 0 43 332 56 0
0 39 0 5 341 60 0 39 341 60 5
0 45 0 2 349 54 0 45 349 54 2
0 41 0 0 355 59 0 41 355 59 0
0 41 0 5 355 65 0 41 355 65 5
0 41 0 0 365 63 0 41 365 63 0
0 31 0 1 382 63 0 31 382 63 1
0 42 0 2 387 59 0 42 387 59 2
0 41 0 3 406 45 0 41 406 45 3
0 36 0 0 402 55 0 36 402 55 0
0 32 0 8 399 45 0 32 399 45 8
0 33 0 3 415 52 0 33 415 52 3
0 34 0 0 429 61 0 34 429 61 0
0 35 0 0 440 53 0 35 440 53 0
0 41 0 4 436 61 0 41 436 61 4
0 42 0 6 438 65 0 42 438 65 6
0 31 0 0 447 62 0 31 447 62 0
0 29 0 3 455 68 0 29 455 68 3
0 43 0 4 462 77 0 43 462 77 4
0 39 0 1 462 75 0 39 462 75 1
0 38 0 5 468 68 0 38 468 68 5
0 46 0 6 474 65 0 46 474 65 6
0 46 0 1 486 58 0 46 486 58 1
0 41 0 1 490 58 0 41 490 58 1
0 39 0 1 494 60 0 39 494 60 1
0 43 0 4 497 68 0 43 497 68 4
0 45 0 0 508 57 0 45 508 57 0
0 29 0 5 521 60 0 29 521 60 5
0 35 0 9 529 62 0 35 529 62 9
0 31 0 8 547 56 0 31 547 56 8
0 41 0 1 561 50 0 41 561 50 1
0 43 0 4 571 46 0 43 571 46 4
0 37 0 1 581 55 0 37 581 55 1
0 35 0 1 588 64 0 35 588 64 1
0 42 0 1 594 70 0 42 594 70 1
0 40 0 2 599 77 0 40 599 77 2
0 46 0 0 609 79 0 46 609 79 0
0 40 0 2 619 76 0 40 619 76 2
0 46 0 0 618 79 0 46 618 79 0
0 49 0 0 630 82 0 49 630 82 0
0 40 0 1 636 90 0 40 636 90 1
0 47 0 0 636 91 0 47 636 91 0
0 47 0 4 645 90 0 47 645 90 4
0 48 0 0 654 86 0 48 654 86 0
0 50 0 6 671 73 0 50 671 73 6
0 46 0 2 684 58 0 46 684 58 2
0 30 0 3 690 53 0 30 690 53 3
0 15 0 1 706 48 0 15 706 48 1
0 21 0 6 712 56 0 21 712 56 6
0 23 0 0 719 76 0 23 719 76 0
0 18 0 2 724 89 0 18 724 89 2
0 21 0 5 741 87 0 21 741 87 5
0 21 0 15 757 75 0 21 757 75 15
0 42 0 9 769 65 0 42 769 65 9
0 37 0 0 780 58 0 37 780 58 0
0 32 0 0 784 57 0 32 784 57 0
0 35 0 5 792 68 0 35 792 68 5
0 38 0 4 802 81 0 38 802 81 4
0 30 0 0 808 93 0 30 808 93 0
0 25 0 15 819 89 0 25 819 89 15
0 31 0 19 834 80 0 31 834 80 19
0 33 0 16 851 78 0 33 851 78 16
0 43 0 4 860 69 0 43 860 69 4
0 41 0 1 861 81 0 41 861 81 1
0 39 0 9 864 84 0 39 864 84 9
0 43 0 9 869 97 0 43 869 97 9
0 37 0 13 874 100 0 37 874 100 13
0 50 0 2 878 100 0 50 878 100 2
0 41 0 4 888 98 0 41 888 98 4
0 26 0 2 900 101 0 26 900 101 2
0 41 0 5 905 87 0 41 905 87 5
0 32 0 4 909 90 0 32 909 90 4
0 22 0 2 916 92 0 22 916 92 2
0 15 0 7 922 88 0 15 922 88 7
0 18 0 13 938 80 0 18 938 80 13
0 19 0 18 953 74 0 19 953 74 18
0 32 0 13 961 65 0 32 961 65 13
0 23 0 10 978 53 0 23 978 53 10
0 20 0 3 994 61 0 20 994 61 3
0 30 0 1 985 64 0 30 985 64 1
0 30 0 8 948 72 0 30 948 72 8
0 36 0 13 918 69 0 36 918 69 13
0 30 0 17 881 71 0 30 881 71 17
0 30 0 11 854 65 0 30 854 65 11
0 27 0 1 824 72 0 27 824 72 1
0 31 0 1 796 71 0 31 796 71 1
0 34 0 7 763 74 0 34 763 74 7
0 38 0 15 734 67 0 38 734 67 15
0 35 0 12 707 61 0 35 707 61 12
0 36 0 11 707 62 0 36 707 62 11
0 34 0 17 701 63 0 34 701 63 17
0 38 0 11 706 65 0 38 706 65 11
0 35 0 18 703 60 0 35 703 60 18
0 35 0 14 700 64 0 35 700 64 14
0 28 0 24 712 62 0 28 712 62 24
0 36 0 23 715 48 0 36 715 48 23
0 38 0 18 708 58 0 38 708 58 18
0 40 0 6 700 68 0 40 700 68 6
0 28 0 4 703 69 0 28 703 69 4
0 37 0 3 707 75 0 37 707 75 3
0 38 0 13 703 82 0 38 703 82 13
0 44 0 3 706 83 0 44 706 83 3
0 31 0 16 700 80 0 31 700 80 16
0 32 0 11 702 77 0 32 702 77 11
0 27 0 14 673 89 0 27 673 89 14
0 37 0 13 646 87 0 37 646 87 13
0 46 0 9 611 76 0 46 611 76 9
0 41 0 14 581 71 0 41 581 71 14
0 27 0 14 560 65 0 27 560 65 14
0 34 0 7 527 72 0 34 527 72 7
0 44 0 6 490 79 0 44 490 79 6
0 32 0 8 459 81 0 32 459 81 8
0 26 0 19 437 89 0 26 437 89 19
0 31 0 16 449 91 0 31 449 91 16
0 27 0 14 453 96 0 27 453 96 14
0 36 0 10 462 104 0 36 462 104 10
0 36 0 9 476 100 0 36 476 100 9
0 23 0 8 494 104 0 23 494 104 8
0 28 0 6 500 104 0 28 500 104 6
0 31 0 8 514 99 0 31 514 99 8
0 31 0 16 528 97 0 31 528 97 16
0 45 0 7 538 98 0 45 538 98 7
0 31 0 11 550 89 0 31 550 89 11
0 36 0 14 553 84 0 36 553 84 14
0 46 0 19 559 87 0 46 559 87 19
0 38 0 18 569 97 0 38 569 97 18
0 40 0 12 581 87 0 40 581 87 12
0 40 0 9 591 95 0 40 591 95 9
0 47 0 20 588 89 0 47 588 89 20
0 44 0 11 564 89 0 44 564 89 11
0 47 0 20 527 79 0 47 527 79 20
0 44 0 14 498 87 0 44 498 87 14
0 45 0 15 497 89 0 45 497 89 15
0 48 0 17 467 90 0 48 467 90 17
0 30 0 17 434 101 0 30 434 101 17
0 32 0 21 412 92 0 32 412 92 21
0 25 0 25 381 91 0 25 381 91 25
0 19 0 18 356 92 0 19 356 92 18
0 24 0 20 337 89 0 24 337 89 20
0 20 0 8 350 86 0 20 350 86 8
0 31 0 18 343 78 0 31 343 78 18
0 33 0 20 339 82 0 33 339 82 20
0 24 0 23 364 73 0 24 364 73 23
0 26 0 18 359 77 0 26 359 77 18
0 26 0 13 357 81 0 26 357 81 13
0 35 0 27 352 78 0 35 352 78 27
0 35 0 33 371 68 0 35 371 68 33
0 38 0 26 371 75 0 38 371 75 26
0 39 0 20 367 77 0 39 367 77 20
0 36 0 16 368 93 0 36 368 93 16
0 46 0 15 374 95 0 46 374 95 15
0 44 0 9 373 104 0 44 373 104 9
0 36 0 15 375 95 0 36 375 95 15
0 39 0 13 375 89 0 39 375 89 13
0 36 0 27 370 77 0 36 370 77 27
0 42 0 25 366 77 0 42 366 77 25
0 41 0 35 355 82 0 41 355 82 35
0 37 0 32 359 82 0 37 359 82 32
0 43 0 25 357 85 0 43 357 85 25
0 44 0 19 342 87 0 44 342 87 19
0 49 0 21 310 84 0 49 310 84 21
0 45 0 28 268 91 0 45 268 91 28
0 38 0 26 237 91 0 38 237 91 26
0 44 0 30 199 92 0 44 199 92 30
0 35 0 29 167 100 0 35 167 100 29
0 17 0 24 141 105 0 17 141 105 24
0 26 0 18 110 93 0 26 110 93 18
0 16 0 18 80 98 0 16 80 98 18
0 9 0 22 58 98 0 9 58 98 22
0 19 0 32 22 94 0 19 22 94 32
0 19 0 30 0 91 0 19 0 91 30
0 20 0 20 0 80 0 20 0 80 20
0 23 0 2 10 78 0 23 10 78 2
0 32 0 10 18 76 0 32 18 76 10
0 31 0 19 28 73 0 31 28 73 19
0 23 0 34 33 83 0 23 33 83 34
0 17 0 45 44 92 0 17 44 92 45
0 13 0 49 56 88 0 13 56 88 49
0 30 0 42 63 81 0 30 63 81 42
0 35 0 41 70 76 0 35 70 76 41
0 27 0 33 83 75 0 27 83 75 33
0 22 0 26 109 62 0 22 109 62 26
0 27 0 7 123 73 0 27 123 73 7
0 33 0 0 126 74 0 33 126 74 0
0 31 0 2 121 70 0 31 121 70 2
0 37 0 7 128 73 0 37 128 73 7
0 32 0 0 130 77 0 32 130 77 0
0 18 0 0 137 63 0 18 137 63 0
0 22 0 0 150 80 0 22 150 80 0
0 27 0 0 153 88 0 27 153 88 0
0 19 0 0 164 71 0 19 164 71 0
0 27 0 7 176 74 0 27 176 74 7
0 28 0 0 183 78 0 28 183 78 0
0 10 0 2 180 72 0 10 180 72 2
0 29 0 7 181 73 0 29 181 73 7
0 32 0 0 185 82 0 32 185 82 0
0 21 0 1 185 83 0 21 185 83 1
0 28 0 5 187 81 0 28 187 81 5
0 29 0 0 197 83 0 29 197 83 0
0 23 0 4 199 80 0 23 199 80 4
0 27 0 5 192 85 0 27 192 85 5
0 34 0 2 188 90 0 34 188 90 2
0 28 0 2 189 89 0 28 189 89 2
0 26 0 0 197 95 0 26 197 95 0
0 18 0 7 204 99 0 18 204 99 7
0 30 0 2 209 86 0 30 209 86 2
0 32 0 4 210 82 0 32 210 82 4
0 25 0 1 205 95 0 25 205 95 1
0 27 0 2 208 85 0 27 208 85 2
0 24 0 2 211 93 0 24 211 93 2
0 27 0 0 208 105 0 27 208 105 0
0 27 0 0 217 98 0 27 217 98 0
0 23 0 0 223 101 0 23 223 101 0
0 27 0 4 218 99 0 27 218 99 4
0 27 0 0 219 96 0 27 219 96 0
0 25 0 1 229 101 0 25 229 101 1
0 38 0 4 222 96 0 38 222 96 4
0 27 0 2 232 91 0 27 232 91 2
0 24 0 5 234 83 0 24 234 83 5
0 26 0 9 240 72 0 26 240 72 9
0 23 0 8 249 68 0 23 249 68 8
0 31 0 1 241 72 0 31 241 72 1
0 27 0 0 230 80 0 27 230 80 0
0 32 0 2 244 77 0 32 244 77 2
0 39 0 0 253 73 0 39 253 73 0
0 32 0 0 243 76 0 32 243 76 0
0 42 0 1 231 84 0 42 231 84 1
0 46 0 3 224 88 0 46 224 88 3
0 41 0 0 229 97 0 41 229 97 0
0 41 0 0 242 103 0 41 242 103 0
0 45 0 0 251 101 0 45 251 101 0
0 39 0 0 251 87 0 39 251 87 0
0 47 0 1 247 97 0 47 247 97 1
0 38 0 3 253 98 0 38 253 98 3
0 49 0 0 248 107 0 49 248 107 0
0 51 0 0 258 106 0 51 258 106 0
0 42 0 2 261 99 0 42 261 99 2
0 29 0 0 260 111 0 29 260 111 0
0 26 0 1 264 108 0 26 264 108 1
0 22 0 0 276 103 0 22 276 103 0
0 22 0 0 268 105 0 22 268 105 0
0 20 0 5 276 99 0 20 276 99 5
0 32 0 1 270 91 0 32 270 91 1
0 31 0 4 270 81 0 31 270 81 4
0 28 0 9 271 90 0 28 271 90 9
0 38 0 4 279 86 0 38 279 86 4
0 45 0 3 274 85 0 45 274 85 3
0 38 0 0 283 84 0 38 283 84 0
0 31 0 5 288 98 0 31 288 98 5
0 35 0 9 283 104 0 35 283 104 9
0 39 0 3 289 111 0 39 289 111 3
0 34 0 1 302 113 0 34 302 113 1
0 37 0 0 311 108 0 37 311 108 0
0 32 0 6 319 115 0 32 319 115 6
0 38 0 0 330 111 0 38 330 111 0
0 39 0 4 325 111 0 39 325 111 4
0 39 0 8 339 113 0 39 339 113 8
0 42 0 9 346 109 0 42 346 109 9
0 46 0 5 368 86 0 46 368 86 5
0 50 0 0 355 87 0 50 355 87 0
0 37 0 5 357 81 0 37 357 81 5
0 42 0 8 359 85 0 42 359 85 8
0 32 0 8 366 94 0 32 366 94 8
0 21 0 7 377 101 0 21 377 101 7
0 21 0 4 388 97 0 21 388 97 4
0 30 0 1 393 96 0 30 393 96 1
0 14 0 10 406 91 0 14 406 91 10
0 18 0 9 411 101 0 18 411 101 9
0 22 0 12 418 106 0 22 418 106 12
0 25 0 8 425 110 0 25 425 110 8
0 25 0 7 432 113 0 25 432 113 7
0 34 0 3 435 114 0 34 435 114 3
0 29 0 1 441 109 0 29 441 109 1
0 29 0 6 450 107 0 29 450 107 6
0 37 0 6 454 113 0 37 454 113 6
0 35 0 2 460 111 0 35 460 111 2
0 30 0 8 468 109 0 30 468 109 8
0 30 0 9 481 107 0 30 481 107 9
0 32 0 4 496 99 0 32 496 99 4
0 32 0 6 511 94 0 32 511 94 6
0 27 0 2 521 96 0 27 521 96 2
0 27 0 7 527 103 0 27 527 103 7
0 36 0 3 537 104 0 36 537 104 3
0 39 0 9 541 109 0 39 541 109 9
0 36 0 5 551 122 0 36 551 122 5
0 27 0 2 568 110 0 27 568 110 2
0 31 0 3 578 106 0 31 578 106 3
0 38 0 0 585 111 0 38 585 111 0
0 39 0 5 590 103 0 39 590 103 5
0 41 0 3 607 94 0 41 607 94 3
0 43 0 5 616 91 0 43 616 91 5
0 35 0 5 627 87 0 35 627 87 5
0 28 0 2 631 100 0 28 631 100 2
0 36 0 9 644 99 0 36 644 99 9
0 30 0 7 660 105 0 30 660 105 7
0 33 0 2 673 105 0 33 673 105 2
0 30 0 11 688 93 0 30 688 93 11
0 19 0 4 709 98 0 19 709 98 4
0 37 0 11 710 98 0 37 710 98 11
0 34 0 8 724 95 0 34 724 95 8
0 38 0 7 730 107 0 38 730 107 7
0 29 0 3 748 112 0 29 748 112 3
0 28 0 6 751 121 0 28 751 121 6
0 40 0 4 756 127 0 40 756 127 4
0 31 0 12 766 119 0 31 766 119 12
0 37 0 7 790 103 0 37 790 103 7
0 42 0 5 805 93 0 42 805 93 5
0 38 0 0 815 89 0 38 815 89 0
0 35 0 3 826 88 0 35 826 88 3
0 36 0 8 837 95 0 36 837 95 8
0 36 0 5 849 106 0 36 849 106 5
0 38 0 3 864 106 0 38 864 106 3
0 39 0 1 870 112 0 39 870 112 1
0 30 0 17 879 106 0 30 879 106 17
0 29 0 15 894 114 0 29 894 114 15
0 26 0 21 912 113 0 26 912 113 21
0 32 0 16 922 107 0 32 922 107 16
0 50 0 15 931 100 0 50 931 100 15
0 37 0 26 938 93 0 37 938 93 26
0 35 0 21 955 85 0 35 955 85 21
0 32 0 27 964 87 0 32 964 87 27
0 14 0 27 973 93 0 14 973 93 27
0 15 0 32 975 98 0 15 975 98 32
0 13 0 28 986 113 0 13 986 113 28
0 18 0 12 999 117 0 18 999 117 12
0 32 0 8 998 116 0 32 998 116 8
0 29 0 6 1000 109 0 29 1000 109 6
0 25 0 20 1000 109 0 25 1000 109 20
0 26 0 20 1000 107 0 26 1000 107 20
0 20 0 36 998 102 0 20 998 102 36
0 26 0 32 999 101 0 26 999 101 32
0 38 0 23 999 104 0 38 999 104 23
0 29 0 10 998 93 0 29 998 93 10
0 33 0 11 1000 99 0 33 1000 99 11
0 40 0 15 994 112 0 40 994 112 15
0 40 0 13 996 116 0 40 996 116 13
0 44 0 11 1000 119 0 44 1000 119 11
0 34 0 11 999 118 0 34 999 118 11
0 33 0 13 997 116 0 33 997 116 13
0 38 0 19 999 110 0 38 999 110 19
0 39 0 26 1000 107 0 39 1000 107 26
0 44 0 11 1000 114 0 44 1000 114 11
0 47 0 10 997 118 0 47 997 118 10
0 42 0 6 1000 113 0 42 1000 113 6
0 49 0 19 999 117 0 49 999 117 19
0 42 0 23 1000 104 0 42 1000 104 23
0 39 0 26 1000 96 0 39 1000 96 26
0 34 0 26 998 99 0 34 998 99 26
0 38 0 19 999 104 0 38 999 104 19
0 34 0 30 1000 100 0 34 1000 100 30
0 28 0 35 999 111 0 28 999 111 35
0 43 0 42 999 110 0 43 999 110 42
0 37 0 42 995 105 0 37 995 105 42
0 36 0 29 998 110 0 36 998 110 29
0 43 0 29 998 107 0 43 998 107 29
0 36 0 15 999 122 0 36 999 122 15
0 37 0 13 980 131 0 37 980 131 13
0 33 0 23 948 119 0 33 948 119 23
0 49 0 23 916 118 0 49 916 118 23
0 40 0 28 883 121 0 40 883 121 28
0 36 0 26 858 105 0 36 858 105 26
0 41 0 19 830 100 0 41 830 100 19
0 31 0 23 795 100 0 31 795 100 23
0 14 0 20 780 101 0 14 780 101 20
0 17 0 25 786 105 0 17 786 105 25
0 10 0 19 787 118 0 10 787 118 19
0 15 0 12 780 122 0 15 780 122 12
0 30 0 24 783 114 0 30 783 114 24
0 25 0 21 785 122 0 25 785 122 21
0 24 0 23 788 115 0 24 788 115 23
0 27 0 16 782 114 0 27 782 114 16
0 32 0 27 782 105 0 32 782 105 27
0 30 0 27 782 105 0 30 782 105 27
0 25 0 28 781 114 0 25 781 114 28
0 16 0 35 783 116 0 16 783 116 35
0 14 0 35 794 117 0 14 794 117 35
0 30 0 29 782 123 0 30 782 123 29
0 33 0 18 789 117 0 33 789 117 18
0 37 0 18 786 108 0 37 786 108 18
0 39 0 16 780 119 0 39 780 119 16
0 39 0 12 785 120 0 39 785 120 12
0 44 0 15 782 116 0 44 782 116 15
0 35 0 27 773 126 0 35 773 126 27
0 32 0 34 776 126 0 32 776 126 34
0 37 0 38 790 116 0 37 790 116 38
0 41 0 21 787 116 0 41 787 116 21
0 42 0 8 781 124 0 42 781 124 8
0 40 0 8 783 119 0 40 783 119 8
0 42 0 13 788 114 0 42 788 114 13
0 30 0 29 787 127 0 30 787 127 29
0 40 0 26 788 118 0 40 788 118 26
0 47 0 19 793 113 0 47 793 113 19
0 36 0 12 805 120 0 36 805 120 12
0 37 0 24 823 112 0 37 823 112 24
0 42 0 18 839 106 0 42 839 106 18
0 24 0 31 852 93 0 24 852 93 31
0 18 0 31 866 85 0 18 866 85 31
0 23 0 45 879 77 0 23 879 77 45
0 19 0 28 896 88 0 19 896 88 28
0 22 0 34 896 93 0 22 896 93 34
0 26 0 33 872 101 0 26 872 101 33
0 23 0 36 861 109 0 23 861 109 36
0 28 0 28 842 118 0 28 842 118 28
0 30 0 27 815 115 0 30 815 115 27
0 28 0 30 797 119 0 28 797 119 30
0 32 0 32 780 115 0 32 780 115 32
0 30 0 35 760 126 0 30 760 126 35
0 29 0 31 758 126 0 29 758 126 31
0 35 0 25 755 131 0 35 755 131 25
0 38 0 22 739 136 0 38 739 136 22
0 37 0 23 723 135 0 37 723 135 23
0 36 0 37 693 124 0 36 693 124 37
0 37 0 39 669 117 0 37 669 117 39
0 41 0 37 643 113 0 41 643 113 37
0 33 0 38 629 102 0 33 629 102 38
0 36 0 48 602 111 0 36 602 111 48
0 41 0 43 583 110 0 41 583 110 43
0 46 0 39 584 115 0 46 584 115 39
0 44 0 33 591 116 0 44 591 116 33
0 37 0 39 600 117 0 37 600 117 39
0 30 0 35 615 119 0 30 615 119 35
0 43 0 15 622 118 0 43 622 118 15
0 37 0 0 628 110 0 37 628 110 0
0 38 0 2 625 108 0 38 625 108 2
0 46 0 4 638 103 0 46 638 103 4
0 27 0 0 649 99 0 27 649 99 0
0 33 0 2 653 91 0 33 653 91 2
0 32 0 8 661 105 0 32 661 105 8
0 43 0 0 666 107 0 43 666 107 0
0 38 0 0 680 90 0 38 680 90 0
0 34 0 3 693 92 0 34 693 92 3
0 23 0 0 704 97 0 23 704 97 0
0 24 0 1 710 97 0 24 710 97 1
0 32 0 3 722 102 0 32 722 102 3
0 32 0 0 730 111 0 32 730 111 0
0 30 0 0 742 116 0 30 742 116 0
0 42 0 2 710 109 0 42 710 109 2
0 40 0 0 699 112 0 40 699 112 0
0 34 0 7 698 109 0 34 698 109 7
0 42 0 8 715 102 0 42 715 102 8
0 29 0 0 710 111 0 29 710 111 0
0 27 0 1 704 108 0 27 704 108 1
0 43 0 0 696 115 0 43 696 115 0
0 38 0 0 698 119 0 38 698 119 0
0 42 0 2 709 119 0 42 709 119 2
0 44 0 0 714 111 0 44 714 111 0
0 34 0 0 709 104 0 34 709 104 0
0 32 0 7 698 104 0 32 698 104 7
0 37 0 6 705 117 0 37 705 117 6
0 38 0 0 713 119 0 38 713 119 0
0 33 0 1 705 122 0 33 705 122 1
0 47 0 2 706 112 0 47 706 112 2
0 33 0 0 716 111 0 33 716 111 0
0 37 0 0 707 99 0 37 707 99 0
0 32 0 5 708 105 0 32 708 105 5
0 27 0 0 705 110 0 27 705 110 0
0 18 0 0 699 112 0 18 699 112 0
0 24 0 1 708 109 0 24 708 109 1
0 16 0 1 719 114 0 16 719 114 1
0 11 0 0 726 109 0 11 726 109 0
0 13 0 5 736 115 0 13 736 115 5
0 22 0 1 745 122 0 22 745 122 1
0 27 0 3 745 121 0 27 745 121 3
0 30 0 1 741 131 0 30 741 131 1
0 33 0 2 755 130 0 33 755 130 2
0 17 0 1 763 121 0 17 763 121 1
0 21 0 1 779 123 0 21 779 123 1
0 38 0 2 788 117 0 38 788 117 2
0 27 0 4 794 103 0 27 794 103 4
0 25 0 4 791 107 0 25 791 107 4
0 28 0 14 793 103 0 28 793 103 14
0 25 0 0 792 107 0 25 792 107 0
0 27 0 7 795 111 0 27 795 111 7
0 35 0 1 792 119 0 35 792 119 1
0 37 0 2 791 114 0 37 791 114 2
0 36 0 4 779 120 0 36 779 120 4
0 43 0 6 778 122 0 43 778 122 6
0 38 0 1 749 130 0 38 749 130 1
0 42 0 3 715 134 0 42 715 134 3
0 43 0 0 692 136 0 43 692 136 0
0 32 0 1 670 137 0 32 670 137 1
0 43 0 3 675 118 0 43 675 118 3
0 43 0 8 681 122 0 43 681 122 8
0 48 0 2 690 118 0 48 690 118 2
0 28 0 8 703 106 0 28 703 106 8
0 27 0 6 719 108 0 27 719 108 6
0 30 0 13 724 112 0 30 724 112 13
0 15 0 1 731 118 0 15 731 118 1
0 10 0 2 737 127 0 10 737 127 2
0 17 0 2 752 131 0 17 752 131 2
0 17 0 8 763 127 0 17 763 127 8
0 17 0 10 769 129 0 17 769 129 10
0 28 0 3 779 121 0 28 779 121 3
0 33 0 4 772 124 0 33 772 124 4
0 31 0 6 780 126 0 31 780 126 6
0 41 0 6 783 129 0 41 783 129 6
0 26 0 3 794 126 0 26 794 126 3
0 24 0 1 800 127 0 24 800 127 1
0 25 0 9 805 132 0 25 805 132 9
0 28 0 10 809 138 0 28 809 138 10
0 36 0 4 814 143 0 36 814 143 4
0 33 0 6 826 131 0 33 826 131 6
0 34 0 2 840 126 0 34 840 126 2
0 34 0 8 842 121 0 34 842 121 8
0 40 0 0 852 115 0 40 852 115 0
0 34 0 0 853 117 0 34 853 117 0
0 38 0 2 833 123 0 38 833 123 2
0 35 0 7 806 122 0 35 806 122 7
0 31 0 5 768 139 0 31 768 139 5
0 39 0 4 739 140 0 39 739 140 4
0 47 0 1 712 124 0 47 712 124 1
0 31 0 11 674 131 0 31 674 131 11
0 35 0 12 640 122 0 35 640 122 12
0 27 0 6 611 125 0 27 611 125 6
0 14 0 1 585 132 0 14 585 132 1
0 11 0 3 584 145 0 11 584 145 3
0 13 0 10 582 146 0 13 582 146 10
0 22 0 9 574 137 0 22 574 137 9
0 24 0 7 580 131 0 24 580 131 7
0 26 0 1 575 135 0 26 575 135 1
0 24 0 0 577 133 0 24 577 133 0
0 16 0 13 580 134 0 16 580 134 13
0 19 0 18 584 138 0 19 584 138 18
0 33 0 17 578 124 0 33 578 124 17
0 19 0 2 588 131 0 19 588 131 2
0 20 0 2 590 120 0 20 590 120 2
0 15 0 4 579 135 0 15 579 135 4
0 23 0 6 585 137 0 23 585 137 6
0 18 0 6 590 141 0 18 590 141 6
0 27 0 1 580 138 0 27 580 138 1
0 18 0 12 588 141 0 18 588 141 12
0 27 0 1 593 137 0 27 593 137 1
0 32 0 0 582 128 0 32 582 128 0
0 28 0 3 547 129 0 28 547 129 3
0 26 0 13 539 122 0 26 539 122 13
0 30 0 9 546 126 0 30 546 126 9
0 19 0 1 563 130 0 19 563 130 1
0 26 0 4 576 133 0 26 576 133 4
0 29 0 0 591 141 0 29 591 141 0
0 30 0 4 603 133 0 30 603 133 4
0 33 0 6 608 128 0 33 608 128 6
0 29 0 10 621 129 0 29 621 129 10
0 17 0 11 631 134 0 17 631 134 11
0 16 0 6 644 146 0 16 644 146 6
0 31 0 5 654 147 0 31 654 147 5
0 24 0 5 663 150 0 24 663 150 5
0 22 0 15 677 142 0 22 677 142 15
0 28 0 28 690 129 0 28 690 129 28
0 29 0 27 698 119 0 29 698 119 27
0 32 0 25 704 117 0 32 704 117 25
0 30 0 14 718 115 0 30 718 115 14
0 20 0 18 729 126 0 20 729 126 18
0 32 0 13 734 133 0 32 734 133 13
0 23 0 23 740 140 0 23 740 140 23
0 38 0 15 743 145 0 38 743 145 15
0 23 0 11 756 146 0 23 756 146 11
0 25 0 11 758 153 0 25 758 153 11
0 20 0 23 772 147 0 20 772 147 23
0 24 0 24 779 141 0 24 779 141 24
0 27 0 14 795 138 0 27 795 138 14
0 31 0 11 804 130 0 31 804 130 11
0 26 0 24 807 129 0 26 807 129 24
0 25 0 25 827 133 0 25 827 133 25
0 31 0 28 836 125 0 31 836 125 28
0 30 0 7 849 128 0 30 849 128 7
0 36 0 16 820 130 0 36 820 130 16
0 34 0 16 782 135 0 34 782 135 16
0 32 0 22 753 134 0 32 753 134 22
0 39 0 24 709 135 0 39 709 135 24
0 40 0 27 681 136 0 40 681 136 27
0 27 0 18 660 139 0 27 660 139 18
0 28 0 11 630 143 0 28 630 143 11
0 38 0 16 586 143 0 38 586 143 16
0 44 0 35 544 141 0 44 544 141 35
0 35 0 33 520 141 0 35 520 141 33
0 28 0 26 491 134 0 28 491 134 26
0 36 0 21 466 136 0 36 466 136 21
0 35 0 23 467 145 0 35 467 145 23
0 39 0 30 471 143 0 39 471 143 30
0 46 0 17 474 140 0 46 474 140 17
0 36 0 14 479 143 0 36 479 143 14
0 47 0 5 472 139 0 47 472 139 5
0 38 0 15 482 130 0 38 482 130 15
0 40 0 14 482 129 0 40 482 129 14
0 30 0 32 473 131 0 30 473 131 32
0 18 0 29 472 132 0 18 472 132 29
0 12 0 29 469 142 0 12 469 142 29
0 23 0 21 467 148 0 23 467 148 21
0 26 0 15 459 158 0 26 459 158 15
0 24 0 14 464 167 0 24 464 167 14
0 33 0 16 462 159 0 33 462 159 16
0 30 0 22 462 163 0 30 462 163 22
0 39 0 10 473 153 0 39 473 153 10
0 26 0 8 485 154 0 26 485 154 8
0 25 0 13 500 151 0 25 500 151 13
0 36 0 22 504 151 0 36 504 151 22
0 38 0 27 515 145 0 38 515 145 27
0 34 0 29 528 143 0 34 528 143 29
0 36 0 30 535 143 0 36 535 143 30
0 42 0 29 541 138 0 42 541 138 29
0 42 0 36 543 141 0 42 543 141 36
0 49 0 28 551 145 0 49 551 145 28
0 45 0 33 553 147 0 45 553 147 33
0 45 0 18 568 143 0 45 568 143 18
0 37 0 31 579 139 0 37 579 139 31
0 24 0 22 600 139 0 24 600 139 22
0 13 0 25 604 145 0 13 604 145 25
0 10 0 15 606 149 0 10 606 149 15
0 17 0 19 613 153 0 17 613 153 19
0 19 0 26 626 149 0 19 626 149 26
0 13 0 29 641 146 0 13 641 146 29
0 22 0 26 654 140 0 22 654 140 26
0 32 0 18 657 137 0 32 657 137 18
0 26 0 17 664 147 0 26 664 147 17
0 19 0 30 646 150 0 19 646 150 30
0 21 0 27 621 147 0 21 621 147 27
0 15 0 25 602 146 0 15 602 146 25
0 18 0 18 568 152 0 18 568 152 18
0 26 0 28 523 159 0 26 523 159 28
0 36 0 20 490 163 0 36 490 163 20
0 33 0 25 463 161 0 33 463 161 25
0 40 0 13 470 152 0 40 470 152 13
0 34 0 18 471 144 0 34 471 144 18
0 28 0 10 465 143 0 28 465 143 10
0 35 0 19 459 143 0 35 459 143 19
0 35 0 21 465 152 0 35 465 152 21
0 34 0 21 467 154 0 34 467 154 21
0 36 0 23 460 149 0 36 460 149 23
0 33 0 28 455 155 0 33 455 155 28
0 36 0 33 464 149 0 36 464 149 33
0 22 0 33 471 149 0 22 471 149 33
0 16 0 37 466 161 0 16 466 161 37
0 27 0 31 464 157 0 27 464 157 31
0 17 0 39 477 154 0 17 477 154 39
0 24 0 44 457 156 0 24 457 156 44
0 35 0 40 428 156 0 35 428 156 40
0 31 0 31 428 152 0 31 428 152 31
0 26 0 20 438 160 0 26 438 160 20
0 26 0 27 445 163 0 26 445 163 27
0 26 0 26 462 165 0 26 462 165 26
0 29 0 32 472 158 0 29 472 158 32
0 27 0 42 481 143 0 27 481 143 42
0 27 0 44 495 138 0 27 495 138 44
0 35 0 32 503 147 0 35 503 147 32
0 37 0 21 516 142 0 37 516 142 21
0 29 0 29 523 147 0 29 523 147 29
0 35 0 32 530 153 0 35 530 153 32
0 34 0 36 540 148 0 34 540 148 36
0 34 0 23 554 145 0 34 554 145 23
0 34 0 30 567 140 0 34 567 140 30
0 36 0 29 577 138 0 36 577 138 29
0 37 0 34 582 134 0 37 582 134 34
0 33 0 21 604 142 0 33 604 142 21
0 33 0 23 618 139 0 33 618 139 23
0 34 0 29 624 151 0 34 624 151 29
0 27 0 44 628 153 0 27 628 153 44
0 26 0 43 641 152 0 26 641 152 43
0 36 0 39 653 150 0 36 653 150 39
0 38 0 27 666 148 0 38 666 148 27
0 27 0 36 674 145 0 27 674 145 36
0 32 0 36 686 143 0 32 686 143 36
0 42 0 37 688 148 0 42 688 148 37
0 46 0 25 659 153 0 46 659 153 25
0 44 0 26 625 146 0 44 625 146 26
0 34 0 25 596 155 0 34 596 155 25
0 30 0 27 576 150 0 30 576 150 27
0 20 0 41 529 162 0 20 529 162 41
0 14 0 49 494 167 0 14 494 167 49
0 19 0 43 467 155 0 19 467 155 43
0 20 0 33 436 156 0 20 436 156 33
0 19 0 27 404 152 0 19 404 152 27
0 18 0 28 389 152 0 18 389 152 28
0 20 0 22 400 147 0 20 400 147 22
0 19 0 1 387 160 0 19 387 160 1
0 11 0 3 384 148 0 11 384 148 3
0 20 0 4 386 139 0 20 386 139 4
0 22 0 4 401 136 0 22 401 136 4
0 23 0 1 373 141 0 23 373 141 1
0 32 0 0 374 138 0 32 374 138 0
0 26 0 3 386 139 0 26 386 139 3
0 28 0 0 382 140 0 28 382 140 0
0 33 0 3 383 135 0 33 383 135 3
0 31 0 11 387 132 0 31 387 132 11
0 38 0 0 379 126 0 38 379 126 0
0 32 0 3 389 123 0 32 389 123 3
0 34 0 2 392 128 0 34 392 128 2
0 25 0 1 399 135 0 25 399 135 1
0 28 0 2 411 130 0 28 411 130 2
0 32 0 4 419 132 0 32 419 132 4
0 33 0 3 421 146 0 33 421 146 3
0 33 0 0 427 142 0 33 427 142 0
0 30 0 6 436 138 0 30 436 138 6
0 37 0 1 443 146 0 37 443 146 1
0 31 0 0 455 145 0 31 455 145 0
0 35 0 1 455 137 0 35 455 137 1
0 31 0 10 459 142 0 31 459 142 10
0 45 0 1 457 145 0 45 457 145 1
0 36 0 0 463 142 0 36 463 142 0
0 35 0 3 467 147 0 35 467 147 3
0 23 0 0 486 152 0 23 486 152 0
0 26 0 1 491 147 0 26 491 147 1
0 26 0 1 504 150 0 26 504 150 1
0 31 0 2 515 147 0 31 515 147 2
0 40 0 0 524 138 0 40 524 138 0
0 41 0 1 525 139 0 41 525 139 1
0 40 0 1 537 133 0 40 537 133 1
0 25 0 1 550 132 0 25 550 132 1
0 25 0 2 554 148 0 25 554 148 2
0 46 0 1 552 152 0 46 552 152 1
0 37 0 2 558 150 0 37 558 150 2
0 31 0 3 566 159 0 31 566 159 3
0 41 0 0 567 155 0 41 567 155 0
0 39 0 0 577 149 0 39 577 149 0
0 47 0 0 585 140 0 47 585 140 0
0 39 0 11 584 142 0 39 584 142 11
0 27 0 7 596 140 0 27 596 140 7
0 33 0 1 597 146 0 33 597 146 1
0 27 0 2 604 152 0 27 604 152 2
0 38 0 3 609 151 0 38 609 151 3
0 43 0 1 613 147 0 43 613 147 1
0 42 0 0 606 146 0 42 606 146 0
0 40 0 1 611 144 0 40 611 144 1
0 34 0 0 618 151 0 34 618 151 0
0 46 0 0 620 153 0 46 620 153 0
0 38 0 0 627 148 0 38 627 148 0
0 36 0 6 631 148 0 36 631 148 6
0 40 0 0 633 146 0 40 633 146 0
0 39 0 2 634 145 0 39 634 145 2
0 45 0 2 636 145 0 45 636 145 2
0 41 0 6 639 150 0 41 639 150 6
0 39 0 0 646 143 0 39 646 143 0
0 37 0 2 649 143 0 37 649 143 2
0 34 0 4 655 140 0 34 655 140 4
0 16 0 0 652 147 0 16 652 147 0
0 14 0 2 656 145 0 14 656 145 2
0 10 0 0 662 143 0 10 662 143 0
0 22 0 1 664 140 0 22 664 140 1
0 32 0 1 662 136 0 32 662 136 1
0 20 0 0 665 138 0 20 665 138 0
0 20 0 0 665 145 0 20 665 145 0
0 33 0 3 655 149 0 33 655 149 3
0 31 0 3 670 146 0 31 670 146 3
0 30 0 8 677 145 0 30 677 145 8
0 35 0 8 668 141 0 35 668 141 8
0 20 0 3 674 148 0 20 674 148 3
0 21 0 6 669 155 0 21 669 155 6
0 26 0 0 678 166 0 26 678 166 0
0 34 0 0 668 178 0 34 668 178 0
0 33 0 4 680 171 0 33 680 171 4
0 41 0 0 683 157 0 41 683 157 0
0 30 0 6 684 163 0 30 684 163 6
0 34 0 10 683 144 0 34 683 144 10
0 38 0 16 678 143 0 38 678 143 16
0 42 0 10 680 147 0 42 680 147 10
0 43 0 0 678 148 0 43 678 148 0
0 33 0 3 677 159 0 33 677 159 3
0 32 0 8 685 165 0 32 685 165 8
0 29 0 8 703 154 0 29 703 154 8
0 17 0 0 700 158 0 17 700 158 0
0 20 0 2 681 145 0 20 681 145 2
0 27 0 5 673 145 0 27 673 145 5
0 17 0 17 683 152 0 17 683 152 17
0 19 0 6 689 162 0 19 689 162 6
0 7 0 7 707 162 0 7 707 162 7
0 11 0 5 693 161 0 11 693 161 5
0 22 0 2 701 164 0 22 701 164 2
0 11 0 0 704 169 0 11 704 169 0
0 25 0 2 693 164 0 25 693 164 2
0 24 0 13 694 160 0 24 694 160 13
0 26 0 20 689 155 0 26 689 155 20
0 24 0 15 706 150 0 24 706 150 15
0 20 0 5 710 146 0 20 710 146 5
0 32 0 0 701 150 0 32 701 150 0
0 30 0 3 698 148 0 30 698 148 3
0 25 0 15 698 154 0 25 698 154 15
0 26 0 20 695 156 0 26 695 156 20
0 29 0 25 693 160 0 29 693 160 25
0 29 0 22 697 162 0 29 697 162 22
0 26 0 9 712 155 0 26 712 155 9
0 25 0 2 710 153 0 25 710 153 2
0 31 0 6 699 149 0 31 699 149 6
0 25 0 21 705 149 0 25 705 149 21
0 28 0 16 701 151 0 28 701 151 16
0 34 0 8 699 157 0 34 699 157 8
0 32 0 9 698 160 0 32 698 160 9
0 31 0 10 697 168 0 31 697 168 10
0 33 0 14 701 163 0 33 701 163 14
0 30 0 7 700 167 0 30 700 167 7
0 33 0 4 705 164 0 33 705 164 4
0 30 0 10 715 158 0 30 715 158 10
0 37 0 14 711 143 0 37 711 143 14
0 36 0 17 704 137 0 36 704 137 17
0 32 0 6 717 135 0 32 717 135 6
0 36 0 0 709 143 0 36 709 143 0
0 25 0 3 704 150 0 25 704 150 3
0 25 0 16 711 158 0 25 711 158 16
0 29 0 8 709 169 0 29 709 169 8
0 31 0 5 716 168 0 31 716 168 5
0 40 0 0 704 165 0 40 704 165 0
0 30 0 15 711 159 0 30 711 159 15
0 27 0 20 708 155 0 27 708 155 20
0 33 0 26 705 156 0 33 705 156 26
0 20 0 22 711 164 0 20 711 164 22
0 20 0 9 724 173 0 20 724 173 9
0 20 0 9 724 178 0 20 724 178 9
0 34 0 3 726 167 0 34 726 167 3
0 29 0 12 715 168 0 29 715 168 12
0 24 0 9 714 171 0 24 714 171 9
0 31 0 16 711 164 0 31 711 164 16
0 31 0 12 721 174 0 31 721 174 12
0 38 0 7 716 181 0 38 716 181 7
0 38 0 7 725 165 0 38 725 165 7
0 34 0 16 722 166 0 34 722 166 16
0 45 0 20 714 163 0 45 714 163 20
0 42 0 12 724 159 0 42 724 159 12
0 36 0 13 732 146 0 36 732 146 13
0 40 0 14 741 146 0 40 741 146 14
0 29 0 18 742 143 0 29 742 143 18
0 41 0 16 725 151 0 41 725 151 16
0 48 0 8 736 151 0 48 736 151 8
0 42 0 4 734 168 0 42 734 168 4
0 38 0 9 738 173 0 38 738 173 9
0 37 0 16 744 170 0 37 744 170 16
0 43 0 23 740 170 0 43 740 170 23
0 45 0 18 738 171 0 45 738 171 18
0 48 0 20 742 159 0 48 742 159 20
0 38 0 18 746 162 0 38 746 162 18
0 33 0 18 745 168 0 33 745 168 18
0 22 0 29 747 165 0 22 747 165 29
0 22 0 33 752 161 0 22 752 161 33
0 28 0 31 753 159 0 28 753 159 31
0 27 0 22 758 152 0 27 758 152 22
0 28 0 16 759 161 0 28 759 161 16
0 33 0 18 755 166 0 33 755 166 18
0 30 0 17 760 179 0 30 760 179 17
0 31 0 21 772 179 0 31 772 179 21
0 23 0 21 778 179 0 23 778 179 21
0 29 0 27 773 181 0 29 773 181 27
0 36 0 24 776 183 0 36 776 183 24
0 35 0 23 782 181 0 35 782 181 23
0 30 0 26 789 177 0 30 789 177 26
0 31 0 22 797 180 0 31 797 180 22
0 35 0 17 809 178 0 35 809 178 17
0 44 0 7 800 173 0 44 800 173 7
0 41 0 14 805 178 0 41 805 178 14
0 40 0 19 811 174 0 40 811 174 19
0 50 0 13 814 172 0 50 814 172 13
0 44 0 12 817 170 0 44 817 170 12
0 42 0 19 815 170 0 42 815 170 19
0 40 0 35 814 169 0 40 814 169 35
0 37 0 29 821 166 0 37 821 166 29
0 16 0 24 824 177 0 16 824 177 24
0 15 0 19 838 177 0 15 838 177 19
0 13 0 30 854 169 0 13 854 169 30
0 31 0 23 857 166 0 31 857 166 23
0 24 0 29 862 151 0 24 862 151 29
0 26 0 28 863 146 0 26 863 146 28
0 18 0 46 860 154 0 18 860 154 46
0 15 0 41 870 162 0 15 870 162 41
0 22 0 34 877 174 0 22 877 174 34
0 32 0 27 875 184 0 32 875 184 27
0 30 0 29 878 179 0 30 878 179 29
0 27 0 39 891 176 0 27 891 176 39
0 21 0 37 901 172 0 21 901 172 37
0 18 0 39 911 161 0 18 911 161 39
0 23 0 28 921 178 0 23 921 178 28
0 30 0 27 928 180 0 30 928 180 27
0 32 0 37 936 166 0 32 936 166 37
0 28 0 43 950 166 0 28 950 166 43
0 22 0 45 951 166 0 22 951 166 45
0 18 0 37 953 166 0 18 953 166 37
0 29 0 39 965 167 0 29 965 167 39
0 23 0 30 984 180 0 23 984 180 30
0 22 0 27 990 179 0 22 990 179 27
0 26 0 27 994 173 0 26 994 173 27
0 34 0 37 990 172 0 34 990 172 37
0 33 0 44 993 168 0 33 993 168 44
0 34 0 47 996 169 0 34 996 169 47
0 33 0 42 1000 163 0 33 1000 163 42
0 32 0 33 999 162 0 32 999 162 33
0 30 0 21 996 168 0 30 996 168 21
0 37 0 22 1000 160 0 37 1000 160 22
0 28 0 27 998 160 0 28 998 160 27
0 24 0 30 999 168 0 24 999 168 30
0 23 0 26 1000 168 0 23 1000 168 26
0 39 0 24 999 155 0 39 999 155 24
0 38 0 26 998 156 0 38 998 156 26
0 25 0 34 1000 155 0 25 1000 155 34
0 23 0 33 1000 159 0 23 1000 159 33
0 32 0 38 998 158 0 32 998 158 38
0 28 0 27 998 171 0 28 998 171 27
0 39 0 23 996 173 0 39 996 173 23
0 30 0 25 1000 174 0 30 1000 174 25
0 23 0 27 1000 170 0 23 1000 170 27
0 16 0 40 999 179 0 16 999 179 40
0 24 0 36 997 185 0 24 997 185 36
0 24 0 37 996 185 0 24 996 185 37
0 26 0 43 1000 178 0 26 1000 178 43
0 27 0 46 1000 177 0 27 1000 177 46
0 35 0 38 1000 165 0 35 1000 165 38
0 38 0 29 999 159 0 38 999 159 29
0 29 0 26 996 171 0 29 996 171 26
0 26 0 40 1000 176 0 26 1000 176 40
0 32 0 45 999 172 0 32 999 172 45
0 39 0 42 999 168 0 39 999 168 42
0 37 0 33 1000 172 0 37 1000 172 33
0 25 0 45 998 171 0 25 998 171 45
0 32 0 50 1000 166 0 32 1000 166 50
0 39 0 49 997 170 0 39 997 170 49
0 35 0 38 1000 170 0 35 1000 170 38
0 30 0 33 999 163 0 30 999 163 33
0 31 0 39 999 156 0 31 999 156 39
0 37 0 30 999 172 0 37 999 172 30
0 39 0 8 997 167 0 39 997 167 8
0 41 0 1 958 158 0 41 958 158 1
0 35 0 3 930 164 0 35 930 164 3
0 42 0 1 897 156 0 42 897 156 1
0 38 0 0 861 147 0 38 861 147 0
0 38 0 9 827 153 0 38 827 153 9
0 52 0 5 793 153 0 52 793 153 5
0 47 0 1 749 146 0 47 749 146 1
0 30 0 3 727 144 0 30 727 144 3
0 37 0 2 728 146 0 37 728 146 2
0 34 0 2 717 134 0 34 717 134 2
0 19 0 1 725 137 0 19 725 137 1
0 19 0 14 726 142 0 19 726 142 14
0 27 0 2 722 142 0 27 722 142 2
0 22 0 8 712 154 0 22 712 154 8
0 23 0 0 729 158 0 23 729 158 0
0 27 0 0 723 163 0 27 723 163 0
0 26 0 1 714 172 0 26 714 172 1
0 26 0 5 719 174 0 26 719 174 5
0 28 0 3 727 170 0 28 727 170 3
0 21 0 3 725 179 0 21 725 179 3
0 27 0 0 724 179 0 27 724 179 0
0 37 0 3 726 172 0 37 726 172 3
0 28 0 2 722 183 0 28 722 183 2
0 26 0 1 725 184 0 26 725 184 1
0 37 0 3 728 179 0 37 728 179 3
0 45 0 1 725 169 0 45 725 169 1
0 37 0 14 725 163 0 37 725 163 14
0 47 0 9 727 153 0 47 727 153 9
0 29 0 1 736 159 0 29 736 159 1
0 26 0 0 738 166 0 26 738 166 0
0 35 0 2 739 172 0 35 739 172 2
0 46 0 5 746 180 0 46 746 180 5
0 44 0 4 753 172 0 44 753 172 4
0 39 0 0 773 171 0 39 773 171 0
0 43 0 3 780 165 0 43 780 165 3
0 38 0 2 795 162 0 38 795 162 2
0 47 0 0 800 162 0 47 800 162 0
0 51 0 1 807 170 0 51 807 170 1
0 43 0 2 801 178 0 43 801 178 2
0 50 0 0 805 181 0 50 805 181 0
0 38 0 6 810 185 0 38 810 185 6
0 25 0 0 812 182 0 25 812 182 0
0 19 0 10 821 176 0 19 821 176 10
0 21 0 0 820 160 0 21 820 160 0
0 26 0 2 787 149 0 26 787 149 2
0 31 0 0 768 147 0 31 768 147 0
0 35 0 8 734 148 0 35 734 148 8
0 32 0 2 708 149 0 32 708 149 2
0 27 0 7 695 148 0 27 695 148 7
0 24 0 4 679 160 0 24 679 160 4
0 31 0 1 658 159 0 31 658 159 1
0 26 0 2 636 160 0 26 636 160 2
0 41 0 4 639 149 0 41 639 149 4
0 36 0 3 645 156 0 36 645 156 3
0 26 0 2 655 158 0 26 655 158 2
0 44 0 1 655 161 0 44 655 161 1
0 42 0 3 662 164 0 42 662 164 3
0 26 0 3 669 172 0 26 669 172 3
0 31 0 4 668 177 0 31 668 177 4
0 24 0 2 677 180 0 24 677 180 2
0 7 0 4 673 195 0 7 673 195 4
0 4 0 5 679 206 0 4 679 206 5
0 14 0 1 688 204 0 14 688 204 1
0 18 0 0 690 199 0 18 690 199 0
0 19 0 0 694 192 0 19 694 192 0
0 5 0 10 706 182 0 5 706 182 10
0 12 0 2 719 176 0 12 719 176 2
0 16 0 2 728 173 0 16 728 173 2
0 4 0 5 741 175 0 4 741 175 5
0 11 0 7 740 179 0 11 740 179 7
0 12 0 2 707 183 0 12 707 183 2
0 11 0 2 676 182 0 11 676 182 2
0 13 0 4 646 180 0 13 646 180 4
0 22 0 1 620 180 0 22 620 180 1
0 14 0 4 614 168 0 14 614 168 4
0 9 0 16 606 173 0 9 606 173 16
0 15 0 14 616 174 0 15 616 174 14
0 27 0 1 612 172 0 27 612 172 1
0 24 0 1 613 163 0 24 613 163 1
0 28 0 1 612 163 0 28 612 163 1
0 23 0 8 616 157 0 23 616 157 8
0 18 0 0 614 155 0 18 614 155 0
0 14 0 15 612 157 0 14 612 157 15
0 23 0 6 614 171 0 23 614 171 6
0 32 0 1 610 169 0 32 610 169 1
0 21 0 1 611 163 0 21 611 163 1
0 16 0 8 617 167 0 16 617 167 8
0 21 0 17 620 158 0 21 620 158 17
0 17 0 10 615 164 0 17 615 164 10
0 20 0 4 610 176 0 20 610 176 4
0 17 0 5 614 182 0 17 614 182 5
0 14 0 2 614 186 0 14 614 186 2
0 24 0 5 614 185 0 24 614 185 5
0 17 0 7 616 178 0 17 616 178 7
0 16 0 10 609 180 0 16 609 180 10
0 29 0 9 597 186 0 29 597 186 9
0 30 0 4 605 187 0 30 605 187 4
0 22 0 4 610 190 0 22 610 190 4
0 29 0 4 621 186 0 29 621 186 4
0 21 0 10 623 186 0 21 623 186 10
0 25 0 6 636 177 0 25 636 177 6
0 26 0 0 644 183 0 26 644 183 0
0 28 0 1 654 178 0 28 654 178 1
0 3 0 11 667 180 0 3 667 180 11
0 11 0 13 683 182 0 11 683 182 13
0 24 0 7 693 187 0 24 693 187 7
0 24 0 6 694 191 0 24 694 191 6
0 29 0 8 701 183 0 29 701 183 8
0 25 0 12 715 181 0 25 715 181 12
0 31 0 6 722 178 0 31 722 178 6
0 27 0 7 737 173 0 27 737 173 7
0 21 0 8 751 169 0 21 751 169 8
0 32 0 9 755 176 0 32 755 176 9
0 25 0 13 761 176 0 25 761 176 13
0 26 0 14 774 181 0 26 774 181 14
0 30 0 15 781 179 0 30 781 179 15
0 30 0 23 792 172 0 30 792 172 23
0 34 0 17 806 171 0 34 806 171 17
0 33 0 6 821 172 0 33 821 172 6
0 27 0 2 825 176 0 27 825 176 2
0 27 0 3 845 180 0 27 845 180 3
0 32 0 11 851 190 0 32 851 190 11
0 32 0 12 863 189 0 32 863 189 12
0 35 0 12 875 187 0 35 875 187 12
0 30 0 5 888 188 0 30 888 188 5
0 38 0 6 895 194 0 38 895 194 6
0 34 0 11 869 195 0 34 869 195 11
0 38 0 12 834 197 0 38 834 197 12
0 49 0 7 807 188 0 49 807 188 7
0 44 0 6 773 184 0 44 773 184 6
0 38 0 15 734 185 0 38 734 185 15
0 38 0 18 701 184 0 38 701 184 18
0 21 0 16 666 192 0 21 666 192 16
0 26 0 1 635 193 0 26 635 193 1
0 32 0 13 594 187 0 32 594 187 13
0 27 0 6 576 177 0 27 576 177 6
0 29 0 2 550 173 0 29 550 173 2
0 13 0 7 521 169 0 13 521 169 7
0 19 0 20 502 166 0 19 502 166 20
0 30 0 30 507 167 0 30 507 167 30
0 29 0 25 505 173 0 29 505 173 25
0 23 0 24 519 175 0 23 519 175 24
0 36 0 20 529 157 0 36 529 157 20
0 39 0 19 515 164 0 39 515 164 19
0 35 0 28 482 158 0 35 482 158 28
0 30 0 32 451 167 0 30 451 167 32
0 35 0 34 408 174 0 35 408 174 34
0 42 0 27 378 178 0 42 378 178 27
0 39 0 24 351 186 0 39 351 186 24
0 42 0 15 354 183 0 42 354 183 15
0 42 0 9 355 171 0 42 355 171 9
0 42 0 10 345 181 0 42 345 181 10
0 46 0 13 353 176 0 46 353 176 13
0 46 0 13 351 180 0 46 351 180 13
0 41 0 8 355 183 0 41 355 183 8
0 39 0 17 354 180 0 39 354 180 17
0 37 0 23 357 176 0 37 357 176 23
0 47 0 20 346 187 0 47 346 187 20
0 40 0 13 358 186 0 40 358 186 13
0 36 0 15 352 197 0 36 352 197 15
0 44 0 21 349 198 0 44 349 198 21
0 39 0 22 355 198 0 39 355 198 22
0 40 0 24 366 196 0 40 366 196 24
0 44 0 20 360 194 0 44 360 194 20
0 43 0 16 359 195 0 43 359 195 16
0 47 0 21 367 185 0 47 367 185 21
0 41 0 14 382 192 0 41 382 192 14
0 43 0 16 385 194 0 43 385 194 16
0 35 0 17 394 194 0 35 394 194 17
0 22 0 21 398 204 0 22 398 204 21
0 14 0 20 412 217 0 14 412 217 20
0 15 0 16 421 211 0 15 421 211 16
0 24 0 19 425 203 0 24 425 203 19
0 30 0 25 422 200 0 30 422 200 25
0 24 0 27 428 195 0 24 428 195 27
0 33 0 38 432 178 0 33 432 178 38
0 25 0 35 435 184 0 25 435 184 35
0 23 0 27 442 190 0 23 442 190 27
0 23 0 17 441 201 0 23 441 201 17
0 26 0 15 449 202 0 26 449 202 15
0 31 0 25 453 202 0 31 453 202 25
0 27 0 33 454 197 0 27 454 197 33
0 28 0 36 457 186 0 28 457 186 36
0 36 0 44 443 177 0 36 443 177 44
0 43 0 44 441 186 0 43 441 186 44
0 42 0 36 453 182 0 42 453 182 36
0 41 0 23 471 181 0 41 471 181 23
0 36 0 19 472 186 0 36 472 186 19
0 36 0 11 483 176 0 36 483 176 11
0 41 0 21 480 174 0 41 480 174 21
0 46 0 18 471 175 0 46 471 175 18
0 39 0 31 473 181 0 39 473 181 31
0 38 0 24 481 183 0 38 481 183 24
0 39 0 30 480 192 0 39 480 192 30
0 32 0 23 480 191 0 32 480 191 23
0 25 0 28 481 186 0 25 481 186 28
0 27 0 31 480 180 0 27 480 180 31
0 21 0 31 488 175 0 21 488 175 31
0 20 0 27 488 175 0 20 488 175 27
0 14 0 32 487 183 0 14 487 183 32
0 26 0 37 489 186 0 26 489 186 37
0 23 0 36 499 189 0 23 499 189 36
0 29 0 31 490 193 0 29 490 193 31
0 22 0 26 501 190 0 22 501 190 26
0 27 0 37 495 186 0 27 495 186 37
0 25 0 41 498 192 0 25 498 192 41
0 27 0 42 495 193 0 27 495 193 42
0 29 0 35 501 194 0 29 501 194 35
0 26 0 30 506 191 0 26 506 191 30
0 26 0 26 509 200 0 26 509 200 26
0 28 0 24 517 196 0 28 517 196 24
0 25 0 25 512 191 0 25 512 191 25
0 36 0 28 503 194 0 36 503 194 28
0 27 0 28 515 194 0 27 515 194 28
0 33 0 30 508 188 0 33 508 188 30
0 27 0 37 511 197 0 27 511 197 37
0 21 0 43 516 192 0 21 516 192 43
0 32 0 39 508 189 0 32 508 189 39
0 40 0 34 508 193 0 40 508 193 34
0 25 0 36 514 205 0 25 514 205 36
0 37 0 34 510 196 0 37 510 196 34
0 38 0 32 518 195 0 38 518 195 32
0 27 0 32 525 186 0 27 525 186 32
0 25 0 32 523 186 0 25 523 186 32
0 23 0 26 523 197 0 23 523 197 26
0 31 0 27 520 194 0 31 520 194 27
0 33 0 35 512 207 0 33 512 207 35
0 29 0 42 507 214 0 29 507 214 42
0 21 0 45 520 215 0 21 520 215 45
0 22 0 44 519 214 0 22 519 214 44
0 35 0 31 522 220 0 35 522 220 31
0 37 0 20 527 211 0 37 527 211 20
0 30 0 17 524 209 0 30 524 209 17
0 25 0 20 535 203 0 25 535 203 20
0 25 0 23 532 201 0 25 532 201 23
0 25 0 39 521 203 0 25 521 203 39
0 33 0 48 517 196 0 33 517 196 48
0 36 0 47 520 194 0 36 520 194 47
0 25 0 42 521 198 0 25 521 198 42
0 24 0 44 526 195 0 24 526 195 44
0 25 0 44 527 196 0 25 527 196 44
0 27 0 36 526 200 0 27 526 200 36
0 26 0 29 524 198 0 26 524 198 29
0 31 0 0 523 188 0 31 523 188 0
0 25 0 1 519 182 0 25 519 182 1
0 31 0 0 520 183 0 31 520 183 0
0 22 0 2 526 186 0 22 526 186 2
0 25 0 3 517 190 0 25 517 190 3
0 34 0 4 516 194 0 34 516 194 4
0 35 0 0 520 190 0 35 520 190 0
0 28 0 4 522 184 0 28 522 184 4
0 35 0 2 525 186 0 35 525 186 2
0 30 0 0 538 177 0 30 538 177 0
0 37 0 2 529 165 0 37 529 165 2
0 34 0 4 527 161 0 34 527 161 4
0 38 0 0 523 163 0 38 523 163 0
0 30 0 2 535 155 0 30 535 155 2
0 33 0 2 539 161 0 33 539 161 2
0 32 0 2 534 167 0 32 534 167 2
0 38 0 5 527 163 0 38 527 163 5
0 42 0 3 535 168 0 42 535 168 3
0 43 0 4 527 171 0 43 527 171 4
0 45 0 3 528 171 0 45 528 171 3
0 39 0 6 532 177 0 39 532 177 6
0 51 0 0 524 183 0 51 524 183 0
0 49 0 2 519 184 0 49 519 184 2
0 47 0 9 513 192 0 47 513 192 9
0 33 0 10 532 191 0 33 532 191 10
0 29 0 3 546 171 0 29 546 171 3
0 10 0 1 547 172 0 10 547 172 1
0 19 0 1 541 170 0 19 541 170 1
0 26 0 2 539 168 0 26 539 168 2
0 21 0 5 543 177 0 21 543 177 5
0 28 0 0 541 186 0 28 541 186 0
0 32 0 4 539 178 0 32 539 178 4
0 26 0 2 541 185 0 26 541 185 2
0 31 0 0 547 182 0 31 547 182 0
0 36 0 1 539 191 0 36 539 191 1
0 34 0 0 546 188 0 34 546 188 0
0 40 0 0 552 178 0 40 552 178 0
0 37 0 7 560 173 0 37 560 173 7
0 25 0 0 574 169 0 25 574 169 0
0 22 0 9 567 174 0 22 567 174 9
0 32 0 0 564 171 0 32 564 171 0
0 35 0 1 566 178 0 35 566 178 1
0 36 0 1 566 179 0 36 566 179 1
0 38 0 0 572 182 0 38 572 182 0
0 34 0 4 570 181 0 34 570 181 4
0 41 0 3 563 189 0 41 563 189 3
0 39 0 3 576 193 0 39 576 193 3
0 39 0 0 574 200 0 39 574 200 0
0 40 0 7 580 192 0 40 580 192 7
0 52 0 4 579 194 0 52 579 194 4
0 40 0 0 589 194 0 40 589 194 0
0 41 0 0 595 182 0 41 595 182 0
0 37 0 3 594 187 0 37 594 187 3
0 14 0 3 597 196 0 14 597 196 3
0 13 0 3 598 191 0 13 598 191 3
0 21 0 19 588 185 0 21 588 185 19
0 22 0 13 601 195 0 22 601 195 13
0 27 0 3 610 186 0 27 610 186 3
0 29 0 0 604 179 0 29 604 179 0
0 20 0 2 612 186 0 20 612 186 2
0 26 0 2 623 194 0 26 623 194 2
0 30 0 0 614 196 0 30 614 196 0
0 30 0 7 615 199 0 30 615 199 7
0 25 0 13 627 198 0 25 627 198 13
0 37 0 8 633 188 0 37 633 188 8
0 30 0 2 639 196 0 30 639 196 2
0 36 0 4 644 186 0 36 644 186 4
0 31 0 8 649 191 0 31 649 191 8
0 39 0 2 652 187 0 39 652 187 2
0 42 0 3 660 179 0 42 660 179 3
0 35 0 0 663 178 0 35 663 178 0
0 38 0 5 668 186 0 38 668 186 5
0 38 0 0 679 173 0 38 679 173 0
0 30 0 1 688 178 0 30 688 178 1
0 26 0 10 685 191 0 26 685 191 10
0 29 0 1 691 212 0 29 691 212 1
0 41 0 2 698 204 0 41 698 204 2
0 33 0 0 705 210 0 33 705 210 0
0 43 0 6 701 212 0 43 701 212 6
0 31 0 15 713 198 0 31 713 198 15
0 33 0 14 721 192 0 33 721 192 14
0 36 0 18 729 195 0 36 729 195 18
0 38 0 5 735 186 0 38 735 186 5
0 35 0 1 748 187 0 35 748 187 1
0 18 0 3 764 202 0 18 764 202 3
0 34 0 1 768 194 0 34 768 194 1
0 31 0 5 773 205 0 31 773 205 5
0 42 0 1 776 209 0 42 776 209 1
0 35 0 4 779 205 0 35 779 205 4
0 32 0 2 794 201 0 32 794 201 2
0 18 0 12 816 199 0 18 816 199 12
0 23 0 4 824 203 0 23 824 203 4
0 24 0 1 825 209 0 24 825 209 1
0 27 0 3 825 211 0 27 825 211 3
0 31 0 10 835 207 0 31 835 207 10
0 32 0 14 847 208 0 32 847 208 14
0 32 0 11 857 204 0 32 857 204 11
0 34 0 6 867 193 0 34 867 193 6
0 38 0 2 872 195 0 38 872 195 2
0 36 0 6 874 194 0 36 874 194 6
0 44 0 5 883 199 0 44 883 199 5
0 35 0 6 896 206 0 35 896 206 6
0 31 0 4 910 196 0 31 910 196 4
0 41 0 10 917 199 0 41 917 199 10
0 40 0 10 928 192 0 40 928 192 10
0 36 0 1 946 194 0 36 946 194 1
0 33 0 2 952 199 0 33 952 199 2
0 31 0 9 967 204 0 31 967 204 9
0 30 0 13 976 217 0 30 976 217 13
0 40 0 13 975 221 0 40 975 221 13
0 34 0 7 989 220 0 34 989 220 7
0 34 0 2 997 226 0 34 997 226 2
0 45 0 2 1000 216 0 45 1000 216 2
0 32 0 11 999 200 0 32 999 200 11
0 40 0 9 996 199 0 40 996 199 9
0 51 0 2 999 189 0 51 999 189 2
0 41 0 4 998 189 0 41 998 189 4
0 44 0 9 998 196 0 44 998 196 9
0 49 0 12 998 196 0 49 998 196 12
0 24 0 11 1000 190 0 24 1000 190 11
0 4 0 23 997 190 0 4 997 190 23
0 19 0 20 1000 195 0 19 1000 195 20
0 21 0 11 998 197 0 21 998 197 11
0 27 0 3 1000 206 0 27 1000 206 3
0 27 0 14 998 204 0 27 998 204 14
0 30 0 14 1000 206 0 30 1000 206 14
0 31 0 10 1000 205 0 31 1000 205 10
0 29 0 6 1000 198 0 29 1000 198 6
0 29 0 13 998 196 0 29 998 196 13
0 32 0 17 997 206 0 32 997 206 17
0 24 0 20 999 195 0 24 999 195 20
0 17 0 16 1000 204 0 17 1000 204 16
0 29 0 17 999 214 0 29 999 214 17
0 36 0 14 996 210 0 36 996 210 14
0 39 0 18 999 206 0 39 999 206 18
0 38 0 13 1000 216 0 38 1000 216 13
0 44 0 8 1000 217 0 44 1000 217 8
0 50 0 3 999 211 0 50 999 211 3
0 31 0 6 1000 209 0 31 1000 209 6
0 34 0 9 999 209 0 34 999 209 9
0 29 0 3 999 214 0 29 999 214 3
0 17 0 1 1000 216 0 17 1000 216 1
0 25 0 2 999 213 0 25 999 213 2
0 22 0 18 1000 207 0 22 1000 207 18
0 21 0 19 999 202 0 21 999 202 19
0 24 0 22 1000 191 0 24 1000 191 22
0 22 0 14 999 189 0 22 999 189 14
0 17 0 17 981 191 0 17 981 191 17
0 14 0 19 952 199 0 14 952 199 19
0 9 0 13 929 206 0 9 929 206 13
0 22 0 12 897 209 0 22 897 209 12
0 26 0 14 862 212 0 26 862 212 14
0 18 0 18 834 212 0 18 834 212 18
0 25 0 18 807 210 0 25 807 210 18
0 29 0 20 769 204 0 29 769 204 20
0 25 0 19 759 207 0 25 759 207 19
0 25 0 29 747 213 0 25 747 213 29
0 33 0 31 743 209 0 33 743 209 31
0 44 0 30 747 197 0 44 747 197 30
0 35 0 34 747 203 0 35 747 203 34
0 37 0 22 756 193 0 37 756 193 22
0 30 0 27 762 189 0 30 762 189 27
0 30 0 20 754 195 0 30 754 195 20
0 29 0 28 749 201 0 29 749 201 28
0 18 0 27 755 210 0 18 755 210 27
0 20 0 39 755 203 0 20 755 203 39
0 33 0 40 763 196 0 33 763 196 40
0 30 0 26 771 198 0 30 771 198 26
0 29 0 16 757 193 0 29 757 193 16
0 20 0 15 760 199 0 20 760 199 15
0 35 0 17 753 209 0 35 753 209 17
0 29 0 18 749 222 0 29 749 222 18
0 30 0 13 754 221 0 30 754 221 13
0 29 0 16 759 217 0 29 759 217 16
0 19 0 13 761 224 0 19 761 224 13
0 26 0 26 755 215 0 26 755 215 26
0 31 0 31 756 209 0 31 756 209 31
0 27 0 36 759 211 0 27 759 211 36
0 31 0 23 756 206 0 31 756 206 23
0 34 0 25 756 203 0 34 756 203 25
0 38 0 20 752 204 0 38 752 204 20
0 27 0 19 771 208 0 27 771 208 19
0 28 0 23 784 204 0 28 784 204 23
0 24 0 24 798 208 0 24 798 208 24
0 29 0 36 805 201 0 29 805 201 36
0 35 0 35 813 200 0 35 813 200 35
0 30 0 37 817 203 0 30 817 203 37
0 34 0 29 834 199 0 34 834 199 29
0 29 0 34 840 204 0 29 840 204 34
0 22 0 35 856 202 0 22 856 202 35
0 28 0 37 869 202 0 28 869 202 37
0 22 0 35 882 200 0 22 882 200 35
0 26 0 34 871 201 0 26 871 201 34
0 33 0 39 850 193 0 33 850 193 39
0 32 0 39 830 190 0 32 830 190 39
0 27 0 50 800 193 0 27 800 193 50
0 31 0 49 777 185 0 31 777 185 49
0 46 0 42 749 187 0 46 749 187 42
0 46 0 27 736 194 0 46 736 194 27
0 42 0 25 720 192 0 42 720 192 25
0 34 0 24 690 201 0 34 690 201 24
0 33 0 0 675 208 0 33 675 208 0
0 11 0 0 639 196 0 11 639 196 0
0 14 0 9 619 198 0 14 619 198 9
0 17 0 12 605 200 0 17 605 200 12
0 14 0 0 597 182 0 14 597 182 0
0 11 0 0 605 177 0 11 605 177 0
0 11 0 2 618 193 0 11 618 193 2
0 0 0 1 621 204 0 0 621 204 1
0 9 0 3 628 204 0 9 628 204 3
0 13 0 1 634 227 0 13 634 227 1
0 9 0 0 638 217 0 9 638 217 0
0 26 0 7 647 198 0 26 647 198 7
0 36 0 8 657 196 0 36 657 196 8
0 18 0 0 672 177 0 18 672 177 0
0 21 0 0 675 168 0 21 675 168 0
0 31 0 1 689 172 0 31 689 172 1
0 29 0 0 687 179 0 29 687 179 0
0 22 0 4 692 193 0 22 692 193 4
0 30 0 9 697 206 0 30 697 206 9
0 31 0 0 696 206 0 31 696 206 0
0 31 0 4 707 205 0 31 707 205 4
0 27 0 1 717 210 0 27 717 210 1
0 36 0 0 719 195 0 36 719 195 0
0 28 0 1 698 197 0 28 698 197 1
0 25 0 0 675 211 0 25 675 211 0
0 33 0 0 661 200 0 33 661 200 0
0 35 0 12 664 197 0 35 664 197 12
0 47 0 6 675 197 0 47 675 197 6
0 37 0 0 678 184 0 37 678 184 0
0 37 0 1 665 177 0 37 665 177 1
0 39 0 5 670 183 0 39 670 183 5
0 37 0 2 675 186 0 37 675 186 2
0 36 0 1 660 194 0 36 660 194 1
0 30 0 4 679 197 0 30 679 197 4
0 29 0 1 679 196 0 29 679 196 1
0 29 0 2 688 188 0 29 688 188 2
0 34 0 4 680 187 0 34 680 187 4
0 33 0 0 682 179 0 33 682 179 0
0 27 0 1 666 184 0 27 666 184 1
0 39 0 1 666 192 0 39 666 192 1
0 33 0 0 683 195 0 33 683 195 0
0 34 0 0 671 194 0 34 671 194 0
0 48 0 3 666 200 0 48 666 200 3
0 36 0 1 677 187 0 36 677 187 1
0 37 0 1 667 190 0 37 667 190 1
0 27 0 2 674 195 0 27 674 195 2
0 14 0 4 681 198 0 14 681 198 4
0 14 0 3 691 197 0 14 691 197 3
0 10 0 13 704 198 0 10 704 198 13
0 23 0 4 712 197 0 23 712 197 4
0 19 0 0 717 196 0 19 717 196 0
0 22 0 1 732 180 0 22 732 180 1
0 19 0 3 749 186 0 19 749 186 3
0 20 0 1 746 197 0 20 746 197 1
0 22 0 2 736 199 0 22 736 199 2
0 30 0 5 746 194 0 30 746 194 5
0 25 0 2 749 207 0 25 749 207 2
0 29 0 0 744 205 0 29 744 205 0
0 38 0 2 742 199 0 38 742 199 2
0 20 0 14 737 207 0 20 737 207 14
0 24 0 11 750 206 0 24 750 206 11
0 34 0 2 747 203 0 34 747 203 2
0 27 0 2 751 203 0 27 751 203 2
0 30 0 3 745 196 0 30 745 196 3
0 34 0 11 742 202 0 34 742 202 11
0 27 0 2 748 206 0 27 748 206 2
0 32 0 2 731 202 0 32 731 202 2
0 34 0 10 702 208 0 34 702 208 10
0 34 0 2 717 205 0 34 717 205 2
0 31 0 0 730 199 0 31 730 199 0
0 29 0 2 736 199 0 29 736 199 2
0 45 0 12 733 202 0 45 733 202 12
0 48 0 8 736 211 0 48 736 211 8
0 37 0 3 744 218 0 37 744 218 3
0 36 0 2 740 224 0 36 740 224 2
0 27 0 4 758 222 0 27 758 222 4
0 36 0 1 775 215 0 36 775 215 1
0 42 0 1 783 207 0 42 783 207 1
0 28 0 0 802 200 0 28 802 200 0
0 41 0 12 798 188 0 41 798 188 12
0 44 0 0 805 184 0 44 805 184 0
0 39 0 1 808 183 0 39 808 183 1
0 40 0 3 802 187 0 40 802 187 3
0 35 0 11 804 194 0 35 804 194 11
0 38 0 11 802 202 0 38 802 202 11
0 31 0 16 810 206 0 31 810 206 16
0 27 0 17 818 209 0 27 818 209 17
0 31 0 12 817 217 0 31 817 217 12
0 35 0 8 818 217 0 35 818 217 8
0 39 0 2 824 217 0 39 824 217 2
0 40 0 3 824 214 0 40 824 214 3
0 33 0 3 830 218 0 33 830 218 3
0 30 0 1 833 219 0 30 833 219 1
0 36 0 0 830 226 0 36 830 226 0
0 47 0 2 832 217 0 47 832 217 2
0 46 0 1 838 219 0 46 838 219 1
0 25 0 3 840 227 0 25 840 227 3
0 28 0 1 849 218 0 28 849 218 1
0 31 0 6 854 215 0 31 854 215 6
0 39 0 3 850 223 0 39 850 223 3
0 35 0 3 851 221 0 35 851 221 3
0 49 0 0 850 204 0 49 850 204 0
0 34 0 8 857 209 0 34 857 209 8
0 38 0 7 859 207 0 38 859 207 7
0 39 0 1 867 202 0 39 867 202 1
0 44 0 1 858 200 0 44 858 200 1
0 41 0 8 854 209 0 41 854 209 8
0 34 0 17 858 211 0 34 858 211 17
0 37 0 20 857 216 0 37 857 216 20
0 39 0 11 863 230 0 39 863 230 11
0 40 0 9 870 228 0 40 870 228 9
0 45 0 4 859 240 0 45 859 240 4
0 46 0 2 874 238 0 46 874 238 2
0 42 0 8 866 220 0 42 866 220 8
0 45 0 2 875 235 0 45 875 235 2
0 34 0 11 881 233 0 34 881 233 11
0 48 0 2 870 229 0 48 870 229 2
0 51 0 8 878 225 0 51 878 225 8
0 46 0 9 886 222 0 46 886 222 9
0 47 0 1 890 215 0 47 890 215 1
0 40 0 10 881 209 0 40 881 209 10
0 11 0 5 888 220 0 11 888 220 5
0 14 0 15 887 224 0 14 887 224 15
0 22 0 9 887 232 0 22 887 232 9
0 30 0 1 898 237 0 30 898 237 1
0 29 0 2 885 232 0 29 885 232 2
0 28 0 6 888 226 0 28 888 226 6
0 30 0 13 887 229 0 30 887 229 13
0 36 0 8 889 228 0 36 889 228 8
0 33 0 6 901 229 0 33 901 229 6
0 26 0 10 895 226 0 26 895 226 10
0 36 0 14 890 227 0 36 890 227 14
0 43 0 15 893 218 0 43 893 218 15
0 44 0 1 903 222 0 44 903 222 1
0 38 0 6 895 223 0 38 895 223 6
0 48 0 1 896 220 0 48 896 220 1
0 43 0 8 892 228 0 43 892 228 8
0 37 0 5 891 238 0 37 891 238 5
0 40 0 5 900 240 0 40 900 240 5
0 32 0 7 895 240 0 32 895 240 7
0 17 0 11 904 239 0 17 904 239 11
0 14 0 17 895 236 0 14 895 236 17
0 31 0 22 888 226 0 31 888 226 22
0 26 0 23 892 219 0 26 892 219 23
0 25 0 18 904 223 0 25 904 223 18
0 33 0 13 903 206 0 33 903 206 13
0 35 0 4 897 213 0 35 897 213 4
0 27 0 17 904 210 0 27 904 210 17
0 7 0 23 917 209 0 7 917 209 23
0 10 0 25 911 220 0 10 911 220 25
0 19 0 18 908 224 0 19 908 224 18
0 14 0 18 912 228 0 14 912 228 18
0 19 0 21 901 245 0 19 901 245 21
0 20 0 25 896 247 0 20 896 247 25
0 30 0 15 910 243 0 30 910 243 15
0 25 0 18 913 237 0 25 913 237 18
0 11 0 19 914 240 0 11 914 240 19
0 12 0 23 917 234 0 12 917 234 23
0 19 0 24 916 224 0 19 916 224 24
0 28 0 22 911 227 0 28 911 227 22
0 29 0 22 906 228 0 29 906 228 22
0 29 0 23 909 219 0 29 909 219 23
0 39 0 15 917 216 0 39 917 216 15
0 41 0 19 909 215 0 41 909 215 19
0 33 0 26 897 219 0 33 897 219 26
0 42 0 27 907 207 0 42 907 207 27
0 41 0 2 919 220 0 41 919 220 2
0 29 0 4 923 220 0 29 923 220 4
0 35 0 1 921 225 0 35 921 225 1
0 33 0 11 915 225 0 33 915 225 11
0 38 0 14 909 229 0 38 909 229 14
0 33 0 22 913 231 0 33 913 231 22
0 24 0 26 925 228 0 24 925 228 26
0 29 0 18 923 228 0 29 923 228 18
0 42 0 14 915 229 0 42 915 229 14
0 34 0 14 918 238 0 34 918 238 14
0 28 0 22 916 242 0 28 916 242 22
0 34 0 29 915 236 0 34 915 236 29
0 26 0 31 927 232 0 26 927 232 31
0 35 0 30 921 228 0 35 921 228 30
0 34 0 21 929 224 0 34 929 224 21
0 33 0 13 935 224 0 33 935 224 13
0 31 0 2 942 233 0 31 942 233 2
0 40 0 7 920 235 0 40 920 235 7
0 44 0 17 919 229 0 44 919 229 17
0 32 0 30 930 229 0 32 930 229 30
0 30 0 40 932 227 0 30 932 227 40
0 40 0 36 934 219 0 40 934 219 36
0 39 0 32 937 220 0 39 937 220 32
0 31 0 29 937 223 0 31 937 223 29
0 37 0 24 945 224 0 37 945 224 24
0 33 0 19 946 233 0 33 946 233 19
0 36 0 8 950 237 0 36 950 237 8
0 39 0 16 950 234 0 39 950 234 16
0 29 0 23 950 239 0 29 950 239 23
0 26 0 33 959 232 0 26 959 232 33
0 36 0 39 960 224 0 36 960 224 39
0 45 0 28 963 225 0 45 963 225 28
0 38 0 21 965 228 0 38 965 228 21
0 42 0 15 959 222 0 42 959 222 15
0 38 0 30 975 217 0 38 975 217 30
0 40 0 41 969 216 0 40 969 216 41
0 45 0 38 973 214 0 45 973 214 38
0 48 0 25 974 215 0 48 974 215 25
0 50 0 20 973 222 0 50 973 222 20
0 40 0 26 974 236 0 40 974 236 26
0 27 0 33 991 237 0 27 991 237 33
0 35 0 34 984 244 0 35 984 244 34
0 28 0 32 989 237 0 28 989 237 32
0 18 0 31 989 239 0 18 989 239 31
0 22 0 36 995 227 0 22 995 227 36
0 22 0 34 1000 236 0 22 1000 236 34
0 19 0 31 998 235 0 19 998 235 31
0 22 0 32 990 235 0 22 990 235 32
0 25 0 34 991 228 0 25 991 228 34
0 36 0 35 988 228 0 36 988 228 35
0 36 0 25 999 222 0 36 999 222 25
0 30 0 31 998 225 0 30 998 225 31
0 29 0 27 999 222 0 29 999 222 27
0 27 0 28 999 228 0 27 999 228 28
0 46 0 22 999 230 0 46 999 230 22
0 48 0 21 994 231 0 48 994 231 21
0 31 0 24 1000 236 0 31 1000 236 24
0 26 0 27 998 228 0 26 998 228 27
0 26 0 25 997 225 0 26 997 225 25
0 13 0 24 999 225 0 13 999 225 24
0 14 0 29 990 225 0 14 990 225 29
0 23 0 28 999 224 0 23 999 224 28
0 22 0 31 999 223 0 22 999 223 31
0 10 0 28 998 228 0 10 998 228 28
0 19 0 35 993 232 0 19 993 232 35
0 28 0 27 994 235 0 28 994 235 27
0 23 0 35 1000 230 0 23 1000 230 35
0 24 0 38 999 224 0 24 999 224 38
