0.000 0.000 0.000 0.000 
47459.000 46400.000 0.000 0.000 
57311.000 57349.000 0.000 0.000 
96237.000 96391.000 0.000 202000.000 
123653.000 124477.000 362000.000 202000.000 
127568.000 128225.000 362000.000 216104.000 
136428.000 137227.000 362000.000 216104.000 
140079.000 140903.000 362000.000 229096.000 
143630.000 144486.000 378350.000 229096.000 
147360.000 148109.000 378350.000 231782.000 
151050.000 151652.000 378350.000 242099.000 
154550.000 155257.000 377057.000 233443.000 
158109.000 158908.000 381741.000 282480.000 
169330.000 169253.000 381741.000 232059.000 
190507.000 191320.000 381741.000 280315.000 
194558.000 195290.000 381564.000 342917.000 
198222.000 198933.000 432808.000 394367.000 
214197.000 214087.000 432808.000 429291.000 
241304.000 242052.000 432808.000 479675.000 
264975.000 275943.000 415829.000 540979.000 
269412.000 282473.000 455204.000 567284.000 
273839.000 286978.000 505692.000 567284.000 
307564.000 295994.000 515778.000 567284.000 
347882.000 318378.000 515778.000 567284.000 
382055.000 353518.000 476932.000 567284.000 
403893.000 394859.000 529719.000 567284.000 
412049.000 449069.000 578735.000 567284.000 
412049.000 457623.000 623120.000 567284.000 
412049.000 429888.000 669501.000 567284.000 
412049.000 359832.000 544093.000 567284.000 
412049.000 349015.000 593772.000 567284.000 
412049.000 362064.000 649008.000 567284.000 
412049.000 403546.000 670108.000 567284.000 
296813.000 416807.000 746312.000 567284.000 
273991.000 421883.000 792210.000 567284.000 
273991.000 381806.000 851018.000 567284.000 
224031.000 359224.000 887126.000 567284.000 
156618.000 346831.000 924009.000 567284.000 
160309.000 348623.000 942218.000 567284.000 
162616.000 353374.000 942218.000 567284.000 
164853.000 358153.000 942218.000 567284.000 
177405.000 362911.000 942218.000 567284.000 
175592.000 367776.000 942218.000 567284.000 
169598.000 372527.000 942218.000 567284.000 
171445.000 377212.000 942218.000 567284.000 
184721.000 382076.000 942218.000 567284.000 
202315.000 386823.000 942218.000 567284.000 
190269.000 393963.000 942218.000 567284.000 
185824.000 423251.000 942218.000 567284.000 
187229.000 442658.000 942218.000 567284.000 
181789.000 471782.000 942218.000 567284.000 
185580.000 488555.000 942218.000 567284.000 
197139.000 509757.000 942218.000 353654.000 
201394.000 486432.000 942218.000 387815.000 
195247.000 473005.000 942218.000 326071.000 
187386.000 461019.000 942218.000 327964.000 
192123.000 466236.000 942218.000 349168.000 
198222.000 486267.000 942218.000 301934.000 
193732.000 493088.000 942218.000 292401.000 
192093.000 497859.000 942218.000 296564.000 
189796.000 482582.000 942218.000 292236.000 
188880.000 461732.000 942218.000 290210.000 
213022.000 455497.000 942218.000 313905.000 
215086.000 462789.000 500336.000 333188.000 
189909.000 469438.000 497992.000 327366.000 
188947.000 474241.000 490476.000 297235.000 
189041.000 489576.000 490476.000 300819.000 
227551.000 521790.000 472658.000 302687.000 
250009.000 554734.000 492699.000 309480.000 
230886.000 568989.000 550438.000 303226.000 
245732.000 579440.000 605371.000 298515.000 
247313.000 600757.000 636172.000 298407.000 
259431.000 600872.000 481297.000 299541.000 
238488.000 593913.000 520998.000 318427.000 
263970.000 583273.000 569848.000 311715.000 
254911.000 603235.000 610798.000 298198.000 
263125.000 612559.000 637545.000 293009.000 
256988.000 645976.000 642035.000 302016.000 
229804.000 685235.000 584102.000 317896.000 
217876.000 715933.000 569031.000 331793.000 
212039.000 746800.000 515982.000 349362.000 
232965.000 759787.000 486180.000 333641.000 
267377.000 749449.000 479611.000 326140.000 
259481.000 757137.000 483696.000 299840.000 
225851.000 782783.000 486923.000 332737.000 
235530.000 774665.000 506245.000 329669.000 
228739.000 750355.000 549719.000 343858.000 
237322.000 725807.000 558140.000 329430.000 
266646.000 761886.000 545543.000 339495.000 
289448.000 764910.000 555052.000 354097.000 
279465.000 808248.000 534131.000 328444.000 
275585.000 834540.000 506884.000 338563.000 
275585.000 845805.000 488307.000 313570.000 
275585.000 868756.000 487209.000 319707.000 
222368.000 869924.000 485435.000 309911.000 
186207.000 885692.000 496928.000 307813.000 
183391.000 910158.000 501111.000 345078.000 
164509.000 905719.000 502690.000 356249.000 
166740.000 932042.000 502189.000 382981.000 
192669.000 938311.000 505160.000 397641.000 
226117.000 951767.000 523010.000 368653.000 
233618.000 961911.000 535993.000 318977.000 
207124.000 993584.000 570203.000 300256.000 
208374.000 1003953.000 568111.000 320519.000 
238117.000 1020796.000 567470.000 338411.000 
266482.000 1047502.000 574826.000 321690.000 
255415.000 1063064.000 569626.000 311933.000 
257973.000 1104527.000 542987.000 321103.000 
238728.000 1113451.000 541771.000 330077.000 
223694.000 1128054.000 524836.000 353891.000 
247108.000 1137536.000 527170.000 341576.000 
257476.000 1160564.000 541304.000 359652.000 
260939.000 1184880.000 537409.000 359364.000 
274111.000 1213949.000 548080.000 384075.000 
280702.000 1217058.000 524827.000 402838.000 
293366.000 1224015.000 488384.000 390621.000 
294250.000 1227142.000 462900.000 393013.000 
289480.000 1230819.000 468586.000 359693.000 
289480.000 1268630.000 459772.000 371214.000 
289480.000 1297940.000 495493.000 362486.000 
190226.000 1303751.000 532061.000 362982.000 
187999.000 1320625.000 539602.000 381745.000 
205773.000 1331266.000 519746.000 372929.000 
209773.000 1368749.000 545081.000 397650.000 
204598.000 1415520.000 548789.000 362315.000 
180520.000 1454404.000 538565.000 349114.000 
172394.000 1483489.000 541098.000 313481.000 
182708.000 1518098.000 557249.000 302718.000 
188277.000 1522880.000 571817.000 335359.000 
174571.000 1566391.000 550723.000 356985.000 
172325.000 1589638.000 550810.000 385134.000 
165206.000 1626863.000 569257.000 425766.000 
189064.000 1659828.000 552342.000 452142.000 
205676.000 1691952.000 532287.000 462356.000 
206225.000 1730964.000 522587.000 444975.000 
214103.000 1765909.000 543239.000 444975.000 
195663.000 1794626.000 547962.000 444975.000 
167927.000 1814738.000 554070.000 444975.000 
172746.000 1825274.000 569963.000 339596.000 
190755.000 1851748.000 578323.000 311285.000 
208349.000 1883327.000 541641.000 307978.000 
201382.000 1908472.000 520688.000 297487.000 
210217.000 1935321.000 521127.000 291312.000 
212786.000 1933413.000 486831.000 294555.000 
191265.000 1902122.000 476202.000 296499.000 
182602.000 1914604.000 489718.000 292860.000 
189616.000 1928305.000 465351.000 301186.000 
170639.000 1958821.000 468694.000 301507.000 
182034.000 2003081.000 487306.000 291891.000 
199876.000 1994048.000 492163.000 294678.000 
184588.000 2041432.000 482965.000 296739.000 
183939.000 2064567.000 493691.000 291078.000 
203648.000 2089066.000 465643.000 315294.000 
200096.000 2111901.000 464456.000 330306.000 
178961.000 2124633.000 463208.000 292681.000 
185648.000 2152500.000 487938.000 291799.000 
184967.000 2164968.000 502023.000 307481.000 
193249.000 2184159.000 524185.000 294074.000 
191346.000 2212839.000 539858.000 293591.000 
169368.000 2244292.000 545258.000 296841.000 
171683.000 2272221.000 530902.000 306055.000 
179228.000 2321042.000 515387.000 292197.000 
179117.000 2374163.000 527174.000 293098.000 
187048.000 2422571.000 538213.000 305242.000 
178513.000 2471981.000 521219.000 294542.000 
176055.000 2523218.000 512339.000 295333.000 
181063.000 2557653.000 473798.000 291695.000 
172378.000 2588301.000 453682.000 299861.000 
181232.000 2588301.000 470740.000 291644.000 
214287.000 2588301.000 520511.000 293622.000 
242614.000 2588301.000 552057.000 292673.000 
228254.000 2588301.000 561009.000 293492.000 
225550.000 2588301.000 571502.000 304161.000 
224131.000 2588301.000 577835.000 299734.000 
218629.000 2588301.000 550405.000 291620.000 
221348.000 2588301.000 522409.000 291347.000 
235762.000 2588301.000 532504.000 293883.000 
253763.000 2588301.000 526782.000 293811.000 
273982.000 2588301.000 512549.000 301617.000 
232952.000 2588301.000 483459.000 292384.000 
206716.000 2588301.000 475097.000 291720.000 
216780.000 2588301.000 468073.000 293260.000 
219038.000 2588301.000 505243.000 292130.000 
247266.000 2588301.000 523201.000 292650.000 
249066.000 2588301.000 516596.000 303717.000 
234113.000 2588301.000 523285.000 321435.000 
227623.000 2588301.000 519283.000 299026.000 
231067.000 2588301.000 476027.000 298442.000 
242552.000 2588301.000 470170.000 296667.000 
284175.000 2588301.000 495208.000 292791.000 
290022.000 2588301.000 503228.000 299606.000 
302466.000 2588301.000 503531.000 295205.000 
302466.000 2588301.000 506752.000 295371.000 
302466.000 2588301.000 483798.000 293026.000 
302466.000 2588301.000 465534.000 303584.000 
213251.000 2588301.000 459577.000 295616.000 
179968.000 2588301.000 453261.000 292397.000 
188129.000 2588301.000 470793.000 296054.000 
209697.000 2588301.000 497102.000 302859.000 
207631.000 2588301.000 511475.000 293020.000 
217100.000 2588301.000 533832.000 293564.000 
222116.000 2588301.000 549693.000 294972.000 
193411.000 2588301.000 545759.000 297122.000 
206346.000 2588301.000 552139.000 294193.000 
236155.000 2588301.000 573286.000 300992.000 
229197.000 2588301.000 603279.000 292443.000 
212658.000 2588301.000 596496.000 290608.000 
241210.000 2588301.000 606197.000 294284.000 
256834.000 2588301.000 623153.000 328677.000 
272344.000 2588301.000 592272.000 314221.000 
264358.000 2588301.000 573641.000 294155.000 
266953.000 2588301.000 570453.000 301252.000 
246419.000 2588301.000 579376.000 323872.000 
254612.000 2588301.000 557786.000 341205.000 
245560.000 2588301.000 556477.000 297701.000 
266612.000 2588301.000 587611.000 292676.000 
249347.000 2588301.000 572485.000 293275.000 
247025.000 2588301.000 560696.000 307159.000 
249480.000 2588301.000 564101.000 291823.000 
249197.000 2588301.000 595240.000 298124.000 
257299.000 2588301.000 608688.000 308265.000 
294134.000 2588301.000 569692.000 304055.000 
312684.000 2588301.000 566825.000 297030.000 
312684.000 2588301.000 546310.000 299865.000 
312684.000 2588301.000 519318.000 302925.000 
248072.000 2588301.000 506614.000 310991.000 
189083.000 2588301.000 514732.000 295140.000 
198167.000 2588301.000 523683.000 304719.000 
208789.000 2588301.000 529302.000 297284.000 
211767.000 2588301.000 555148.000 292395.000 
229470.000 2588301.000 562743.000 297792.000 
232232.000 2588301.000 567955.000 309508.000 
249933.000 2588301.000 595376.000 320674.000 
241482.000 2588301.000 578249.000 297758.000 
240278.000 2588301.000 551837.000 301602.000 
248738.000 2588301.000 545038.000 303904.000 
217603.000 2588301.000 525606.000 295709.000 
207789.000 2588301.000 510660.000 301248.000 
220344.000 2588301.000 535017.000 306245.000 
228953.000 2588301.000 530113.000 301644.000 
234395.000 2588301.000 526275.000 292087.000 
225601.000 2588301.000 545484.000 295660.000 
217279.000 2588301.000 547072.000 307501.000 
239872.000 2588301.000 547563.000 298350.000 
266906.000 2588301.000 554016.000 291858.000 
303619.000 2588301.000 564078.000 302554.000 
287010.000 2588301.000 558053.000 320310.000 
247596.000 2588301.000 564775.000 322533.000 
229106.000 2588301.000 536037.000 317118.000 
226075.000 2588301.000 557237.000 324068.000 
242257.000 2588301.000 565101.000 352444.000 
261593.000 2588301.000 585253.000 354711.000 
242623.000 2588301.000 585980.000 340055.000 
197230.000 2588301.000 592678.000 294073.000 
202958.000 2588301.000 612257.000 321837.000 
224651.000 2588301.000 626856.000 317923.000 
243569.000 2588301.000 635852.000 339981.000 
236524.000 2588301.000 629895.000 312342.000 
213738.000 716616.000 657675.000 310072.000 
207122.000 259422.000 650139.000 292367.000 
228980.000 340870.000 625209.000 295303.000 
250862.000 436819.000 561208.000 297904.000 
225748.000 542283.000 549644.000 296898.000 
211300.000 573070.000 512921.000 302566.000 
231246.000 573070.000 513411.000 313700.000 
252816.000 573070.000 545358.000 324526.000 
277663.000 573070.000 581080.000 313885.000 
272885.000 573070.000 610570.000 321002.000 
257366.000 573070.000 607771.000 320886.000 
223332.000 573070.000 627187.000 316649.000 
240750.000 573070.000 659330.000 324433.000 
266661.000 525717.000 635020.000 321426.000 
276705.000 492314.000 609179.000 325157.000 
276705.000 480295.000 585861.000 310457.000 
276705.000 491699.000 590282.000 296267.000 
201641.000 505010.000 588102.000 292827.000 
167083.000 501250.000 594227.000 303310.000 
183868.000 495596.000 593556.000 310162.000 
193393.000 490854.000 603559.000 309879.000 
170231.000 519081.000 626114.000 301565.000 
168645.000 526112.000 639345.000 305379.000 
180450.000 554430.000 649778.000 321604.000 
186696.000 569651.000 637922.000 328592.000 
170957.000 575530.000 621364.000 334075.000 
177889.000 605310.000 619874.000 357918.000 
197608.000 600484.000 608308.000 339956.000 
234646.000 576337.000 638409.000 323516.000 
226905.000 588961.000 615552.000 311556.000 
218409.000 582387.000 618892.000 315616.000 
227052.000 612746.000 624396.000 317139.000 
193051.000 572534.000 632665.000 309988.000 
196360.000 571998.000 632417.000 339717.000 
227250.000 569082.000 627195.000 353760.000 
258745.000 541853.000 642206.000 353247.000 
285831.000 517417.000 655119.000 353347.000 
265739.000 538045.000 654369.000 322653.000 
235057.000 547551.000 659280.000 329260.000 
220459.000 559602.000 646910.000 346309.000 
222553.000 561122.000 653885.000 368474.000 
244075.000 551558.000 627168.000 378015.000 
264188.000 524219.000 616246.000 385469.000 
272049.000 529963.000 641464.000 388957.000 
258402.000 510802.000 635468.000 393315.000 
235203.000 496075.000 626848.000 428038.000 
250917.000 518867.000 628019.000 425767.000 
267682.000 528545.000 652932.000 388138.000 
283060.000 531780.000 679500.000 356513.000 
263554.000 568117.000 664051.000 331687.000 
222268.000 614500.000 647740.000 334929.000 
224142.000 633221.000 664658.000 337021.000 
255185.000 617233.000 673189.000 345092.000 
288592.000 624978.000 661257.000 342144.000 
260247.000 631167.000 651832.000 340625.000 
231400.000 586836.000 650280.000 342047.000 
237226.000 552129.000 667810.000 359172.000 
240327.000 565173.000 667465.000 365431.000 
252567.000 586735.000 690683.000 401987.000 
263907.000 587219.000 691449.000 398477.000 
274166.000 583221.000 688066.000 387355.000 
270012.000 588538.000 659893.000 389277.000 
274544.000 610691.000 654208.000 352878.000 
266025.000 625056.000 652097.000 359073.000 
275110.000 620810.000 636599.000 331567.000 
251476.000 620049.000 632641.000 339039.000 
259866.000 610032.000 638880.000 361150.000 
270475.000 605660.000 638976.000 382677.000 
292005.000 589510.000 622868.000 409896.000 
274674.000 594382.000 629470.000 401509.000 
274674.000 608097.000 633059.000 345117.000 
274674.000 613212.000 628378.000 320571.000 
250675.000 655164.000 636187.000 325876.000 
168810.000 669651.000 631459.000 315132.000 
179579.000 687833.000 641981.000 343516.000 
175271.000 693973.000 640499.000 353103.000 
192502.000 656994.000 639055.000 371718.000 
198400.000 669791.000 633203.000 390739.000 
192114.000 670072.000 621417.000 388653.000 
207810.000 665516.000 637486.000 365994.000 
227127.000 692874.000 656690.000 359334.000 
228688.000 697237.000 651751.000 324512.000 
221591.000 719785.000 640515.000 347128.000 
220351.000 749550.000 610662.000 341906.000 
230243.000 740623.000 612406.000 347205.000 
212866.000 725860.000 587478.000 356212.000 
185333.000 740231.000 584120.000 391488.000 
198100.000 687884.000 588042.000 401419.000 
220764.000 691930.000 606963.000 401176.000 
234278.000 689393.000 638690.000 426129.000 
231339.000 686137.000 643341.000 398941.000 
234695.000 709210.000 634228.000 397713.000 
260035.000 698329.000 644346.000 392777.000 
280413.000 680620.000 638808.000 374115.000 
276530.000 680961.000 620161.000 353829.000 
229708.000 661152.000 616121.000 378455.000 
209660.000 663664.000 610468.000 385952.000 
224305.000 682707.000 642606.000 387657.000 
237991.000 696129.000 672205.000 395542.000 
240040.000 710955.000 670136.000 347438.000 
244339.000 717579.000 688455.000 338243.000 
258522.000 713403.000 686965.000 345125.000 
262341.000 703399.000 681479.000 374562.000 
258215.000 702010.000 695962.000 395426.000 
264927.000 682201.000 693107.000 391855.000 
269796.000 661611.000 676454.000 412990.000 
267069.000 686929.000 667594.000 397428.000 
243704.000 695830.000 655197.000 397200.000 
243590.000 735588.000 635695.000 404545.000 
262055.000 750609.000 610606.000 367509.000 
275141.000 779647.000 612688.000 353701.000 
265965.000 781470.000 627054.000 352597.000 
257910.000 785433.000 613763.000 359126.000 
250218.000 811584.000 634116.000 382721.000 
253767.000 789049.000 634785.000 398990.000 
247978.000 802609.000 638538.000 378106.000 
242074.000 786506.000 638554.000 377696.000 
234515.000 780113.000 618616.000 375259.000 
252808.000 743793.000 637971.000 396238.000 
261382.000 733937.000 654800.000 422261.000 
292407.000 751020.000 648504.000 425945.000 
281749.000 744549.000 681541.000 425931.000 
284396.000 749467.000 687830.000 425931.000 
284396.000 748653.000 648981.000 425931.000 
193301.000 755854.000 619676.000 425931.000 
135066.000 757574.000 622741.000 423533.000 
162289.000 775851.000 638445.000 366516.000 
193608.000 764199.000 622716.000 305366.000 
185365.000 738156.000 597748.000 335371.000 
166471.000 721243.000 610878.000 304066.000 
181743.000 745730.000 635270.000 295646.000 
171841.000 730899.000 629237.000 292026.000 
192074.000 745871.000 607283.000 296971.000 
212515.000 765111.000 607269.000 290094.000 
219877.000 786674.000 633692.000 299172.000 
212171.000 789967.000 622495.000 294846.000 
208088.000 805362.000 586764.000 311439.000 
213332.000 826891.000 569428.000 292929.000 
225922.000 837088.000 589607.000 292793.000 
252586.000 843001.000 567980.000 291068.000 
275124.000 849784.000 561974.000 293929.000 
270223.000 837727.000 570900.000 293348.000 
260839.000 832846.000 583625.000 295291.000 
260464.000 842524.000 573677.000 298650.000 
241407.000 849179.000 553464.000 292385.000 
241818.000 853535.000 571761.000 292778.000 
230351.000 875194.000 577541.000 294247.000 
249601.000 888762.000 610293.000 302524.000 
253996.000 894100.000 615058.000 298220.000 
234665.000 923033.000 611927.000 307819.000 
242228.000 927956.000 621674.000 294380.000 
244284.000 953169.000 621875.000 294309.000 
249262.000 975623.000 613872.000 291498.000 
248478.000 999052.000 601504.000 292936.000 
242439.000 1016315.000 600888.000 291487.000 
252745.000 1024640.000 616268.000 296930.000 
233886.000 1040932.000 633993.000 293479.000 
230841.000 1050840.000 624754.000 291623.000 
250213.000 1088671.000 635383.000 291711.000 
260394.000 1127437.000 632650.000 296292.000 
238386.000 1129122.000 614639.000 294702.000 
234382.000 1151094.000 597849.000 295447.000 
230470.000 1181492.000 602234.000 312912.000 
227402.000 1210041.000 597186.000 296570.000 
234675.000 1222730.000 588530.000 290893.000 
261893.000 1230361.000 600863.000 305603.000 
249009.000 1255105.000 602401.000 307405.000 
212068.000 1290454.000 623199.000 297594.000 
227583.000 1304582.000 642119.000 291545.000 
245418.000 1304366.000 637250.000 298729.000 
270131.000 1299276.000 649308.000 309502.000 
264520.000 1296415.000 657627.000 294391.000 
274263.000 1298988.000 663648.000 313896.000 
287123.000 1324776.000 676445.000 310891.000 
268782.000 1352716.000 657620.000 294082.000 
260742.000 1348014.000 642523.000 300785.000 
273707.000 1346214.000 636851.000 299405.000 
257146.000 1365617.000 627040.000 307225.000 
239285.000 1401428.000 629252.000 293840.000 
227642.000 1445790.000 619645.000 316018.000 
250170.000 1485609.000 627296.000 313004.000 
243742.000 1513233.000 628699.000 315228.000 
263460.000 1522174.000 609706.000 293928.000 
250317.000 1559516.000 603659.000 303169.000 
239158.000 1582231.000 583208.000 290999.000 
250107.000 1597971.000 612233.000 292365.000 
256787.000 1641085.000 627669.000 292564.000 
254431.000 1672660.000 642571.000 302490.000 
250884.000 1691708.000 651487.000 292866.000 
255332.000 1701154.000 675264.000 296115.000 
265577.000 1724539.000 690290.000 300629.000 
259260.000 1744900.000 725131.000 295513.000 
265948.000 1761306.000 724293.000 300180.000 
271092.000 1798422.000 736530.000 294252.000 
271092.000 1836936.000 741162.000 294384.000 
271092.000 1866922.000 738229.000 296041.000 
271092.000 1888496.000 734257.000 311115.000 
220229.000 1918797.000 695290.000 302720.000 
177137.000 1938068.000 649717.000 291876.000 
202968.000 1936971.000 628454.000 292488.000 
194693.000 1943192.000 621252.000 297450.000 
183348.000 1960431.000 618287.000 294537.000 
184009.000 2017142.000 635506.000 295332.000 
211691.000 2048338.000 664830.000 316518.000 
246742.000 2087209.000 684045.000 338296.000 
253626.000 2105507.000 682773.000 318248.000 
226783.000 2129240.000 663876.000 292746.000 
237164.000 2168999.000 663210.000 295281.000 
232602.000 2176719.000 663809.000 300138.000 
206299.000 2207987.000 649354.000 294050.000 
210504.000 2241986.000 654536.000 304184.000 
211830.000 2284670.000 682784.000 334482.000 
231804.000 2327438.000 703710.000 356024.000 
248407.000 2359407.000 720027.000 333799.000 
249352.000 2377178.000 716494.000 295952.000 
254913.000 2402717.000 715983.000 293351.000 
244965.000 2425992.000 727196.000 325299.000 
260309.000 2452262.000 727702.000 325563.000 
275935.000 2461160.000 741166.000 328564.000 
276449.000 2479947.000 748138.000 291448.000 
276449.000 2508306.000 761984.000 297743.000 
276449.000 2518155.000 787291.000 299015.000 
279152.000 2551248.000 809066.000 304231.000 
190913.000 2560115.000 790782.000 296499.000 
180925.000 2608549.000 779988.000 295171.000 
181054.000 2644132.000 796860.000 312807.000 
201234.000 2644132.000 744430.000 329446.000 
226892.000 2644132.000 733197.000 340744.000 
199173.000 2644132.000 695144.000 341167.000 
206226.000 2644132.000 662071.000 309173.000 
227727.000 2644132.000 647170.000 297302.000 
250947.000 2644132.000 638741.000 297624.000 
250142.000 2644132.000 631783.000 324385.000 
252260.000 2644132.000 639589.000 337082.000 
227137.000 2644132.000 628606.000 343986.000 
211399.000 2644132.000 653395.000 304108.000 
223830.000 2644132.000 665258.000 293348.000 
241783.000 2644132.000 683378.000 295114.000 
245775.000 2644132.000 654597.000 311157.000 
247322.000 2644132.000 649427.000 331188.000 
232826.000 2644132.000 657933.000 330690.000 
245166.000 2644132.000 655665.000 334043.000 
257197.000 2644132.000 648932.000 335175.000 
252425.000 2644132.000 629286.000 328835.000 
227457.000 2644132.000 631592.000 347071.000 
226307.000 2644132.000 619259.000 334628.000 
234844.000 2644132.000 639580.000 376891.000 
260763.000 2644132.000 633731.000 352079.000 
253387.000 2644132.000 616276.000 344277.000 
234129.000 2644132.000 608144.000 297606.000 
236354.000 2644132.000 625885.000 303134.000 
266002.000 2644132.000 659649.000 299772.000 
254001.000 2644132.000 665199.000 324058.000 
248135.000 2644132.000 646573.000 309442.000 
212570.000 2644132.000 670628.000 337396.000 
217015.000 2644132.000 702189.000 335650.000 
245172.000 2644132.000 722797.000 338794.000 
284017.000 2644132.000 726094.000 327009.000 
260122.000 2644132.000 687495.000 305807.000 
219768.000 2644132.000 685266.000 325568.000 
244947.000 2644132.000 678541.000 324503.000 
265662.000 2644132.000 663567.000 299743.000 
220948.000 2644132.000 683855.000 318933.000 
205709.000 2644132.000 661516.000 320861.000 
208517.000 2644132.000 665648.000 346264.000 
216852.000 2644132.000 685422.000 350274.000 
240830.000 2644132.000 727391.000 320937.000 
228342.000 2644132.000 761601.000 320644.000 
197105.000 2644132.000 782183.000 324790.000 
213734.000 2644132.000 771374.000 322948.000 
214374.000 2644132.000 781125.000 305821.000 
226022.000 2644132.000 811421.000 310237.000 
255317.000 2644132.000 821491.000 326838.000 
248866.000 2644132.000 804927.000 311360.000 
253478.000 2644132.000 793791.000 323398.000 
265345.000 2644132.000 768036.000 331388.000 
262798.000 2644132.000 768257.000 343258.000 
252820.000 2644132.000 768601.000 345160.000 
265922.000 2644132.000 747541.000 312929.000 
279935.000 2644132.000 738712.000 320042.000 
284271.000 2644132.000 755314.000 348359.000 
286572.000 2644132.000 731918.000 328565.000 
276721.000 2644132.000 728807.000 351128.000 
290175.000 2644132.000 735595.000 332665.000 
276746.000 2644132.000 741874.000 335925.000 
276746.000 2644132.000 726776.000 341081.000 
276746.000 2644132.000 729935.000 341761.000 
198322.000 2644132.000 739316.000 350590.000 
182512.000 2644132.000 746861.000 369753.000 
191914.000 2644132.000 744765.000 344129.000 
200409.000 2644132.000 751744.000 341757.000 
225785.000 2644132.000 732567.000 330579.000 
229974.000 2644132.000 728963.000 343542.000 
202342.000 2644132.000 716322.000 353328.000 
204327.000 2644132.000 693041.000 353495.000 
226081.000 2644132.000 674289.000 337439.000 
235115.000 2644132.000 691248.000 349066.000 
260029.000 2644132.000 683105.000 366107.000 
257392.000 2644132.000 673138.000 387317.000 
251921.000 2644132.000 657369.000 370597.000 
256770.000 2644132.000 666778.000 360728.000 
275862.000 2644132.000 684873.000 333587.000 
281282.000 2644132.000 729080.000 328507.000 
262404.000 2644132.000 722486.000 306205.000 
258003.000 2644132.000 722284.000 327511.000 
256385.000 2644132.000 724992.000 341535.000 
272917.000 2644132.000 741813.000 360528.000 
267011.000 2644132.000 743192.000 366968.000 
266552.000 2644132.000 718719.000 393726.000 
266794.000 2644132.000 690605.000 380100.000 
283526.000 2644132.000 687879.000 363268.000 
305874.000 2644132.000 688796.000 371886.000 
303005.000 2644132.000 694885.000 351006.000 
303005.000 2644132.000 697462.000 371192.000 
303005.000 2644132.000 717857.000 368489.000 
283194.000 2644132.000 734447.000 380766.000 
198271.000 2644132.000 727771.000 379136.000 
205974.000 2644132.000 753825.000 363884.000 
161970.000 2644132.000 753037.000 344968.000 
160559.000 2644132.000 745605.000 337693.000 
180443.000 2644132.000 777863.000 352257.000 
187914.000 2644132.000 780491.000 383872.000 
176492.000 423351.000 754820.000 369054.000 
197164.000 270335.000 745741.000 349348.000 
227846.000 364289.000 701052.000 306866.000 
216120.000 394466.000 690287.000 319560.000 
193671.000 412815.000 705389.000 343741.000 
169130.000 437989.000 685369.000 385844.000 
182079.000 468698.000 687060.000 429672.000 
221401.000 489314.000 697241.000 477409.000 
233480.000 519806.000 691865.000 497556.000 
201381.000 546904.000 693112.000 497556.000 
196838.000 604910.000 678732.000 497556.000 
212239.000 636374.000 673035.000 497556.000 
225091.000 640462.000 651494.000 497556.000 
229117.000 640281.000 662458.000 471361.000 
245667.000 635120.000 637831.000 310730.000 
214057.000 577817.000 636131.000 302469.000 
171948.000 568702.000 658081.000 300785.000 
196761.000 573019.000 666524.000 291057.000 
198388.000 591536.000 654272.000 305589.000 
187684.000 622611.000 676719.000 303266.000 
216280.000 646377.000 670544.000 295625.000 
202964.000 651492.000 668563.000 295032.000 
179227.000 645703.000 669348.000 294403.000 
217506.000 640807.000 661937.000 296155.000 
220479.000 640129.000 675083.000 312157.000 
194617.000 617569.000 684823.000 308476.000 
210802.000 606929.000 656889.000 290202.000 
205757.000 627830.000 669995.000 310790.000 
197537.000 633898.000 695373.000 309888.000 
208164.000 636489.000 693671.000 294410.000 
226867.000 629553.000 691002.000 310613.000 
219563.000 639517.000 692521.000 297855.000 
186971.000 647530.000 712309.000 306196.000 
186567.000 645468.000 714247.000 290820.000 
220390.000 647769.000 727027.000 301233.000 
225125.000 663241.000 729623.000 291377.000 
195254.000 672607.000 716439.000 292267.000 
212215.000 683299.000 722157.000 292315.000 
207286.000 687842.000 733911.000 293649.000 
205985.000 684693.000 718092.000 298287.000 
201489.000 693650.000 743713.000 291290.000 
191102.000 699767.000 752764.000 296658.000 
201070.000 695534.000 721326.000 301076.000 
192687.000 721578.000 743544.000 297563.000 
206826.000 733179.000 772478.000 294276.000 
230586.000 740054.000 771721.000 291247.000 
219390.000 766634.000 768631.000 293356.000 
206227.000 785424.000 743945.000 290457.000 
208875.000 804722.000 722617.000 314741.000 
208112.000 833514.000 723050.000 332568.000 
215533.000 837646.000 684127.000 312047.000 
209920.000 857490.000 647243.000 292860.000 
233859.000 870836.000 655956.000 293509.000 
239719.000 893117.000 662306.000 291669.000 
231187.000 887751.000 652357.000 295595.000 
237566.000 866052.000 640498.000 292321.000 
263870.000 825407.000 646964.000 301847.000 
252488.000 798653.000 689166.000 297972.000 
257165.000 815280.000 721068.000 292635.000 
254632.000 804380.000 715789.000 293139.000 
264550.000 764367.000 704589.000 290700.000 
259228.000 761913.000 712532.000 298986.000 
256379.000 768241.000 731356.000 294859.000 
268591.000 786583.000 763382.000 292711.000 
291683.000 799056.000 792750.000 300074.000 
294627.000 811543.000 758198.000 292511.000 
294627.000 814450.000 749365.000 290982.000 
294627.000 834401.000 756629.000 296071.000 
192688.000 846500.000 799188.000 294592.000 
196805.000 868797.000 816086.000 290561.000 
207692.000 877568.000 796626.000 292907.000 
238547.000 882808.000 782748.000 292848.000 
249415.000 886960.000 758853.000 290602.000 
239326.000 896116.000 752391.000 296159.000 
262437.000 894451.000 743276.000 320711.000 
280470.000 882482.000 710447.000 310027.000 
259027.000 850781.000 686234.000 293522.000 
239954.000 851315.000 707051.000 292383.000 
239135.000 830084.000 697881.000 315024.000 
247712.000 850080.000 718029.000 311853.000 
235135.000 873875.000 735613.000 294282.000 
234587.000 888564.000 763045.000 290122.000 
220931.000 920053.000 771975.000 291844.000 
223128.000 922965.000 778020.000 294225.000 
239494.000 950937.000 813299.000 292772.000 
239206.000 977285.000 815171.000 299196.000 
242086.000 1016784.000 836052.000 318352.000 
276166.000 1050265.000 820556.000 337271.000 
282762.000 1079379.000 794248.000 311366.000 
281978.000 1097755.000 747982.000 299566.000 
281978.000 1090547.000 749732.000 299695.000 
281978.000 1110200.000 724993.000 313912.000 
196619.000 1137702.000 737131.000 323136.000 
204460.000 1143224.000 713977.000 299619.000 
201754.000 1154329.000 713003.000 297617.000 
165026.000 1188231.000 707922.000 299567.000 
179925.000 1188751.000 731491.000 321750.000 
202728.000 1195489.000 741854.000 315946.000 
200584.000 1171477.000 761587.000 323925.000 
216837.000 1179897.000 777786.000 324290.000 
227782.000 1198651.000 757096.000 319057.000 
206208.000 1217821.000 774138.000 298925.000 
219128.000 1244976.000 801263.000 298715.000 
226637.000 1265053.000 811954.000 303711.000 
230763.000 1260422.000 819936.000 313280.000 
217925.000 1266614.000 826404.000 299243.000 
215509.000 1304287.000 805682.000 312961.000 
243527.000 1348152.000 806121.000 316067.000 
219706.000 1375809.000 801407.000 297860.000 
196985.000 1385773.000 782187.000 307763.000 
212091.000 1418716.000 741554.000 303664.000 
232338.000 1435415.000 770999.000 316652.000 
249467.000 1448577.000 774411.000 304978.000 
231717.000 1488774.000 769288.000 313076.000 
219779.000 1528612.000 772783.000 298639.000 
237058.000 1552769.000 768463.000 297362.000 
263005.000 1573772.000 789939.000 297116.000 
275646.000 1601600.000 794032.000 292695.000 
276415.000 1640273.000 819227.000 294358.000 
272475.000 1664209.000 789207.000 306718.000 
235493.000 1693965.000 766663.000 298121.000 
221809.000 1710343.000 755170.000 305970.000 
230265.000 1753488.000 741571.000 299427.000 
244605.000 1785617.000 754698.000 316366.000 
245249.000 1797567.000 752027.000 302164.000 
218050.000 1846737.000 736438.000 297129.000 
212586.000 1849652.000 734952.000 313373.000 
227121.000 1873807.000 733591.000 318363.000 
252762.000 1912795.000 761660.000 329608.000 
235941.000 1926457.000 755290.000 303994.000 
217181.000 1957764.000 743020.000 296632.000 
225702.000 1988420.000 754454.000 301325.000 
238924.000 2013612.000 776168.000 302419.000 
254208.000 2046909.000 806420.000 316569.000 
246881.000 2099177.000 816664.000 328987.000 
269840.000 2116191.000 818470.000 313350.000 
255827.000 2140139.000 790631.000 295401.000 
232235.000 2183386.000 774421.000 292674.000 
246204.000 2212360.000 775204.000 305043.000 
239079.000 2244859.000 766091.000 303061.000 
243523.000 2262100.000 738741.000 308536.000 
235209.000 2282223.000 727408.000 301323.000 
218559.000 2305667.000 727447.000 299975.000 
206460.000 2346749.000 765295.000 343078.000 
198545.000 2386558.000 779441.000 343793.000 
233434.000 2415938.000 814419.000 363856.000 
268495.000 2432814.000 804591.000 333634.000 
280403.000 2448268.000 788886.000 339142.000 
280403.000 2465449.000 778208.000 370254.000 
280403.000 2495101.000 758772.000 372558.000 
159995.000 2477541.000 724084.000 387691.000 
164966.000 2502666.000 726759.000 407792.000 
167429.000 2553189.000 718846.000 409130.000 
204355.000 2574770.000 723900.000 389517.000 
229422.000 2601006.000 744218.000 334784.000 
207730.000 2641393.000 754101.000 304295.000 
195260.000 2655292.000 777608.000 320186.000 
188902.000 2701435.000 787766.000 343557.000 
183764.000 2733319.000 818536.000 365551.000 
220571.000 2778799.000 813306.000 413047.000 
240767.000 2823783.000 791830.000 382627.000 
228099.000 2848171.000 777181.000 378438.000 
238956.000 2822724.000 759311.000 313489.000 
251726.000 2839161.000 760271.000 314353.000 
281082.000 2856404.000 759582.000 323509.000 
286112.000 2897056.000 799235.000 330946.000 
259548.000 2929571.000 784912.000 321880.000 
238358.000 2938247.000 793602.000 331292.000 
251044.000 2971765.000 802388.000 338753.000 
257816.000 2998260.000 812173.000 351190.000 
284598.000 3018659.000 816510.000 362629.000 
285887.000 3036891.000 828039.000 335860.000 
303882.000 3068135.000 835577.000 330580.000 
288445.000 3100326.000 823032.000 317453.000 
280018.000 3109662.000 811487.000 353684.000 
246332.000 3138425.000 806784.000 365989.000 
240508.000 3174035.000 790383.000 369151.000 
233207.000 3218731.000 758846.000 367842.000 
212131.000 3257527.000 774405.000 356488.000 
224801.000 3280753.000 784626.000 375040.000 
241106.000 3303931.000 760382.000 409640.000 
237293.000 3328319.000 745513.000 420868.000 
246805.000 3360390.000 742247.000 444125.000 
250404.000 3370719.000 759516.000 414161.000 
253210.000 3370719.000 790746.000 372728.000 
227723.000 3370719.000 797882.000 329763.000 
242311.000 3370719.000 811765.000 340283.000 
264967.000 3370719.000 822771.000 345091.000 
273785.000 3370719.000 830603.000 349346.000 
273785.000 3370719.000 822787.000 371278.000 
273785.000 3370719.000 832652.000 359038.000 
256521.000 3370719.000 812115.000 348855.000 
176179.000 3370719.000 801682.000 365290.000 
172382.000 3370719.000 806305.000 352192.000 
151762.000 3370719.000 778468.000 354620.000 
190639.000 3370719.000 758899.000 359936.000 
224309.000 3370719.000 771716.000 332318.000 
211166.000 3370719.000 793686.000 358494.000 
201989.000 3370719.000 783491.000 354642.000 
224815.000 3370719.000 812564.000 350742.000 
237062.000 3370719.000 816115.000 350042.000 
213019.000 3370719.000 829721.000 363039.000 
186136.000 3370719.000 806172.000 370600.000 
172916.000 3370719.000 807818.000 385254.000 
183692.000 3370719.000 799895.000 404617.000 
213733.000 3370719.000 799861.000 401152.000 
242641.000 3370719.000 817013.000 383040.000 
245552.000 3370719.000 810796.000 351113.000 
261790.000 3370719.000 801749.000 344597.000 
265618.000 3370719.000 788512.000 336980.000 
270727.000 3370719.000 823914.000 324619.000 
255662.000 3370719.000 839769.000 339196.000 
239255.000 3370719.000 825016.000 368137.000 
250654.000 3370719.000 835522.000 397718.000 
269697.000 3370719.000 826564.000 412463.000 
280248.000 3370719.000 804001.000 382535.000 
270353.000 3370719.000 834028.000 320632.000 
244810.000 3370719.000 853455.000 299425.000 
221509.000 3370719.000 853842.000 331041.000 
250909.000 3370719.000 823812.000 363232.000 
279778.000 3370719.000 835192.000 368371.000 
288739.000 3370719.000 826488.000 348155.000 
288739.000 3370719.000 828489.000 342718.000 
288739.000 3370719.000 848193.000 347965.000 
226408.000 3370719.000 807940.000 352350.000 
198412.000 3370719.000 758060.000 398003.000 
200802.000 3370719.000 742897.000 389483.000 
189339.000 3370719.000 727703.000 407449.000 
206567.000 3370719.000 691163.000 422068.000 
214338.000 3370719.000 683824.000 399820.000 
215093.000 3370719.000 681638.000 385887.000 
227304.000 3370719.000 706259.000 379238.000 
219589.000 3370719.000 718458.000 378683.000 
219286.000 3370719.000 752501.000 361304.000 
232301.000 3370719.000 776655.000 383711.000 
234385.000 3370719.000 788375.000 388520.000 
220073.000 3370719.000 803248.000 405949.000 
241250.000 3370719.000 826474.000 399653.000 
240182.000 3370719.000 849564.000 365744.000 
255907.000 3370719.000 873415.000 363963.000 
242046.000 3370719.000 867745.000 370268.000 
249066.000 3370719.000 869935.000 389645.000 
245170.000 3370719.000 854059.000 402870.000 
237779.000 3370719.000 851606.000 416651.000 
230756.000 3370719.000 857144.000 426088.000 
262868.000 3370719.000 819165.000 444346.000 
279956.000 3370719.000 791969.000 449897.000 
283167.000 3370719.000 783210.000 453362.000 
235567.000 3370719.000 791764.000 453362.000 
221087.000 3370719.000 786432.000 453362.000 
245543.000 3370719.000 787393.000 453362.000 
249971.000 3370719.000 793631.000 406667.000 
249723.000 3344004.000 802322.000 380026.000 
252447.000 3344004.000 809598.000 298010.000 
215233.000 3344004.000 782738.000 303919.000 
208089.000 3344004.000 764907.000 297626.000 
235627.000 3344004.000 762168.000 302124.000 
241839.000 3344004.000 747287.000 304315.000 
265807.000 3344004.000 762425.000 299727.000 
234707.000 3344004.000 732944.000 292528.000 
198619.000 3344004.000 714006.000 294018.000 
197561.000 3344004.000 715555.000 293360.000 
204914.000 3344004.000 737252.000 299296.000 
211368.000 3344004.000 730948.000 303528.000 
221050.000 3344004.000 741914.000 300691.000 
250176.000 3344004.000 732423.000 300916.000 
250862.000 3344004.000 732076.000 297670.000 
238846.000 3344004.000 753046.000 295069.000 
247650.000 3344004.000 772297.000 297465.000 
219303.000 3344004.000 787290.000 319653.000 
216961.000 3344004.000 748699.000 306022.000 
238387.000 3344004.000 759263.000 290633.000 
260850.000 3344004.000 766706.000 298023.000 
260819.000 3344004.000 784636.000 295464.000 
269472.000 3344004.000 791341.000 292365.000 
227181.000 3344004.000 758879.000 290427.000 
217658.000 3344004.000 756330.000 290879.000 
233368.000 3344004.000 766508.000 320148.000 
224940.000 3344004.000 796382.000 296191.000 
239765.000 3344004.000 799584.000 291885.000 
250177.000 3344004.000 786598.000 295098.000 
249106.000 3344004.000 769100.000 297706.000 
249106.000 3344004.000 771488.000 292254.000 
249106.000 3344004.000 783293.000 294379.000 
228235.000 3344004.000 776473.000 307488.000 
193570.000 3344004.000 787551.000 293074.000 
196981.000 3344004.000 770285.000 292621.000 
170112.000 3344004.000 757494.000 295457.000 
163125.000 3344004.000 743254.000 293596.000 
175123.000 3344004.000 765104.000 299915.000 
204385.000 3344004.000 767693.000 302336.000 
216383.000 3344004.000 790820.000 292293.000 
236646.000 3344004.000 814165.000 300234.000 
216688.000 3344004.000 797982.000 294801.000 
178501.000 3344004.000 820946.000 295277.000 
203415.000 3344004.000 823855.000 291836.000 
235354.000 3344004.000 838448.000 302342.000 
210731.000 3344004.000 837482.000 295589.000 
202958.000 3344004.000 830688.000 301696.000 
211447.000 3344004.000 782620.000 304004.000 
200111.000 3344004.000 785431.000 324398.000 
211539.000 3344004.000 765391.000 294595.000 
226970.000 3344004.000 761756.000 302828.000 
231019.000 3344004.000 762816.000 293331.000 
240858.000 3344004.000 758637.000 294477.000 
241986.000 3344004.000 755727.000 301088.000 
258652.000 3344004.000 783835.000 297366.000 
256290.000 3344004.000 810128.000 293659.000 
247894.000 3344004.000 827131.000 295435.000 
240490.000 3344004.000 833027.000 301141.000 
240872.000 2567381.000 840454.000 297664.000 
277880.000 2489369.000 850565.000 303234.000 
269902.000 2490292.000 837474.000 296069.000 
265630.000 2524209.000 854391.000 294959.000 
265630.000 2531869.000 833213.000 307119.000 
242893.000 2519401.000 803055.000 310595.000 
166707.000 2531162.000 788102.000 315536.000 
164569.000 2557875.000 787200.000 297343.000 
182915.000 2574673.000 794048.000 291670.000 
177772.000 2595313.000 806159.000 310532.000 
185474.000 2579519.000 810246.000 318245.000 
225452.000 2552633.000 805890.000 321956.000 
242172.000 2505546.000 819779.000 305615.000 
262214.000 2467535.000 828650.000 292537.000 
255750.000 2455989.000 857320.000 304047.000 
215228.000 2444559.000 857932.000 296140.000 
195660.000 2420624.000 837242.000 295309.000 
215679.000 2386622.000 817422.000 291482.000 
225850.000 2097831.000 835223.000 320841.000 
243854.000 2182195.000 865399.000 326455.000 
250953.000 2268962.000 884413.000 303255.000 
239349.000 2377720.000 882936.000 307927.000 
229820.000 2477061.000 857644.000 296954.000 
240667.000 2514769.000 844989.000 313887.000 
232796.000 2514769.000 852231.000 295574.000 
229771.000 2514769.000 837598.000 291691.000 
220470.000 2514769.000 842094.000 300870.000 
209732.000 2514769.000 815102.000 308951.000 
248528.000 2514769.000 811709.000 313257.000 
271048.000 2514769.000 847563.000 292994.000 
272416.000 2514769.000 836557.000 293981.000 
272416.000 2514769.000 826079.000 326057.000 
241153.000 2514769.000 830625.000 331423.000 
160810.000 2514769.000 851431.000 296512.000 
159108.000 2514769.000 881458.000 298638.000 
174333.000 2514769.000 876277.000 302595.000 
198222.000 2514769.000 889678.000 329338.000 
214047.000 2514769.000 867602.000 329667.000 
205469.000 2514769.000 847624.000 297759.000 
195690.000 2514769.000 874036.000 289930.000 
174298.000 2514769.000 907329.000 299137.000 
197555.000 2514769.000 904684.000 335606.000 
219053.000 2514769.000 887580.000 356232.000 
196664.000 2514769.000 865917.000 325664.000 
185823.000 2514769.000 845573.000 290949.000 
184226.000 2514769.000 866780.000 300419.000 
187665.000 2514769.000 851324.000 304142.000 
192785.000 2514769.000 884884.000 314169.000 
200229.000 2514769.000 880798.000 296673.000 
195988.000 2514769.000 870679.000 311472.000 
205836.000 2514769.000 863378.000 316068.000 
228505.000 2514769.000 878428.000 302477.000 
236824.000 2514769.000 893547.000 292947.000 
226829.000 2514769.000 878024.000 300097.000 
205268.000 2514769.000 869245.000 322868.000 
186670.000 2514769.000 863666.000 302664.000 
202776.000 2514769.000 859184.000 306712.000 
223108.000 2514769.000 859372.000 295978.000 
237018.000 2514769.000 852296.000 292782.000 
241730.000 2514769.000 854981.000 301201.000 
216368.000 2514769.000 822356.000 308661.000 
181709.000 2514769.000 839666.000 321871.000 
191932.000 2514769.000 863575.000 331083.000 
209375.000 2514769.000 884889.000 308592.000 
187747.000 2514769.000 908027.000 316422.000 
199301.000 2514769.000 896068.000 304662.000 
212860.000 2514769.000 895702.000 342324.000 
227754.000 2514769.000 881470.000 384986.000 
238761.000 2514769.000 864712.000 385253.000 
213795.000 2514769.000 857053.000 374404.000 
205750.000 2514769.000 854364.000 340042.000 
212141.000 2514769.000 850473.000 336119.000 
243598.000 2514769.000 819629.000 345170.000 
232783.000 2514769.000 823758.000 343728.000 
214235.000 2514769.000 839611.000 324455.000 
208624.000 2514769.000 849513.000 327360.000 
206703.000 2514769.000 880425.000 335795.000 
219140.000 2514769.000 910634.000 367380.000 
220924.000 2514769.000 907074.000 361452.000 
215373.000 2514769.000 919573.000 345003.000 
206860.000 2514769.000 919800.000 336710.000 
212417.000 2514769.000 898438.000 363836.000 
223578.000 2514769.000 892507.000 372926.000 
230296.000 2514769.000 865634.000 384938.000 
246761.000 2514769.000 847641.000 333646.000 
242814.000 2514769.000 840657.000 344184.000 
240588.000 2989726.000 840512.000 342789.000 
265732.000 2989726.000 863511.000 351153.000 
252789.000 2989726.000 846825.000 368842.000 
204585.000 2989726.000 842200.000 366088.000 
215979.000 2989726.000 859577.000 342850.000 
249861.000 2989726.000 876062.000 331135.000 
270870.000 2989726.000 900150.000 357346.000 
234644.000 2989726.000 900704.000 379099.000 
217284.000 2989726.000 884358.000 397058.000 
217280.000 2989726.000 890283.000 402395.000 
232066.000 2989726.000 884917.000 369157.000 
253304.000 2989726.000 908045.000 374206.000 
249935.000 2989726.000 918337.000 365705.000 
259527.000 2989726.000 914776.000 350746.000 
251260.000 2989726.000 889888.000 330500.000 
266777.000 2989726.000 874996.000 318864.000 
266777.000 2989726.000 889158.000 330335.000 
266777.000 2989726.000 885443.000 341836.000 
186159.000 2989726.000 871628.000 385582.000 
180663.000 2989726.000 868392.000 389686.000 
205446.000 2989726.000 855792.000 393979.000 
207539.000 2989726.000 867344.000 360370.000 
213390.000 2989726.000 879759.000 339672.000 
221405.000 2989726.000 927469.000 338020.000 
238828.000 2989726.000 934720.000 334104.000 
231851.000 2989726.000 938904.000 343054.000 
201012.000 2989726.000 961984.000 326073.000 
208283.000 2989726.000 979510.000 327889.000 
231668.000 2989726.000 985793.000 328532.000 
243315.000 2989726.000 994210.000 351417.000 
229520.000 2989726.000 1007890.000 374067.000 
243118.000 2989726.000 979526.000 378795.000 
251531.000 2989726.000 935138.000 386433.000 
260595.000 2989726.000 918834.000 386066.000 
281261.000 2989726.000 929438.000 401954.000 
286302.000 2989726.000 921730.000 381279.000 
299080.000 2989726.000 928648.000 399069.000 
299080.000 2989726.000 914518.000 350413.000 
240997.000 2989726.000 902442.000 373759.000 
171596.000 2076782.000 882430.000 360348.000 
162171.000 1686265.000 905912.000 358964.000 
179092.000 1772589.000 927086.000 338280.000 
173227.000 1875563.000 946962.000 346871.000 
179630.000 1977331.000 930750.000 372696.000 
215876.000 2066892.000 906601.000 369782.000 
242060.000 2066892.000 904629.000 363563.000 
210928.000 2066892.000 914724.000 347846.000 
186459.000 2066892.000 921611.000 350567.000 
187057.000 2066892.000 938276.000 376084.000 
185381.000 2066892.000 938359.000 373683.000 
187334.000 2066892.000 918256.000 367420.000 
214049.000 2066892.000 907682.000 375421.000 
244495.000 2066892.000 930301.000 362856.000 
267659.000 2066892.000 965139.000 353474.000 
261042.000 2066892.000 989980.000 365548.000 
240381.000 2066892.000 959641.000 331509.000 
232714.000 2066892.000 952982.000 343589.000 
235846.000 2066892.000 946911.000 330882.000 
239135.000 2066892.000 967391.000 345069.000 
247124.000 2066892.000 954530.000 349613.000 
241668.000 2066892.000 963091.000 369650.000 
262368.000 2066892.000 951513.000 368045.000 
246459.000 2066892.000 935656.000 371601.000 
193124.000 2066892.000 927068.000 384126.000 
189346.000 2066892.000 926915.000 399721.000 
200733.000 2066892.000 960096.000 398364.000 
186709.000 2066892.000 994630.000 401426.000 
209192.000 2066892.000 975478.000 417777.000 
236826.000 2066892.000 968003.000 425955.000 
222019.000 2066892.000 967592.000 416160.000 
201638.000 2066892.000 965897.000 396514.000 
208687.000 2066892.000 981435.000 379325.000 
218810.000 2066892.000 1006632.000 364145.000 
219660.000 2066892.000 994996.000 357282.000 
223875.000 2066892.000 1011661.000 393186.000 
227412.000 2066892.000 971465.000 404726.000 
247056.000 2066892.000 945370.000 411557.000 
237928.000 2066892.000 949533.000 398856.000 
240889.000 2066892.000 961627.000 375701.000 
241307.000 2066892.000 951554.000 383982.000 
260130.000 2066892.000 932736.000 372317.000 
262890.000 2066892.000 936833.000 394863.000 
247977.000 2066892.000 904255.000 362351.000 
250135.000 2066892.000 901484.000 370346.000 
250362.000 2066892.000 890228.000 370786.000 
226555.000 2066892.000 894243.000 371855.000 
226966.000 2066892.000 910649.000 370897.000 
230387.000 2066892.000 890153.000 363210.000 
215635.000 2066892.000 892445.000 374467.000 
217856.000 2066892.000 914433.000 404520.000 
255345.000 2066892.000 894435.000 416106.000 
257714.000 2066892.000 913473.000 409434.000 
221752.000 2066892.000 902014.000 402224.000 
223161.000 2066892.000 916774.000 395679.000 
270452.000 2066892.000 945133.000 393105.000 
295776.000 2066892.000 932987.000 391604.000 
303008.000 2258542.000 933810.000 368258.000 
303008.000 2258542.000 936080.000 355601.000 
303008.000 2258542.000 925012.000 359597.000 
190060.000 2258542.000 929423.000 364305.000 
180437.000 2258542.000 939181.000 405349.000 
187024.000 2258542.000 954304.000 426733.000 
191203.000 2258542.000 980759.000 438493.000 
183376.000 2258542.000 953195.000 440487.000 
184036.000 2258542.000 950910.000 440487.000 
180006.000 2258542.000 964430.000 440487.000 
172324.000 2258542.000 977989.000 440487.000 
169229.000 2258542.000 971813.000 399902.000 
190160.000 2258542.000 977443.000 314307.000 
189103.000 2258542.000 941401.000 312988.000 
197094.000 2258542.000 911960.000 305028.000 
213972.000 2258542.000 891140.000 295478.000 
204062.000 2258542.000 906058.000 293536.000 
210103.000 2258542.000 907241.000 296774.000 
227740.000 2258542.000 872339.000 292180.000 
241174.000 2258542.000 851641.000 298239.000 
243136.000 2258542.000 829242.000 314210.000 
260524.000 2258542.000 840595.000 295383.000 
235782.000 2258542.000 825703.000 292733.000 
210090.000 2258542.000 823467.000 294430.000 
207870.000 2258542.000 822891.000 292158.000 
219676.000 2258542.000 816892.000 314704.000 
230437.000 2258542.000 804856.000 297413.000 
220456.000 2258542.000 811969.000 299912.000 
225682.000 2258542.000 836507.000 293951.000 
235342.000 2258542.000 841457.000 308608.000 
247002.000 2258542.000 840254.000 294263.000 
237359.000 1280005.000 867814.000 290199.000 
247701.000 1368592.000 877162.000 296184.000 
253299.000 1448516.000 851384.000 308757.000 
269346.000 1456935.000 874510.000 295546.000 
223180.000 1474104.000 887511.000 299109.000 
195481.000 1489414.000 891358.000 300559.000 
201040.000 1502361.000 888302.000 298981.000 
202494.000 1519976.000 891434.000 292318.000 
220784.000 1513358.000 903851.000 295778.000 
249716.000 1493303.000 901199.000 299706.000 
269610.000 1512340.000 896680.000 304629.000 
240334.000 1528066.000 894585.000 297506.000 
194825.000 1529892.000 873123.000 293033.000 
218824.000 1523254.000 871727.000 294638.000 
250353.000 1502723.000 876573.000 296897.000 
261224.000 1537425.000 883712.000 291692.000 
232552.000 1595435.000 886251.000 292751.000 
241128.000 1641845.000 887392.000 300908.000 
272861.000 1673152.000 889770.000 291169.000 
274915.000 1689467.000 909772.000 290342.000 
245479.000 1705961.000 909395.000 305930.000 
225889.000 1683409.000 884441.000 317274.000 
217129.000 1693646.000 903931.000 302517.000 
219285.000 1703605.000 916206.000 293685.000 
240719.000 1702164.000 912081.000 297288.000 
258852.000 1704755.000 913451.000 294292.000 
261207.000 1715324.000 899340.000 291614.000 
245857.000 1729188.000 883961.000 292774.000 
237692.000 1719067.000 874454.000 296425.000 
252994.000 1717841.000 891226.000 291961.000 
266682.000 1743864.000 933158.000 293788.000 
235902.000 1768529.000 919851.000 293809.000 
238783.000 1795410.000 893090.000 300199.000 
263406.000 1812016.000 895377.000 291554.000 
270536.000 1808946.000 890423.000 295490.000 
267313.000 1840383.000 901709.000 303385.000 
267313.000 1845751.000 894784.000 318067.000 
267313.000 1878422.000 899388.000 305745.000 
244780.000 1899006.000 891316.000 293344.000 
176498.000 1920243.000 883026.000 297877.000 
164447.000 1946638.000 882807.000 293697.000 
175897.000 1978072.000 895245.000 298187.000 
207610.000 1995812.000 875949.000 293774.000 
217283.000 2006359.000 872108.000 291601.000 
181046.000 2026639.000 867254.000 297298.000 
201147.000 2024603.000 849945.000 297511.000 
238551.000 2028005.000 861384.000 297721.000 
229343.000 2075422.000 875596.000 299975.000 
225704.000 2085705.000 881380.000 304469.000 
223131.000 2105928.000 864853.000 315164.000 
189399.000 2119263.000 855565.000 306707.000 
195816.000 2131562.000 856234.000 299566.000 
214291.000 2126044.000 890160.000 305877.000 
233244.000 2131770.000 912706.000 299396.000 
245056.000 2153073.000 940939.000 293125.000 
232947.000 2177140.000 976523.000 309012.000 
231236.000 2203665.000 946576.000 296417.000 
235012.000 2205341.000 929956.000 318015.000 
261203.000 2203768.000 953350.000 314958.000 
286010.000 2194456.000 953386.000 334875.000 
278758.000 2172586.000 960325.000 312088.000 
278758.000 2161292.000 934394.000 298710.000 
278758.000 2177365.000 937386.000 293504.000 
240227.000 2199124.000 958169.000 320452.000 
189098.000 2192448.000 915919.000 306950.000 
199962.000 2159965.000 901903.000 304982.000 
206309.000 2152731.000 906640.000 293787.000 
196700.000 2168002.000 912829.000 315962.000 
185652.000 2196105.000 937730.000 332124.000 
156918.000 2188367.000 947363.000 311713.000 
171092.000 2202639.000 953847.000 296222.000 
180297.000 2219904.000 956877.000 303494.000 
182362.000 2225150.000 937706.000 293366.000 
198163.000 2223886.000 931723.000 293211.000 
197258.000 2220975.000 965381.000 309397.000 
208992.000 2240668.000 968253.000 341046.000 
199563.000 2261484.000 964839.000 352113.000 
208325.000 2263940.000 956146.000 329757.000 
226392.000 2237742.000 954439.000 297499.000 
215619.000 2233695.000 934153.000 309512.000 
214462.000 2240322.000 927370.000 314407.000 
204807.000 2233576.000 921666.000 341234.000 
222601.000 2234239.000 931787.000 366806.000 
223664.000 2267335.000 914288.000 364365.000 
206977.000 2308199.000 916711.000 354207.000 
212508.000 2274428.000 924723.000 302964.000 
208509.000 2254786.000 923592.000 302967.000 
203213.000 2274045.000 926992.000 318591.000 
221798.000 2294840.000 914386.000 353323.000 
246292.000 2306667.000 926119.000 325781.000 
235788.000 2303857.000 934615.000 311257.000 
235402.000 2266606.000 929445.000 319450.000 
232152.000 2267098.000 927883.000 326832.000 
234958.000 2236220.000 945010.000 336097.000 
231670.000 2241445.000 944546.000 315182.000 
253520.000 2263969.000 947433.000 311047.000 
263730.000 2252820.000 950927.000 315228.000 
263707.000 2277301.000 945626.000 341733.000 
259994.000 2275589.000 917581.000 332789.000 
231273.000 2248688.000 899424.000 300073.000 
206845.000 2257099.000 895818.000 290960.000 
203200.000 2274584.000 894463.000 302315.000 
217866.000 2292829.000 894940.000 333572.000 
239492.000 2297602.000 901127.000 301241.000 
263624.000 2305564.000 903570.000 305622.000 
241088.000 2319271.000 909861.000 297808.000 
212823.000 2274739.000 913438.000 336866.000 
220303.000 2247602.000 931989.000 369019.000 
201675.000 2257842.000 954361.000 361582.000 
188673.000 2272871.000 963486.000 355521.000 
204639.000 2297146.000 988327.000 320810.000 
231760.000 2314008.000 1007954.000 315232.000 
224139.000 2315682.000 997853.000 299015.000 
210599.000 2316944.000 964024.000 317099.000 
227517.000 2323244.000 979693.000 331579.000 
246017.000 2333630.000 994676.000 335109.000 
263775.000 2327061.000 1016444.000 325693.000 
262410.000 2321206.000 1035714.000 302129.000 
261196.000 2298314.000 1051007.000 318756.000 
280680.000 2307263.000 1010598.000 333811.000 
279959.000 2295172.000 997976.000 339383.000 
262429.000 2308157.000 973225.000 339056.000 
233209.000 2344986.000 978305.000 325589.000 
232419.000 2351420.000 972255.000 331692.000 
248872.000 2351422.000 921713.000 337903.000 
279692.000 2338630.000 918634.000 327355.000 
271064.000 2340578.000 904327.000 319558.000 
241681.000 2360033.000 897194.000 313190.000 
252331.000 2364095.000 936938.000 325343.000 
262246.000 2363549.000 941727.000 344855.000 
298048.000 2386054.000 938779.000 359957.000 
317342.000 2394374.000 955474.000 356425.000 
317342.000 2367137.000 962954.000 343754.000 
317342.000 2340969.000 965928.000 355833.000 
317342.000 2327635.000 1000068.000 345387.000 
221186.000 2333022.000 1001024.000 362350.000 
217658.000 2338364.000 994834.000 390194.000 
212827.000 2352316.000 976073.000 386186.000 
229539.000 2332678.000 944991.000 365199.000 
234765.000 2333312.000 950105.000 346666.000 
242851.000 2309237.000 966084.000 353242.000 
227063.000 2333842.000 975602.000 338291.000 
197441.000 2346490.000 990202.000 348622.000 
221642.000 2322866.000 1008392.000 354272.000 
235366.000 2294640.000 1005386.000 369001.000 
227694.000 2256719.000 1009999.000 364956.000 
233754.000 2273342.000 1043937.000 380915.000 
217574.000 2302758.000 1051528.000 372245.000 
229734.000 2314480.000 1069657.000 351698.000 
257128.000 2320633.000 1092911.000 348742.000 
266516.000 2320221.000 1093018.000 319895.000 
263993.000 2325923.000 1082458.000 337541.000 
296121.000 2331590.000 1057836.000 340778.000 
312772.000 2332464.000 1069337.000 336730.000 
316260.000 2318711.000 1056803.000 344074.000 
316260.000 2308575.000 1044726.000 350188.000 
316260.000 2316638.000 1017198.000 384181.000 
197476.000 2325959.000 1011173.000 374963.000 
169544.000 2356421.000 1029042.000 363890.000 
189613.000 2372620.000 1032664.000 365246.000 
213045.000 2392736.000 1018825.000 365741.000 
208004.000 2411385.000 997309.000 361722.000 
208275.000 2422141.000 991618.000 385268.000 
185863.000 2434521.000 947483.000 382525.000 
184077.000 2453371.000 960892.000 415982.000 
207088.000 2443910.000 959470.000 431510.000 
235953.000 2434563.000 973613.000 394741.000 
241592.000 2454573.000 1001690.000 401229.000 
223491.000 2481136.000 985777.000 389377.000 
194425.000 2497439.000 961297.000 394851.000 
182114.000 2514779.000 966640.000 423426.000 
197512.000 2526268.000 990351.000 412240.000 
215144.000 2499121.000 997615.000 389147.000 
220980.000 2515427.000 1043159.000 395802.000 
211347.000 2535698.000 1061404.000 417007.000 
187909.000 2532284.000 1016287.000 407733.000 
195511.000 2540164.000 995488.000 442335.000 
211925.000 2578051.000 990592.000 444381.000 
201136.000 2605800.000 996669.000 390159.000 
196091.000 2637472.000 1003637.000 388433.000 
205673.000 2664341.000 1020405.000 371064.000 
228449.000 2681807.000 1014008.000 382015.000 
249059.000 2693316.000 1026717.000 399713.000 
248194.000 2701907.000 992031.000 435063.000 
247377.000 2735844.000 990010.000 439292.000 
238073.000 2740966.000 1018705.000 424582.000 
249279.000 2744259.000 1016664.000 405326.000 
249446.000 2769105.000 999561.000 357492.000 
219195.000 2781587.000 997554.000 353251.000 
201768.000 2805550.000 962324.000 370105.000 
211079.000 2840507.000 962276.000 366370.000 
246341.000 2889523.000 976130.000 376655.000 
247758.000 2922559.000 972589.000 364389.000 
204225.000 2949635.000 944092.000 368112.000 
204940.000 2985579.000 930606.000 388546.000 
212754.000 3007195.000 941827.000 389880.000 
243960.000 3063729.000 958724.000 402362.000 
247402.000 3087673.000 944067.000 378607.000 
232095.000 3122966.000 956698.000 356783.000 
186219.000 3149505.000 979346.000 363293.000 
184883.000 3159616.000 972530.000 365296.000 
191382.000 3190230.000 962678.000 388986.000 
191048.000 3210370.000 979836.000 404382.000 
205061.000 3245078.000 1022957.000 418432.000 
220451.000 3266388.000 1045524.000 423789.000 
247866.000 3297866.000 1034131.000 432432.000 
248966.000 3313896.000 1022457.000 408246.000 
205572.000 3311871.000 1022146.000 375493.000 
204566.000 3346143.000 1021465.000 381152.000 
216700.000 3391778.000 1033192.000 397959.000 
233108.000 3407944.000 1027251.000 411119.000 
230678.000 3399609.000 1027200.000 427623.000 
210544.000 3413678.000 986264.000 422423.000 
224265.000 3412956.000 993396.000 420381.000 
251763.000 3435668.000 996463.000 446833.000 
227295.000 3480943.000 996447.000 446325.000 
211964.000 3513691.000 997724.000 446325.000 
225470.000 3523132.000 1000992.000 446325.000 
237638.000 3523132.000 977203.000 446325.000 
256301.000 3523132.000 974052.000 446325.000 
250862.000 3523132.000 983938.000 446325.000 
241988.000 3523132.000 973572.000 318019.000 
235407.000 3523132.000 943736.000 297802.000 
240941.000 3523132.000 936839.000 291339.000 
230466.000 3523132.000 921806.000 297308.000 
278050.000 3523132.000 912254.000 316116.000 
306520.000 3523132.000 912520.000 307661.000 
306520.000 3523132.000 912578.000 291352.000 
306520.000 3523132.000 876781.000 292569.000 
306520.000 3523132.000 856215.000 294561.000 
192377.000 3523132.000 862200.000 294128.000 
188650.000 3523132.000 841622.000 294587.000 
203294.000 3523132.000 833927.000 319805.000 
197278.000 3523132.000 838435.000 299999.000 
200712.000 3523132.000 838677.000 299077.000 
206538.000 3523132.000 850783.000 294758.000 
206509.000 3523132.000 853581.000 289431.000 
207708.000 3523132.000 878069.000 296594.000 
201301.000 3523132.000 908992.000 318995.000 
190373.000 3523132.000 915128.000 296741.000 
207165.000 3523132.000 936144.000 303070.000 
220224.000 3523132.000 971539.000 293993.000 
200522.000 3523132.000 988640.000 291450.000 
204104.000 3523132.000 999321.000 296087.000 
231093.000 3523132.000 1029622.000 293075.000 
243957.000 3523132.000 1037378.000 310357.000 
254398.000 3523132.000 1029465.000 304746.000 
244428.000 3523132.000 1013455.000 334625.000 
215408.000 3523132.000 982453.000 323458.000 
205983.000 3523132.000 991081.000 295334.000 
229696.000 3523132.000 984883.000 296245.000 
256513.000 3523132.000 993123.000 299817.000 
259957.000 3523132.000 993004.000 297873.000 
240053.000 3523132.000 994273.000 299704.000 
237953.000 3523132.000 937853.000 301110.000 
244302.000 3523132.000 943840.000 294599.000 
263736.000 3523132.000 959036.000 292359.000 
278308.000 3523132.000 960325.000 289850.000 
279767.000 3523132.000 973857.000 291712.000 
279767.000 3523132.000 978426.000 301635.000 
279767.000 3523132.000 997521.000 293061.000 
229814.000 3523132.000 1003060.000 309290.000 
203068.000 3523132.000 996150.000 298969.000 
207031.000 3523132.000 976878.000 313419.000 
232085.000 3523132.000 991392.000 291319.000 
250649.000 3523132.000 978098.000 293945.000 
252862.000 3523132.000 949428.000 300623.000 
228160.000 3523132.000 940289.000 312995.000 
203215.000 3523132.000 920435.000 298040.000 
214447.000 3523132.000 893545.000 315094.000 
210262.000 3523132.000 858650.000 294935.000 
226829.000 3523132.000 873435.000 302194.000 
251341.000 3523132.000 871976.000 297474.000 
237637.000 3523132.000 865563.000 306336.000 
232178.000 3523132.000 864100.000 295568.000 
262625.000 3523132.000 886303.000 299995.000 
273816.000 3523132.000 897336.000 297464.000 
273500.000 3523132.000 912659.000 304705.000 
273500.000 3523132.000 894766.000 294126.000 
197949.000 3523132.000 921654.000 303430.000 
139196.000 3523132.000 947530.000 292202.000 
150693.000 3523132.000 965336.000 302567.000 
182048.000 3523132.000 1006424.000 314080.000 
204518.000 3523132.000 1050032.000 293923.000 
174378.000 3523132.000 1072553.000 291268.000 
154604.000 3523132.000 1092376.000 296351.000 
173922.000 3523132.000 1078520.000 310462.000 
158713.000 3523132.000 1079601.000 293634.000 
155491.000 3523132.000 1094536.000 292956.000 
165548.000 3523132.000 1106121.000 306699.000 
176345.000 3523132.000 1085236.000 305432.000 
164827.000 3523132.000 1084708.000 300098.000 
175324.000 3523132.000 1067268.000 306652.000 
184912.000 3523132.000 1026456.000 297701.000 
162038.000 3523132.000 1014747.000 292240.000 
156055.000 3523132.000 1000186.000 303634.000 
187450.000 3523132.000 997229.000 340893.000 
215372.000 3523132.000 1009409.000 320097.000 
211625.000 3523132.000 1001270.000 294093.000 
216517.000 3523132.000 992883.000 293548.000 
198751.000 3523132.000 965061.000 300337.000 
188240.000 3523132.000 923292.000 299401.000 
180104.000 3523132.000 917571.000 297704.000 
213551.000 3523132.000 917895.000 334240.000 
234138.000 3523132.000 922411.000 310180.000 
182933.000 3523132.000 933968.000 295107.000 
179851.000 3523132.000 919264.000 296882.000 
186928.000 3523132.000 892473.000 323389.000 
186145.000 3523132.000 908322.000 350963.000 
186531.000 3523132.000 917617.000 310618.000 
178493.000 3523132.000 949572.000 293841.000 
182599.000 3523132.000 968989.000 291176.000 
202237.000 3523132.000 981903.000 297836.000 
180579.000 3523132.000 991889.000 314158.000 
193503.000 3523132.000 988520.000 310642.000 
232648.000 3523132.000 990092.000 322994.000 
224460.000 3523132.000 1009100.000 300944.000 
211859.000 3523132.000 1049236.000 315917.000 
214645.000 3523132.000 1046307.000 302760.000 
220418.000 3523132.000 1057800.000 316111.000 
207867.000 3523132.000 1078579.000 311831.000 
220080.000 3523132.000 1057424.000 309854.000 
197863.000 3523132.000 1034014.000 293059.000 
151241.000 3523132.000 1031886.000 313049.000 
173237.000 3523132.000 1042046.000 312265.000 
205529.000 3523132.000 1060707.000 316687.000 
225087.000 3523132.000 1052635.000 299790.000 
228194.000 3523132.000 1040244.000 301275.000 
230045.000 3523132.000 1045295.000 320262.000 
214844.000 3523132.000 1033243.000 315305.000 
202171.000 3523132.000 1024955.000 319082.000 
214203.000 3523132.000 1014027.000 305255.000 
212562.000 3523132.000 1020512.000 320191.000 
201236.000 3523132.000 1017711.000 326957.000 
213170.000 3523132.000 1015950.000 339516.000 
219158.000 3523132.000 1008895.000 343047.000 
226873.000 3523132.000 1009301.000 352185.000 
231845.000 3523132.000 992402.000 348704.000 
234836.000 3523132.000 969606.000 325047.000 
197986.000 3523132.000 980337.000 304415.000 
207820.000 3523132.000 975189.000 299971.000 
226590.000 3523132.000 1005312.000 318118.000 
232494.000 3523132.000 1002852.000 338852.000 
227024.000 3523132.000 1016495.000 326472.000 
221124.000 3523132.000 1022224.000 320855.000 
231720.000 3523132.000 1026350.000 310285.000 
235705.000 3523132.000 1042836.000 317527.000 
248754.000 3523132.000 1046312.000 337687.000 
280145.000 3523132.000 1071841.000 324739.000 
290887.000 3523132.000 1083467.000 307642.000 
290887.000 3523132.000 1081787.000 311027.000 
290887.000 3523132.000 1080795.000 324904.000 
262150.000 3523132.000 1068450.000 341836.000 
225935.000 3523132.000 1087777.000 332072.000 
241492.000 3523132.000 1094288.000 308116.000 
244028.000 3523132.000 1093315.000 312524.000 
215029.000 2848664.000 1072314.000 300021.000 
175058.000 2810808.000 1035415.000 295227.000 
194012.000 2838384.000 1001979.000 323312.000 
228304.000 2857424.000 1003738.000 346914.000 
217664.000 2890186.000 1001558.000 370664.000 
219554.000 2941516.000 998207.000 408221.000 
240458.000 2941516.000 979385.000 359603.000 
249005.000 2941516.000 964487.000 365746.000 
228960.000 2941516.000 921061.000 382325.000 
224268.000 2941516.000 907713.000 375006.000 
242346.000 2941516.000 918011.000 399079.000 
261342.000 2941516.000 945151.000 402458.000 
263077.000 2941516.000 953385.000 380954.000 
264411.000 2941516.000 945013.000 361555.000 
270280.000 2941516.000 959148.000 327436.000 
268188.000 2941516.000 947665.000 318771.000 
272399.000 2941516.000 962197.000 322136.000 
279022.000 2941516.000 977547.000 330204.000 
265142.000 2941516.000 984951.000 320962.000 
243738.000 2941516.000 1012560.000 324109.000 
259280.000 2941516.000 1017692.000 344487.000 
260471.000 2941516.000 983134.000 349417.000 
252033.000 2941516.000 994020.000 355408.000 
238801.000 2941516.000 1025246.000 327805.000 
238657.000 2941516.000 1022228.000 334370.000 
230823.000 2941516.000 1041645.000 358803.000 
240467.000 2941516.000 1061496.000 368314.000 
254013.000 1442508.000 1060756.000 370278.000 
277875.000 1335312.000 1070651.000 364543.000 
280161.000 1326445.000 1096848.000 338401.000 
278023.000 1311988.000 1089582.000 345337.000 
278023.000 1290371.000 1077489.000 338084.000 
278023.000 1272015.000 1101721.000 337924.000 
199958.000 1268738.000 1130439.000 339535.000 
172391.000 1250411.000 1108387.000 343748.000 
190098.000 1248245.000 1136211.000 355676.000 
214220.000 1268168.000 1143426.000 336383.000 
212316.000 1240405.000 1141858.000 351396.000 
226690.000 1209604.000 1143282.000 373909.000 
224930.000 1230432.000 1124140.000 383620.000 
213725.000 1269303.000 1123838.000 411477.000 
207746.000 1312841.000 1094925.000 393688.000 
205945.000 1358767.000 1125152.000 373415.000 
214059.000 1380794.000 1136669.000 338834.000 
221335.000 1402985.000 1148051.000 338165.000 
211853.000 1438803.000 1135518.000 354849.000 
211735.000 1435049.000 1096357.000 379556.000 
245211.000 1430898.000 1071344.000 411153.000 
267957.000 1408184.000 1047619.000 436947.000 
297900.000 1432677.000 1059116.000 435890.000 
281322.000 1456182.000 1072079.000 416115.000 
253367.000 1492280.000 1068018.000 372412.000 
251465.000 1537514.000 1057483.000 341373.000 
259880.000 1548856.000 1044810.000 321692.000 
282731.000 1557777.000 995065.000 343629.000 
265774.000 1580596.000 993310.000 346715.000 
265774.000 1573626.000 996112.000 365257.000 
265774.000 1600458.000 1006348.000 376563.000 
268030.000 1602486.000 1019097.000 368218.000 
241252.000 1592856.000 1033600.000 370365.000 
221712.000 1577247.000 1015494.000 371164.000 
222293.000 1574603.000 990775.000 382815.000 
188394.000 1587342.000 1005630.000 383627.000 
190134.000 1609344.000 995473.000 392589.000 
208516.000 1642281.000 1024130.000 392034.000 
214832.000 1642039.000 1038646.000 395545.000 
205483.000 1626220.000 1024733.000 403489.000 
198291.000 1605070.000 1020962.000 388002.000 
203265.000 1580889.000 1024525.000 382129.000 
212717.000 1570569.000 1022386.000 390896.000 
218914.000 1581524.000 1013203.000 423852.000 
215626.000 1572831.000 1035705.000 415166.000 
218707.000 1592514.000 1064120.000 414078.000 
215784.000 1609036.000 1081806.000 385472.000 
219452.000 1633250.000 1081109.000 359615.000 
223592.000 1630144.000 1080625.000 368697.000 
226472.000 1651797.000 1071606.000 369706.000 
226946.000 1654035.000 1084138.000 365693.000 
220817.000 1667466.000 1095233.000 375501.000 
209888.000 1685539.000 1099071.000 387026.000 
199343.000 1695937.000 1069552.000 385277.000 
231022.000 1675965.000 1091176.000 414705.000 
246908.000 1687606.000 1087182.000 409321.000 
248535.000 1672483.000 1083277.000 414049.000 
244751.000 1685442.000 1081319.000 411492.000 
256077.000 1707897.000 1073506.000 382216.000 
220460.000 1738215.000 1082730.000 402122.000 
201993.000 1764117.000 1080922.000 388516.000 
193928.000 1776438.000 1050864.000 390515.000 
226284.000 1768809.000 1056092.000 388118.000 
232574.000 1727479.000 1079079.000 372576.000 
206956.000 1711088.000 1100262.000 391007.000 
186391.000 1717551.000 1108117.000 400340.000 
203093.000 1712845.000 1114782.000 423905.000 
236467.000 1719595.000 1144562.000 417114.000 
256744.000 1721635.000 1150729.000 386045.000 
231189.000 1749448.000 1151764.000 350905.000 
199917.000 1761922.000 1160588.000 332308.000 
195930.000 1778971.000 1176667.000 338847.000 
203400.000 1778416.000 1187353.000 358740.000 
227247.000 1778675.000 1220440.000 396488.000 
222699.000 1786959.000 1204050.000 419273.000 
198684.000 1770184.000 1180708.000 448434.000 
194313.000 1774117.000 1186540.000 466593.000 
194769.000 1772039.000 1168476.000 466593.000 
204549.000 1763851.000 1155139.000 466593.000 
213303.000 1761209.000 1134385.000 466593.000 
201713.000 1763458.000 1116056.000 466593.000 
204215.000 1772438.000 1100517.000 407383.000 
209832.000 1764337.000 1082246.000 293169.000 
186075.000 1752161.000 1065884.000 295095.000 
208227.000 1716389.000 1056454.000 306434.000 
235072.000 1699199.000 1068370.000 297706.000 
214309.000 1638449.000 1075797.000 295404.000 
212932.000 1622499.000 1062005.000 291828.000 
213688.000 1652774.000 1042570.000 304635.000 
215672.000 1680705.000 1032242.000 295183.000 
227434.000 1689952.000 1023472.000 293178.000 
245380.000 1681143.000 1004499.000 298401.000 
228050.000 1686602.000 979810.000 301684.000 
224176.000 1687170.000 960534.000 295030.000 
214999.000 1698204.000 944990.000 291507.000 
215929.000 1681183.000 920520.000 299496.000 
233354.000 1693943.000 907228.000 299560.000 
245246.000 1712431.000 899650.000 295126.000 
257544.000 1712919.000 886118.000 294513.000 
249828.000 1723723.000 891922.000 293261.000 
258501.000 1720019.000 893430.000 310033.000 
271584.000 1722139.000 906817.000 298876.000 
302638.000 1711887.000 936816.000 291065.000 
302638.000 1703601.000 936977.000 291649.000 
302638.000 1729366.000 950024.000 318029.000 
302638.000 1736447.000 980862.000 311701.000 
165251.000 1717712.000 971562.000 296917.000 
185333.000 1711375.000 952250.000 292005.000 
201233.000 1717334.000 960365.000 291631.000 
205081.000 1723828.000 962304.000 291303.000 
217965.000 1681406.000 974800.000 299643.000 
214927.000 1664375.000 981519.000 303268.000 
214228.000 1679921.000 956827.000 301379.000 
223435.000 1653460.000 956738.000 294892.000 
243446.000 1644108.000 964283.000 292261.000 
236927.000 1645357.000 956591.000 292931.000 
237181.000 1664482.000 980967.000 297771.000 
230786.000 1700323.000 1001491.000 297836.000 
199082.000 1749709.000 983898.000 298885.000 
198583.000 1784986.000 971703.000 296555.000 
217607.000 1817297.000 956947.000 304946.000 
230723.000 1847169.000 972738.000 292230.000 
241816.000 1860844.000 967786.000 294896.000 
241381.000 1864994.000 957165.000 294426.000 
232632.000 1834337.000 948563.000 293249.000 
236286.000 1856785.000 948428.000 292211.000 
236610.000 1867441.000 963493.000 298433.000 
230319.000 1873071.000 973559.000 295689.000 
254610.000 1886105.000 993492.000 293462.000 
262871.000 1899315.000 1016171.000 314647.000 
264550.000 1925948.000 1020490.000 303979.000 
264550.000 1950116.000 1031035.000 292015.000 
264550.000 1955906.000 1038147.000 292913.000 
160777.000 2000183.000 1015500.000 298316.000 
167298.000 2000900.000 1036460.000 293823.000 
195028.000 2004905.000 1053370.000 309987.000 
208522.000 2016057.000 1055144.000 345817.000 
216592.000 1951985.000 1023644.000 325959.000 
202697.000 1933485.000 1031565.000 301182.000 
184031.000 1943095.000 1014799.000 300373.000 
207529.000 1929753.000 1012732.000 303443.000 
222483.000 1915150.000 1036810.000 298487.000 
205119.000 1903850.000 1018326.000 290766.000 
217847.000 1912160.000 1040515.000 326409.000 
235378.000 1910807.000 1042858.000 321488.000 
246656.000 1905301.000 1038143.000 309439.000 
235518.000 1921683.000 1023115.000 293900.000 
240746.000 1915965.000 1040224.000 308377.000 
261163.000 1929280.000 1027551.000 313082.000 
280617.000 1904177.000 1031415.000 293166.000 
281016.000 1908583.000 1036712.000 291330.000 
285190.000 1901956.000 1003291.000 301497.000 
265827.000 1890908.000 993900.000 301582.000 
220643.000 1919205.000 989735.000 291916.000 
204912.000 1924920.000 975923.000 295916.000 
228870.000 1922913.000 970414.000 312297.000 
253099.000 1929212.000 998297.000 293377.000 
263960.000 1932537.000 1023708.000 295710.000 
258099.000 1926511.000 1024856.000 299908.000 
253328.000 1930755.000 1054365.000 316709.000 
232943.000 1949693.000 1051506.000 361046.000 
256605.000 1978428.000 1054463.000 346909.000 
271630.000 1991066.000 1061733.000 348910.000 
233362.000 2019738.000 1071326.000 298167.000 
201602.000 2041952.000 1070883.000 292096.000 
219726.000 2065135.000 1081031.000 300374.000 
247535.000 2069760.000 1106743.000 294496.000 
262151.000 2071337.000 1063335.000 296962.000 
266828.000 2101265.000 1055962.000 292229.000 
218573.000 2124472.000 1077856.000 296352.000 
194841.000 2171735.000 1058291.000 295043.000 
194405.000 2210899.000 1065324.000 316909.000 
200219.000 2208217.000 1080114.000 297425.000 
208595.000 2242019.000 1093373.000 293321.000 
217993.000 2254201.000 1123393.000 303568.000 
219914.000 2274499.000 1135223.000 320598.000 
234807.000 2305536.000 1136456.000 336356.000 
252931.000 2337704.000 1110337.000 322725.000 
256248.000 2352846.000 1112440.000 293937.000 
262322.000 2365099.000 1114201.000 295118.000 
266046.000 2393929.000 1097282.000 300537.000 
249533.000 2426138.000 1101111.000 304415.000 
236649.000 2465295.000 1102923.000 304141.000 
255725.000 2499762.000 1115791.000 310375.000 
260051.000 2514712.000 1078733.000 333238.000 
230636.000 2553991.000 1040509.000 320318.000 
220346.000 2564997.000 1049613.000 296854.000 
214885.000 2601794.000 1051874.000 296310.000 
220765.000 2600857.000 1081668.000 303100.000 
241459.000 2609801.000 1085352.000 325730.000 
230440.000 2625463.000 1104535.000 316766.000 
250191.000 2642573.000 1124038.000 306511.000 
247256.000 2681764.000 1141470.000 295667.000 
235415.000 2727835.000 1165196.000 303388.000 
246617.000 2774808.000 1138903.000 323350.000 
267073.000 2808609.000 1129703.000 307271.000 
276082.000 2831677.000 1144337.000 294609.000 
276082.000 2845928.000 1151984.000 307311.000 
276082.000 2837565.000 1132696.000 316059.000 
276082.000 2864233.000 1115093.000 327791.000 
250282.000 2873652.000 1089295.000 326637.000 
192950.000 2911660.000 1070241.000 347869.000 
202980.000 2916442.000 1057355.000 355687.000 
213469.000 2924822.000 1012607.000 333410.000 
213878.000 2932201.000 1029076.000 315490.000 
216156.000 2971555.000 1068017.000 338267.000 
229045.000 3001145.000 1077919.000 325206.000 
229618.000 3026726.000 1069820.000 313702.000 
246029.000 3043970.000 1065038.000 313943.000 
220342.000 3071644.000 1066658.000 325584.000 
186535.000 3127404.000 1067023.000 346034.000 
190077.000 3166164.000 1100299.000 364202.000 
216915.000 3184121.000 1078841.000 348997.000 
237430.000 3201313.000 1089663.000 350234.000 
249761.000 3213510.000 1107583.000 336592.000 
252709.000 3239766.000 1115608.000 339543.000 
275270.000 3255326.000 1099414.000 326049.000 
277348.000 3272338.000 1127470.000 307530.000 
277202.000 3307944.000 1127380.000 309368.000 
277202.000 3353493.000 1121687.000 302155.000 
258307.000 3359164.000 1138280.000 307672.000 
195602.000 3380032.000 1168558.000 294314.000 
201935.000 3421796.000 1159303.000 295161.000 
201388.000 3458292.000 1170263.000 310403.000 
205749.000 3475792.000 1162097.000 341241.000 
215426.000 3475792.000 1147326.000 344049.000 
184609.000 3475792.000 1117453.000 352993.000 
190081.000 3475792.000 1109787.000 334275.000 
182921.000 3475792.000 1080373.000 339870.000 
171911.000 3475792.000 1080287.000 344046.000 
208004.000 3475792.000 1105457.000 328698.000 
204830.000 3475792.000 1103579.000 325583.000 
193070.000 3475792.000 1090456.000 341720.000 
217613.000 3475792.000 1073165.000 335964.000 
216537.000 3475792.000 1071592.000 352084.000 
200806.000 3475792.000 1086928.000 358346.000 
209987.000 3475792.000 1080791.000 358460.000 
245170.000 3475792.000 1106880.000 379328.000 
276456.000 3475792.000 1126207.000 404543.000 
289122.000 3475792.000 1122345.000 389270.000 
243012.000 3475792.000 1110707.000 405059.000 
232785.000 3475792.000 1090839.000 373677.000 
223002.000 3475792.000 1077660.000 370459.000 
212352.000 3475792.000 1067107.000 376430.000 
182122.000 3475792.000 1059107.000 365277.000 
193993.000 3475792.000 1069762.000 402676.000 
224231.000 3475792.000 1067977.000 418755.000 
223059.000 3475792.000 1054820.000 401020.000 
197552.000 3475792.000 1011537.000 373246.000 
208999.000 3475792.000 1018564.000 333528.000 
223276.000 3475792.000 1045703.000 323993.000 
225350.000 3475792.000 1067511.000 332142.000 
221370.000 3475792.000 1083112.000 339850.000 
199757.000 3475792.000 1104530.000 327334.000 
180870.000 3475792.000 1121009.000 335197.000 
210483.000 3475792.000 1127789.000 340132.000 
222242.000 3475792.000 1145732.000 361232.000 
217647.000 3475792.000 1118853.000 382319.000 
237689.000 3475792.000 1131617.000 404040.000 
249255.000 3475792.000 1145612.000 377124.000 
242115.000 3475792.000 1164264.000 354746.000 
222970.000 3475792.000 1160171.000 344919.000 
205018.000 3475792.000 1145621.000 348722.000 
214480.000 3475792.000 1140687.000 360213.000 
232616.000 3475792.000 1107485.000 372923.000 
240107.000 3475792.000 1107875.000 389618.000 
239477.000 3475792.000 1092487.000 395333.000 
237768.000 3475792.000 1072720.000 400822.000 
216016.000 3475792.000 1084432.000 387646.000 
213969.000 3475792.000 1076748.000 400254.000 
208759.000 3475792.000 1086953.000 392101.000 
197021.000 3475792.000 1074099.000 407895.000 
211692.000 3475792.000 1057236.000 408146.000 
233673.000 3475792.000 1068191.000 422060.000 
229133.000 3475792.000 1064846.000 412764.000 
201381.000 3475792.000 1032757.000 432357.000 
227875.000 3475792.000 1028030.000 463297.000 
273086.000 3475792.000 1023861.000 473731.000 
322440.000 3475792.000 1006034.000 467303.000 
319568.000 3475792.000 1007730.000 467303.000 
319568.000 3475792.000 995825.000 467303.000 
319568.000 3475792.000 986362.000 467303.000 
164185.000 3475792.000 1015347.000 447265.000 
173456.000 3475792.000 1024219.000 371164.000 
189578.000 3475792.000 1009307.000 315250.000 
162761.000 3475792.000 1005535.000 325056.000 
163682.000 3475792.000 1019918.000 307583.000 
154678.000 3475792.000 1001717.000 290770.000 
151136.000 3475792.000 1005383.000 292165.000 
166753.000 3475792.000 1030904.000 294995.000 
168937.000 3475792.000 1027987.000 302961.000 
177162.000 3475792.000 1048573.000 292970.000 
221355.000 3475792.000 1091821.000 294986.000 
244356.000 3475792.000 1035895.000 307000.000 
196250.000 3392544.000 1023751.000 310206.000 
195748.000 3392544.000 1024606.000 294669.000 
212702.000 3392544.000 1006856.000 298152.000 
208090.000 3392544.000 1010903.000 294688.000 
202768.000 3392544.000 1010529.000 298260.000 
220002.000 3392544.000 978967.000 293363.000 
233639.000 3392544.000 1000370.000 318301.000 
217503.000 3392544.000 994943.000 293386.000 
218950.000 3392544.000 952042.000 295829.000 
226431.000 3392544.000 970456.000 291243.000 
205026.000 3392544.000 990980.000 298301.000 
205198.000 3392544.000 1001545.000 304122.000 
214718.000 3392544.000 1024847.000 291772.000 
251063.000 3392544.000 1064554.000 292503.000 
253506.000 3392544.000 1060944.000 311939.000 
238890.000 3392544.000 1045378.000 302701.000 
237036.000 3392544.000 1015938.000 292578.000 
251278.000 3392544.000 990898.000 300329.000 
246877.000 3392544.000 993981.000 311738.000 
243226.000 3392544.000 978272.000 293933.000 
222462.000 3392544.000 982223.000 293275.000 
208711.000 3392544.000 1001957.000 296330.000 
217308.000 3392544.000 991495.000 290458.000 
229121.000 3392544.000 961347.000 296356.000 
216017.000 3392544.000 954698.000 293421.000 
215942.000 3392544.000 953508.000 290989.000 
233200.000 3392544.000 951739.000 297043.000 
222985.000 3392544.000 982682.000 291556.000 
238964.000 3392544.000 983479.000 294953.000 
267771.000 3392544.000 980922.000 299545.000 
278450.000 3392544.000 973693.000 302991.000 
278450.000 3392544.000 966315.000 293165.000 
239517.000 3392544.000 952063.000 304906.000 
161438.000 3392544.000 964426.000 296241.000 
169915.000 3392544.000 990549.000 296051.000 
171166.000 3392544.000 1015049.000 297359.000 
189117.000 3392544.000 1013072.000 331392.000 
192170.000 3392544.000 974900.000 296792.000 
184205.000 3392544.000 982461.000 291049.000 
180846.000 3392544.000 995682.000 302228.000 
187599.000 3392544.000 979325.000 294401.000 
201493.000 3392544.000 981463.000 291902.000 
220029.000 3392544.000 1002653.000 292635.000 
213257.000 3392544.000 1020131.000 315285.000 
231002.000 3392544.000 989613.000 294744.000 
239421.000 3392544.000 996966.000 292271.000 
197092.000 3392544.000 1004322.000 296705.000 
203970.000 3392544.000 1019606.000 336683.000 
223959.000 3392544.000 1039880.000 318387.000 
214662.000 3392544.000 1017402.000 295998.000 
223521.000 3392544.000 1042724.000 293094.000 
222445.000 3392544.000 1048347.000 305015.000 
212829.000 3392544.000 1035365.000 319565.000 
219464.000 3392544.000 1038746.000 297374.000 
234398.000 3392544.000 1050228.000 308519.000 
230827.000 2760278.000 1061738.000 327231.000 
211921.000 2412460.000 1040613.000 292466.000 
217582.000 2408278.000 1043440.000 293043.000 
257181.000 2374199.000 1031721.000 293685.000 
273734.000 2360888.000 1036044.000 325485.000 
279485.000 2344611.000 1036902.000 307058.000 
239292.000 2305005.000 1054386.000 294467.000 
209471.000 2318758.000 1087930.000 301987.000 
237560.000 2339126.000 1119432.000 306721.000 
242422.000 2367046.000 1090634.000 292319.000 
235428.000 2389247.000 1080341.000 290585.000 
256836.000 2405221.000 1075497.000 297183.000 
278143.000 2426371.000 1074327.000 306519.000 
266636.000 2435700.000 1063302.000 292160.000 
249654.000 2444082.000 1037643.000 291948.000 
251230.000 2446543.000 1022744.000 308906.000 
243737.000 2423875.000 1010774.000 310202.000 
223818.000 2418765.000 1008412.000 336180.000 
203013.000 2413659.000 981101.000 346373.000 
220381.000 2421916.000 990988.000 346265.000 
244295.000 2322165.000 997895.000 331428.000 
250757.000 2374264.000 1035354.000 301462.000 
238655.000 2473244.000 1039974.000 294122.000 
231516.000 2571550.000 1057669.000 296315.000 
219664.000 2444243.000 1075162.000 299975.000 
240522.000 2444849.000 1101648.000 295251.000 
276345.000 2481482.000 1135804.000 292294.000 
269991.000 2498394.000 1148213.000 294177.000 
218679.000 2527241.000 1130361.000 300608.000 
211097.000 2570833.000 1122322.000 294005.000 
237673.000 2588683.000 1170726.000 292779.000 
232245.000 2622035.000 1160874.000 295693.000 
262728.000 2649834.000 1148951.000 293825.000 
255827.000 2650873.000 1144774.000 293328.000 
258994.000 2640515.000 1155275.000 304234.000 
247288.000 2671943.000 1132903.000 319175.000 
268099.000 2653303.000 1120546.000 296305.000 
269710.000 2651892.000 1083675.000 296149.000 
252683.000 2646502.000 1076911.000 291320.000 
228510.000 2635365.000 1092989.000 320799.000 
224611.000 2637564.000 1076731.000 355686.000 
232987.000 2668179.000 1063555.000 351557.000 
242082.000 2669935.000 1088429.000 338921.000 
269318.000 2675991.000 1105986.000 314189.000 
269738.000 2689570.000 1117054.000 304007.000 
274868.000 2687825.000 1135194.000 297861.000 
252755.000 2711613.000 1151294.000 307016.000 
239083.000 2713511.000 1155741.000 302063.000 
266113.000 2712315.000 1180757.000 314657.000 
286635.000 2732060.000 1212114.000 297268.000 
287681.000 2756019.000 1212560.000 315829.000 
287681.000 2764179.000 1224719.000 323388.000 
260471.000 2772764.000 1200427.000 313226.000 
166159.000 2806562.000 1199379.000 325515.000 
179617.000 2798349.000 1173095.000 308230.000 
196534.000 2836266.000 1192660.000 340350.000 
224063.000 2836038.000 1196808.000 303342.000 
236757.000 2820374.000 1188536.000 296799.000 
209866.000 2819307.000 1182536.000 291917.000 
215678.000 2810902.000 1203855.000 312353.000 
235057.000 2830713.000 1186634.000 327651.000 
219999.000 2845634.000 1184057.000 309714.000 
201373.000 2839955.000 1194879.000 318897.000 
237737.000 2824409.000 1192357.000 328151.000 
256987.000 2838170.000 1219055.000 328937.000 
252459.000 2851924.000 1222152.000 313653.000 
263425.000 2870892.000 1234348.000 291896.000 
265827.000 2872989.000 1204242.000 299865.000 
270709.000 2877738.000 1202099.000 306096.000 
270709.000 2893465.000 1186600.000 308141.000 
270709.000 2877907.000 1209903.000 309087.000 
231507.000 2909450.000 1236217.000 306897.000 
169666.000 2927754.000 1246203.000 319491.000 
191643.000 2908176.000 1236488.000 322678.000 
221507.000 2889485.000 1219073.000 346441.000 
229985.000 2890693.000 1242686.000 361030.000 
218858.000 2911765.000 1235823.000 356086.000 
231192.000 2914844.000 1217935.000 341636.000 
244579.000 2893252.000 1220980.000 324716.000 
187268.000 2908471.000 1202628.000 317920.000 
160671.000 2910586.000 1198879.000 347778.000 
168327.000 2937187.000 1177068.000 369067.000 
179228.000 2934117.000 1148246.000 372182.000 
168834.000 2954179.000 1152268.000 378224.000 
176585.000 2916428.000 1143725.000 338960.000 
193608.000 2916661.000 1160396.000 358660.000 
221088.000 2939681.000 1172485.000 368736.000 
198891.000 2948529.000 1196053.000 336217.000 
172542.000 2981431.000 1194890.000 359349.000 
172134.000 3008587.000 1208824.000 348199.000 
190582.000 3011397.000 1226818.000 366046.000 
214643.000 3002808.000 1248540.000 372262.000 
217377.000 3000540.000 1237683.000 355045.000 
230126.000 3011788.000 1240744.000 356586.000 
246900.000 3017555.000 1274910.000 356725.000 
251479.000 2988003.000 1245252.000 343992.000 
258925.000 2970099.000 1217437.000 365132.000 
267126.000 2994240.000 1184740.000 365110.000 
261935.000 3021980.000 1156899.000 353228.000 
234752.000 3044927.000 1139085.000 301574.000 
218548.000 3053555.000 1147569.000 300221.000 
232397.000 3036462.000 1129113.000 301342.000 
251162.000 3014556.000 1117696.000 325645.000 
243793.000 3032834.000 1135811.000 339914.000 
201067.000 3065376.000 1148409.000 355234.000 
227169.000 3076771.000 1145093.000 362801.000 
238080.000 3072321.000 1137118.000 346055.000 
230112.000 3062194.000 1165671.000 342137.000 
230158.000 3048978.000 1186762.000 339452.000 
229056.000 3048968.000 1219293.000 359315.000 
224246.000 3029416.000 1221231.000 372936.000 
228532.000 3010943.000 1223374.000 387107.000 
236490.000 3024057.000 1215203.000 394977.000 
224494.000 3037446.000 1224617.000 361308.000 
235914.000 3046912.000 1215854.000 333650.000 
261885.000 3036837.000 1216406.000 298701.000 
272176.000 3006252.000 1221780.000 315084.000 
238710.000 2986251.000 1230092.000 346248.000 
223505.000 2950056.000 1213066.000 376968.000 
246637.000 2943836.000 1212467.000 414104.000 
249352.000 2916315.000 1201950.000 411317.000 
229260.000 2929381.000 1167061.000 398064.000 
246830.000 2918479.000 1159754.000 400781.000 
256036.000 2905816.000 1174321.000 363017.000 
264075.000 2926607.000 1185985.000 346244.000 
258300.000 2941553.000 1207762.000 323900.000 
210050.000 2936001.000 1203837.000 343553.000 
214087.000 2923619.000 1199451.000 372115.000 
241292.000 2916445.000 1197682.000 394996.000 
258204.000 2933853.000 1189398.000 398421.000 
265690.000 2932684.000 1195200.000 375309.000 
245012.000 2969443.000 1181782.000 349466.000 
242805.000 2994884.000 1197272.000 348148.000 
252496.000 2985573.000 1203670.000 378025.000 
267065.000 2974470.000 1176538.000 399101.000 
286790.000 2982038.000 1173248.000 406847.000 
298049.000 2974157.000 1133675.000 389336.000 
278650.000 2991650.000 1136103.000 353305.000 
278650.000 3017744.000 1162888.000 368538.000 
278650.000 3007721.000 1169843.000 387888.000 
234465.000 3009836.000 1158722.000 382696.000 
190918.000 3008075.000 1183485.000 398328.000 
200130.000 2968016.000 1179091.000 400744.000 
192263.000 2972149.000 1199510.000 395117.000 
195352.000 3003472.000 1180147.000 390829.000 
198810.000 3032359.000 1201974.000 387957.000 
210716.000 3049709.000 1224895.000 391298.000 
240048.000 3063600.000 1224348.000 388494.000 
247920.000 3086341.000 1232658.000 393575.000 
231247.000 3113521.000 1231611.000 387503.000 
208281.000 3126154.000 1210309.000 381962.000 
217677.000 3143222.000 1172660.000 377967.000 
260956.000 3149288.000 1185397.000 378821.000 
306074.000 3146427.000 1189928.000 352700.000 
304457.000 3169881.000 1194159.000 358358.000 
304457.000 3199026.000 1180795.000 361077.000 
229124.000 3220603.000 1174179.000 356374.000 
171929.000 3246126.000 1161936.000 361596.000 
191451.000 3252833.000 1172523.000 369846.000 
221870.000 3240837.000 1151051.000 368688.000 
189631.000 3268870.000 1159125.000 367886.000 
165754.000 3263964.000 1162217.000 385128.000 
196288.000 3260226.000 1175073.000 383271.000 
214308.000 3244333.000 1176863.000 377084.000 
