0 0 0 0
10 10 0 0
51 51 0 0
93 93 0 10
135 135 0 10
177 176 10 26
219 218 10 30
260 260 10 42
302 302 10 70
344 344 30 79
386 386 30 121
428 427 30 156
470 469 34 198
511 511 70 240
553 553 70 281
595 595 70 323
637 637 87 365
679 678 129 407
721 720 150 449
762 762 150 491
804 804 167 532
846 846 209 574
888 888 251 616
930 929 293 658
962 971 310 700
1000 1013 348 740
1036 1055 390 764
1053 1090 432 786
1077 1132 474 807
1106 1174 516 845
1148 1210 558 865
1188 1241 599 865
1219 1272 641 865
1252 1313 683 865
1291 1349 725 866
1312 1391 767 867
1354 1433 809 867
1396 1475 850 871
1437 1517 892 871
1479 1559 934 871
1521 1600 976 879
1561 1642 1018 879
1603 1684 1060 879
1645 1726 1101 894
1687 1768 1143 895
1724 1810 1185 895
1762 1851 1227 914
1804 1893 1246 927
1843 1935 1288 927
1885 1977 1316 951
1927 2019 1316 991
1969 2060 1316 991
2007 2095 1316 1020
2047 2137 1316 1062
2088 2179 1350 1089
2130 2221 1370 1118
2170 2258 1378 1151
2210 2290 1378 1188
2251 2332 1378 1220
2293 2374 1388 1251
2334 2416 1430 1289
2376 2458 1440 1321
2407 2499 1440 1349
2449 2541 1440 1380
2491 2583 1471 1411
2533 2625 1513 1450
2574 2667 1555 1484
2599 2707 1564 1515
2631 2738 1575 1547
2669 2778 1616 1579
2696 2819 1658 1614
2729 2854 1700 1650
2761 2895 1720 1684
2794 2929 1744 1714
2819 2967 1769 1751
2853 3000 1794 1787
2881 3042 1820 1821
2914 3069 1847 1856
2949 3091 1874 1887
2987 3122 1903 1916
3022 3152 1938 1946
3051 3190 1977 1979
3079 3229 2009 2016
3115 3270 2038 2052
3151 3306 2068 2075
3186 3338 2099 2110
3220 3379 2123 2145
3251 3421 2153 2173
3279 3451 2185 2208
3302 3491 2210 2235
3339 3523 2240 2272
3360 3561 2280 2306
3375 3601 2311 2337
3400 3635 2350 2374
3434 3674 2377 2407
3464 3716 2406 2448
3505 3758 2437 2470
3544 3799 2473 2503
3583 3837 2506 2530
3613 3878 2536 2555
3643 3917 2564 2591
3674 3958 2593 2632
3713 3991 2618 2666
3744 4030 2645 2699
3770 4069 2673 2729
3797 4107 2706 2770
3833 4149 2733 2807
3861 4189 2763 2834
3898 4231 2795 2873
3929 4273 2823 2901
3960 4315 2861 2935
3993 4356 2888 2964
4021 4398 2912 3001
4049 4440 2944 3024
4076 4482 2975 3049
4100 4524 3017 3084
4131 4566 3059 3122
4161 4607 3090 3149
4175 4649 3120 3178
4202 4691 3151 3214
4239 4733 3178 3249
4266 4775 3207 3271
4297 4817 3245 3305
4325 4858 3278 3332
4357 4900 3301 3367
4393 4942 3329 3407
4429 4984 3363 3446
4463 5026 3395 3486
4497 5068 3422 3513
4537 5109 3452 3547
4576 5151 3484 3570
4615 5193 3510 3594
4646 5235 3540 3615
4680 5277 3574 3640
4712 5319 3609 3675
4744 5360 3639 3696
4782 5402 3664 3696
4824 5444 3690 3728
4862 5486 3721 3753
4895 5528 3751 3756
4929 5570 3786 3784
4964 5611 3824 3815
4994 5653 3853 3818
5027 5695 3885 3842
5066 5737 3924 3876
5103 5779 3965 3881
5139 5821 3997 3906
5181 5862 4032 3938
5213 5904 4065 3945
5250 5946 4100 3968
5287 5988 4134 4001
5313 6020 4173 4009
5303 6021 4207 4030
5300 6020 4249 4045
5297 6020 4283 4067
5291 6021 4309 4069
5286 6021 4332 4087
5279 6021 4361 4099
5275 6021 4398 4092
5274 6020 4408 4105
5272 6020 4443 4087
5267 6021 4479 4072
5264 6021 4504 4052
5258 6021 4497 4031
5258 6021 4532 4016
5254 6020 4572 3995
5252 6020 4594 3975
5251 6021 4594 3958
5243 6021 4607 3939
5232 6021 4629 3918
5222 6021 4634 3904
5212 5984 4622 3885
5203 5942 4620 3863
5191 5901 4615 3851
5196 5859 4625 3831
5191 5817 4618 3813
5186 5775 4612 3816
5194 5740 4600 3817
5199 5726 4600 3818
5212 5723 4593 3807
5206 5723 4591 3811
5203 5716 4588 3833
5208 5718 4574 3860
5206 5712 4559 3884
5205 5707 4553 3905
5221 5691 4551 3926
5219 5678 4547 3957
5213 5666 4541 3974
5202 5659 4537 4000
5185 5656 4526 4029
5171 5641 4520 4042
5157 5628 4513 4070
5127 5621 4506 4095
5112 5619 4505 4105
5101 5584 4504 4129
5098 5542 4504 4157
5101 5501 4498 4165
5092 5459 4516 4178
5087 5417 4507 4202
5080 5375 4509 4209
5068 5351 4544 4195
5064 5351 4573 4219
5066 5358 4608 4219
5059 5358 4642 4202
5051 5358 4635 4201
5050 5358 4641 4202
5047 5363 4662 4196
5034 5372 4694 4185
5027 5372 4723 4173
5015 5372 4747 4171
5009 5372 4742 4167
4999 5372 4758 4155
5006 5373 4789 4149
4998 5372 4820 4149
4991 5372 4828 4149
4983 5372 4817 4131
4980 5357 4803 4130
4989 5317 4827 4122
4998 5286 4848 4120
4990 5246 4835 4116
4986 5227 4822 4107
4981 5192 4812 4099
4979 5151 4831 4100
4963 5117 4842 4094
4969 5079 4855 4084
4969 5046 4864 4081
4978 5012 4872 4075
4977 5015 4882 4064
4974 5030 4890 4065
4969 5041 4889 4070
4960 5049 4885 4062
4964 5045 4872 4059
4964 5043 4873 4053
4958 5037 4879 4046
4953 5036 4887 4051
4948 5042 4893 4046
4953 5023 4903 4042
4954 5011 4912 4045
4963 5005 4910 4038
4970 4993 4917 4043
4967 4993 4929 4038
4983 4977 4920 4035
5001 4959 4922 4034
5004 4956 4916 4028
4996 4952 4922 4029
4989 4943 4924 4015
4981 4919 4931 4022
4979 4878 4927 4016
4972 4840 4926 4020
4979 4799 4937 4026
4977 4760 4933 4006
4974 4719 4934 3998
4973 4686 4944 3996
4984 4647 4948 3997
4992 4608 4951 3991
5000 4570 4947 3984
4995 4528 4942 3973
5001 4512 4940 3977
5005 4512 4938 3974
5010 4512 4940 3979
5009 4512 4935 3974
5007 4513 4950 3980
5018 4513 4968 3977
5026 4512 4966 3983
5029 4512 4976 3989
5034 4512 4962 3983
5029 4509 4944 3980
5032 4505 4943 3983
5050 4484 4943 3983
5063 4477 4948 3981
5047 4471 4948 3975
5046 4458 4949 3986
5052 4445 4942 3981
5045 4431 4945 3991
5040 4422 4959 3987
5038 4413 4965 3983
5038 4403 4956 3980
5033 4396 4952 3970
5035 4385 4961 3979
5034 4369 4956 3977
5036 4357 4958 3985
5030 4344 4956 3998
5040 4328 4961 4005
5046 4321 4957 4011
5053 4300 4959 4006
5053 4291 4960 4014
5042 4288 4963 4049
5037 4272 4964 4050
5031 4261 4966 4060
5034 4244 4966 4092
5042 4241 4964 4099
5043 4236 4958 4094
5041 4229 4961 4117
5036 4227 4954 4126
5023 4220 4939 4123
5019 4204 4928 4155
5018 4200 4929 4160
5012 4193 4927 4159
5014 4187 4927 4176
5008 4186 4924 4185
4996 4185 4923 4183
4992 4179 4908 4196
4995 4177 4897 4204
4989 4177 4892 4202
4981 4168 4895 4205
4970 4165 4886 4221
4963 4157 4888 4234
4964 4135 4886 4242
4964 4120 4878 4253
4954 4113 4880 4269
4938 4113 4878 4272
4929 4104 4872 4285
4927 4095 4875 4298
4925 4090 4872 4311
4918 4090 4865 4313
4912 4080 4852 4321
4900 4071 4842 4325
4890 4062 4823 4327
4885 4053 4825 4337
4883 4050 4838 4347
4881 4036 4848 4356
4878 4058 4848 4359
4875 4094 4836 4380
4879 4128 4827 4386
4869 4165 4831 4387
4863 4204 4832 4389
4859 4240 4834 4395
4867 4264 4837 4406
4855 4267 4823 4415
4823 4255 4816 4429
4826 4245 4806 4439
4821 4254 4800 4454
4821 4249 4806 4457
4823 4250 4813 4469
4819 4255 4806 4478
4815 4256 4798 4484
4813 4253 4791 4481
4804 4251 4788 4501
4805 4240 4779 4508
4812 4232 4777 4514
4816 4230 4777 4527
4822 4228 4777 4536
4842 4229 4777 4545
4854 4217 4772 4552
4865 4240 4768 4553
4865 4276 4753 4555
4857 4303 4752 4559
4855 4329 4740 4559
4856 4358 4731 4564
4854 4388 4739 4566
4847 4402 4744 4577
4839 4396 4745 4580
4832 4394 4743 4591
4837 4379 4743 4594
4843 4365 4744 4597
4832 4347 4749 4599
4829 4332 4750 4605
4838 4320 4741 4621
4834 4312 4744 4634
4833 4312 4740 4641
4830 4304 4735 4636
4831 4292 4739 4644
4820 4279 4736 4658
4815 4273 4732 4655
4815 4252 4725 4656
4814 4246 4732 4667
4808 4245 4740 4667
4802 4278 4744 4679
4791 4305 4741 4687
4794 4335 4744 4695
4800 4345 4741 4702
4810 4370 4750 4706
4809 4402 4742 4700
4824 4434 4741 4713
4828 4468 4737 4721
4828 4504 4732 4717
4818 4535 4729 4719
4814 4546 4721 4725
4806 4535 4719 4724
4805 4529 4721 4721
4805 4519 4712 4710
4789 4527 4726 4680
4803 4521 4734 4663
4815 4528 4732 4665
4821 4531 4724 4655
4820 4535 4713 4640
4820 4551 4716 4629
4828 4563 4716 4627
4825 4576 4722 4614
4836 4587 4719 4607
4834 4594 4711 4597
4829 4606 4712 4588
4829 4622 4710 4581
4838 4633 4711 4573
4845 4639 4720 4557
4858 4644 4731 4557
4854 4664 4728 4551
4845 4705 4726 4544
4841 4747 4731 4541
4833 4789 4728 4532
4838 4830 4744 4535
4840 4872 4751 4526
4835 4914 4755 4520
4829 4956 4757 4507
4824 4998 4759 4507
4822 5040 4760 4499
4826 5081 4770 4494
4828 5099 4779 4488
4815 5099 4790 4480
4817 5099 4791 4467
4817 5098 4791 4464
4818 5098 4788 4453
4812 5098 4776 4442
4804 5099 4783 4440
4815 5098 4775 4432
4817 5098 4778 4430
4820 5092 4789 4421
4819 5091 4784 4415
4823 5112 4795 4411
4819 5119 4800 4405
4831 5124 4814 4390
4840 5136 4815 4390
4835 5143 4820 4391
4843 5158 4814 4368
4852 5167 4810 4366
4860 5176 4817 4362
4853 5185 4820 4344
4854 5192 4821 4341
4850 5203 4820 4333
4840 5220 4825 4326
4826 5232 4823 4318
4822 5245 4832 4307
4815 5260 4834 4310
4804 5267 4836 4300
4791 5288 4833 4298
4797 5298 4838 4299
4803 5301 4843 4288
4804 5317 4849 4279
4804 5327 4852 4271
4801 5344 4859 4260
4789 5347 4861 4257
4791 5353 4868 4257
4796 5360 4872 4256
4803 5362 4880 4255
4809 5368 4885 4250
4812 5384 4886 4236
4812 5388 4884 4241
4805 5396 4884 4238
4806 5402 4881 4239
4808 5403 4878 4241
4815 5403 4873 4236
4819 5409 4881 4243
4805 5411 4881 4244
4784 5412 4874 4249
4777 5421 4865 4249
4788 5424 4877 4249
4795 5431 4894 4242
4791 5453 4907 4238
4795 5468 4912 4234
4801 5476 4909 4228
4819 5476 4906 4229
4817 5485 4900 4220
4811 5493 4895 4209
4813 5498 4909 4211
4813 5498 4923 4214
4810 5509 4933 4209
4820 5518 4932 4217
4829 5527 4937 4222
4838 5535 4935 4215
4850 5538 4922 4204
4850 5552 4923 4196
4854 5567 4925 4201
4860 5573 4933 4193
4857 5581 4933 4188
4868 5585 4933 4186
4865 5588 4927 4197
4863 5594 4919 4190
4870 5612 4907 4188
4871 5623 4908 4190
4882 5638 4909 4180
4869 5653 4908 4175
4877 5662 4903 4172
4873 5676 4903 4174
4877 5682 4898 4163
4867 5688 4892 4161
4867 5703 4899 4159
4864 5706 4900 4162
4868 5678 4909 4153
4865 5654 4919 4156
4858 5623 4924 4151
4856 5599 4917 4144
4853 5572 4913 4137
4857 5536 4916 4129
4851 5508 4918 4132
4839 5478 4913 4145
4831 5448 4914 4142
4829 5453 4914 4139
4828 5456 4923 4145
4825 5458 4935 4147
4818 5460 4933 4142
4823 5459 4928 4133
4825 5459 4936 4140
4826 5451 4936 4122
4820 5445 4941 4128
4809 5444 4950 4124
4806 5457 4946 4117
4803 5463 4957 4122
4801 5463 4976 4115
4800 5464 4977 4110
4791 5452 4974 4114
4793 5450 4971 4110
4792 5420 4978 4120
4804 5391 4988 4112
4803 5356 4989 4113
4793 5335 4988 4115
4785 5299 4979 4114
4788 5273 4973 4115
4793 5240 4976 4112
4784 5213 4983 4103
4782 5189 4991 4108
4792 5199 4991 4109
4788 5216 4978 4102
4795 5225 4986 4104
4794 5235 4979 4102
4787 5243 4975 4100
4791 5249 4968 4104
4803 5252 4963 4106
4806 5253 4969 4114
4820 5268 4964 4117
4813 5274 4954 4118
4816 5288 4963 4136
4834 5288 4955 4177
4819 5299 4947 4197
4806 5299 4942 4191
4799 5302 4945 4209
4802 5298 4949 4229
4790 5260 4942 4241
4777 5218 4929 4250
4772 5191 4924 4260
4760 5180 4929 4273
4760 5141 4932 4283
4752 5107 4931 4292
4755 5069 4929 4304
4747 5027 4924 4314
4738 4986 4915 4327
4739 4960 4903 4332
4742 4955 4895 4336
4748 4942 4897 4354
4751 4933 4893 4358
4748 4932 4885 4375
4750 4912 4880 4386
4754 4899 4877 4388
4757 4889 4871 4401
4747 4888 4874 4418
4751 4880 4876 4420
4746 4869 4877 4423
4739 4867 4882 4433
4735 4866 4880 4443
4733 4850 4879 4448
4719 4840 4875 4462
4723 4822 4866 4475
4720 4805 4854 4490
4719 4793 4857 4497
4723 4776 4854 4508
4708 4767 4857 4513
4711 4753 4860 4516
4714 4735 4859 4516
4711 4699 4868 4527
4699 4657 4859 4539
4688 4615 4847 4543
4685 4574 4841 4562
4673 4533 4848 4560
4656 4497 4843 4565
4660 4455 4839 4578
4652 4413 4836 4581
4640 4371 4827 4588
4653 4330 4825 4607
4659 4288 4828 4611
4662 4246 4828 4618
4666 4237 4826 4618
4678 4236 4826 4631
4675 4236 4825 4646
4668 4237 4824 4657
4673 4237 4834 4669
4684 4237 4832 4663
4687 4237 4828 4654
4687 4236 4828 4654
4675 4236 4828 4651
4676 4237 4818 4650
4678 4237 4822 4644
4685 4237 4828 4621
4674 4237 4827 4604
4675 4236 4826 4616
4669 4236 4828 4597
4663 4237 4829 4578
4668 4237 4839 4590
4675 4237 4848 4573
4676 4237 4843 4556
4683 4236 4852 4565
4684 4236 4861 4547
4680 4230 4858 4534
4686 4228 4864 4537
4701 4226 4883 4525
4716 4222 4888 4513
4732 4221 4892 4512
4729 4221 4888 4501
4725 4216 4882 4491
4731 4209 4877 4484
4724 4205 4876 4481
4716 4204 4878 4467
4707 4204 4889 4459
4715 4203 4897 4463
4725 4201 4898 4456
4723 4195 4892 4443
4716 4190 4887 4434
4725 4185 4874 4432
4722 4183 4882 4421
4713 4181 4895 4412
4712 4180 4890 4408
4705 4178 4901 4412
4714 4169 4898 4409
4717 4165 4892 4397
4717 4164 4894 4389
4726 4152 4900 4383
4716 4151 4897 4384
4725 4142 4899 4374
4738 4135 4901 4370
4731 4126 4915 4363
4753 4110 4922 4351
4767 4096 4931 4336
4777 4097 4939 4336
4774 4084 4954 4329
4771 4069 4958 4315
4771 4063 4960 4318
4779 4058 4970 4316
4777 4057 4971 4309
4776 4070 4980 4306
4779 4112 4974 4299
4779 4148 4956 4284
4794 4186 4954 4284
4792 4225 4958 4283
4802 4263 4967 4273
4801 4305 4960 4276
4790 4342 4953 4266
4788 4382 4952 4250
4795 4411 4949 4254
4795 4416 4949 4251
4800 4417 4947 4241
4801 4423 4941 4241
4811 4425 4929 4238
4810 4431 4924 4234
4805 4438 4926 4228
4806 4445 4927 4233
4803 4466 4919 4222
4799 4480 4919 4219
4801 4484 4931 4227
4804 4493 4923 4215
4803 4506 4917 4205
4806 4513 4916 4205
4822 4525 4920 4187
4824 4535 4922 4195
4829 4576 4913 4183
4829 4612 4901 4180
4838 4654 4910 4180
4849 4693 4908 4175
4860 4733 4903 4168
4853 4762 4905 4158
4844 4796 4891 4155
4856 4838 4891 4155
4849 4874 4891 4140
4832 4874 4906 4133
4829 4873 4909 4134
4828 4874 4904 4128
4823 4874 4906 4122
4833 4874 4910 4119
4835 4873 4923 4114
4832 4873 4933 4104
4831 4873 4931 4095
4831 4874 4932 4087
4831 4874 4939 4080
4837 4874 4938 4082
4838 4873 4940 4073
4840 4873 4935 4064
4843 4873 4936 4068
4845 4874 4936 4063
4845 4878 4933 4056
4854 4920 4937 4050
4854 4961 4942 4041
4865 4993 4939 4050
4873 5007 4943 4036
4874 5049 4942 4037
4880 5091 4951 4035
4872 5133 4943 4028
4880 5174 4945 4022
4889 5216 4945 4025
4878 5246 4944 4024
4877 5255 4949 4026
4871 5269 4946 4024
4865 5278 4944 4019
4868 5278 4948 4008
4873 5299 4947 4015
4868 5312 4953 4017
4865 5322 4953 4007
4869 5323 4946 4002
4867 5331 4943 4005
4880 5341 4947 4010
4882 5344 4943 4005
4884 5345 4945 4003
4888 5361 4939 4000
4898 5371 4945 3996
4902 5390 4954 3991
4898 5406 4955 3984
4902 5418 4950 3983
4899 5435 4945 3978
4903 5445 4933 3977
4895 5459 4932 3981
4897 5486 4936 3991
4900 5527 4944 3986
4907 5569 4949 3980
4914 5611 4948 3982
4915 5653 4943 3982
4929 5695 4939 3983
4950 5737 4941 3983
4956 5778 4945 3976
4968 5820 4945 3977
4958 5862 4943 3969
4946 5904 4948 3957
4941 5946 4950 3958
4930 5988 4950 3945
4926 5996 4961 3949
4926 5997 4969 3938
4934 5994 4971 3921
4942 5994 4968 3903
4934 5981 4956 3900
4928 5975 4953 3918
4922 5964 4949 3927
4922 5954 4951 3933
4934 5945 4947 3939
4939 5931 4958 3942
4927 5916 4943 3939
4924 5909 4939 3963
4930 5905 4936 3991
4923 5903 4935 3984
4924 5900 4934 4002
4920 5884 4937 4028
4907 5876 4923 4026
4900 5872 4910 4041
4902 5864 4914 4063
4889 5852 4910 4059
4883 5850 4905 4070
4878 5855 4904 4085
4868 5851 4904 4096
4856 5840 4891 4108
4858 5828 4884 4126
4850 5816 4883 4132
4852 5807 4883 4134
4852 5802 4881 4148
4851 5796 4886 4156
4856 5796 4889 4164
4858 5784 4886 4168
4858 5779 4874 4169
4861 5766 4876 4171
4845 5762 4887 4176
4849 5735 4888 4186
4852 5698 4876 4196
4853 5661 4886 4209
4844 5621 4880 4222
4841 5581 4866 4222
4839 5541 4860 4233
4823 5501 4861 4242
4800 5484 4866 4242
4796 5480 4876 4264
4794 5465 4877 4267
4791 5463 4873 4267
4805 5456 4878 4285
4797 5457 4885 4293
4789 5454 4881 4304
4790 5449 4871 4306
4783 5450 4870 4323
4772 5456 4865 4339
4769 5447 4861 4341
4767 5451 4849 4343
4778 5455 4843 4358
4783 5438 4851 4359
4786 5434 4848 4353
4788 5415 4835 4369
4783 5404 4829 4377
4781 5396 4824 4383
4782 5390 4835 4398
4769 5385 4835 4405
4767 5383 4836 4415
4765 5383 4825 4429
4760 5369 4823 4423
4766 5361 4823 4426
4769 5352 4818 4436
4764 5349 4831 4439
4765 5340 4836 4456
4766 5338 4824 4474
4766 5342 4820 4469
4749 5350 4831 4474
4753 5355 4839 4488
4753 5355 4827 4497
4732 5358 4822 4506
4726 5358 4822 4512
4736 5358 4819 4531
4733 5359 4822 4520
4734 5350 4829 4526
4730 5322 4834 4529
4728 5299 4841 4536
4723 5272 4848 4542
4716 5237 4848 4539
4709 5207 4857 4547
4703 5185 4860 4557
4694 5164 4858 4561
4687 5158 4857 4561
4686 5147 4864 4569
4689 5135 4868 4576
4692 5117 4872 4582
4691 5079 4863 4588
4695 5045 4847 4600
4706 5009 4836 4602
4703 4976 4835 4603
4704 4948 4838 4612
4709 4923 4843 4606
4703 4922 4842 4603
4688 4923 4842 4598
4680 4923 4842 4605
4680 4923 4842 4602
4683 4923 4843 4588
4688 4923 4846 4563
4683 4922 4852 4549
4684 4923 4851 4548
4682 4923 4851 4536
4687 4923 4853 4526
4695 4923 4862 4524
4701 4923 4876 4510
4693 4922 4872 4503
4699 4923 4879 4501
4691 4923 4887 4484
4695 4923 4880 4480
4703 4923 4885 4475
4713 4923 4887 4462
4724 4922 4905 4455
4726 4887 4903 4455
4725 4876 4903 4438
4727 4873 4906 4431
4735 4870 4913 4429
4738 4855 4920 4408
4745 4845 4918 4403
4758 4841 4920 4400
4748 4838 4923 4383
4753 4837 4925 4381
4752 4833 4921 4375
4748 4821 4921 4361
4750 4810 4919 4357
4750 4811 4922 4352
4755 4807 4930 4342
4753 4795 4929 4328
4763 4786 4924 4327
4755 4780 4923 4322
4752 4764 4920 4305
4760 4757 4927 4304
4742 4751 4938 4299
4738 4745 4944 4283
4742 4740 4958 4285
4745 4739 4962 4278
4747 4739 4950 4259
4755 4740 4945 4259
4764 4740 4945 4255
4769 4740 4953 4238
4767 4740 4957 4232
4766 4739 4955 4234
4755 4739 4948 4213
4758 4740 4953 4222
4760 4740 4952 4222
4767 4734 4953 4206
4771 4720 4955 4210
4782 4707 4955 4210
4792 4695 4954 4201
4803 4684 4956 4203
4803 4671 4958 4200
4804 4661 4955 4204
4804 4646 4956 4204
4815 4653 4960 4203
4812 4625 4963 4189
4812 4600 4975 4180
4811 4577 4972 4180
4802 4552 4972 4182
4801 4563 4961 4175
4811 4578 4969 4192
4807 4585 4961 4187
4795 4589 4955 4171
4804 4591 4957 4168
4805 4594 4961 4171
4804 4610 4962 4152
4804 4618 4971 4150
4811 4622 4983 4145
4816 4630 4985 4138
4821 4642 4980 4138
4831 4644 4972 4138
4840 4646 4979 4132
4832 4652 4982 4119
4840 4665 4988 4122
4834 4681 4988 4111
4831 4693 4991 4105
4836 4702 4984 4115
4838 4713 4985 4110
4836 4726 4980 4108
4824 4730 4972 4101
4827 4743 4974 4105
4823 4744 4973 4117
4821 4751 4971 4113
4829 4747 4961 4120
4825 4755 4968 4113
4828 4755 4974 4115
4822 4755 4976 4110
4836 4755 4983 4101
4839 4755 4985 4106
4827 4755 4996 4104
4844 4755 4984 4103
4857 4739 4978 4105
4846 4710 4982 4087
4845 4715 4982 4092
4847 4717 4986 4098
4841 4713 4977 4085
4848 4716 4968 4083
4845 4719 4972 4076
4841 4725 4980 4075
4839 4735 4975 4073
4849 4740 4979 4073
4856 4733 4971 4069
4844 4738 4972 4062
4838 4733 4968 4058
4830 4739 4969 4057
4833 4740 4972 4074
4835 4748 4979 4070
4843 4744 4973 4057
4844 4745 4976 4064
4851 4748 4969 4058
4857 4733 4966 4051
4861 4696 4966 4041
4853 4677 4967 4048
4854 4691 4971 4055
4857 4704 4970 4053
4863 4714 4984 4053
4872 4724 4982 4052
4869 4738 4974 4041
4863 4752 4980 4034
4858 4753 4986 4045
4869 4753 4983 4041
4873 4752 4980 4036
4888 4752 4987 4031
4903 4752 4991 4021
4914 4752 4987 4029
4919 4753 4981 4023
4923 4753 4964 4028
4919 4761 4957 4021
4919 4789 4946 4017
4918 4812 4948 4011
4924 4839 4948 4011
4923 4874 4953 4014
4929 4905 4950 4009
4918 4932 4950 4002
4925 4953 4947 3997
4927 4962 4950 4004
4927 4975 4944 4002
4929 5000 4935 4000
4933 5026 4937 3988
4933 5063 4940 3985
4938 5097 4954 3985
4942 5133 4954 3982
4944 5167 4953 3974
4939 5159 4956 3976
4939 5142 4955 3980
4935 5101 4957 3989
4943 5059 4952 3995
4944 5027 4950 3995
4937 4985 4950 3999
4932 4943 4949 4015
4942 4901 4952 4039
4943 4860 4951 4062
4932 4818 4949 4065
4935 4776 4946 4072
4938 4748 4943 4077
4935 4737 4937 4080
4933 4730 4933 4097
4940 4720 4930 4104
4936 4706 4925 4108
4944 4687 4915 4118
4932 4676 4915 4135
4928 4657 4907 4139
4922 4636 4898 4162
4904 4623 4892 4169
4895 4649 4897 4173
4903 4651 4902 4177
4908 4643 4898 4186
4898 4643 4896 4190
4905 4649 4887 4204
4900 4653 4887 4222
4893 4652 4873 4228
4889 4655 4861 4238
4891 4656 4849 4246
4898 4660 4848 4263
4905 4672 4849 4277
4902 4682 4850 4284
4895 4682 4842 4285
4895 4686 4827 4297
4896 4698 4824 4308
4888 4707 4828 4308
4886 4713 4830 4314
4880 4728 4829 4319
4876 4736 4825 4324
4885 4742 4814 4327
4878 4746 4812 4347
4880 4738 4803 4342
4887 4734 4804 4352
4887 4733 4810 4369
4880 4733 4801 4371
4876 4733 4788 4380
4873 4733 4779 4388
4867 4733 4783 4393
4859 4708 4784 4399
4870 4666 4787 4416
4863 4624 4784 4418
4858 4582 4783 4413
4866 4546 4786 4435
4868 4518 4781 4440
4852 4498 4781 4438
4847 4499 4775 4455
4828 4502 4757 4465
4818 4497 4737 4472
4817 4500 4739 4481
4808 4510 4745 4496
4801 4505 4744 4502
4805 4528 4735 4507
4796 4556 4728 4522
4792 4590 4727 4527
4788 4618 4725 4529
4785 4609 4733 4539
4793 4599 4723 4535
4796 4593 4726 4539
4813 4571 4730 4547
4814 4534 4721 4555
4812 4522 4707 4547
4822 4522 4706 4554
4827 4522 4700 4561
4821 4522 4693 4566
4817 4522 4688 4574
4815 4522 4679 4577
4809 4522 4681 4586
4809 4522 4686 4592
4815 4522 4674 4587
4809 4522 4676 4587
4823 4522 4677 4604
4817 4522 4677 4615
4807 4522 4676 4605
4799 4522 4676 4614
4792 4522 4673 4621
4795 4522 4668 4631
4789 4522 4677 4635
4790 4525 4681 4637
4790 4532 4689 4645
4785 4543 4687 4658
4785 4568 4675 4663
4786 4610 4678 4659
4782 4652 4672 4655
4767 4693 4663 4662
4771 4735 4664 4668
4784 4774 4660 4675
4778 4774 4678 4669
4771 4774 4677 4675
4776 4769 4667 4691
4773 4744 4656 4692
4756 4714 4658 4698
4746 4685 4668 4708
4746 4648 4669 4704
4752 4613 4666 4702
4754 4579 4655 4705
4755 4557 4655 4702
4757 4552 4650 4696
4751 4549 4663 4677
4766 4543 4660 4662
4771 4552 4655 4664
4776 4568 4648 4663
4773 4557 4650 4632
4777 4561 4646 4630
4772 4576 4650 4636
4774 4578 4657 4607
4774 4579 4664 4605
4773 4597 4668 4606
4774 4631 4667 4590
4773 4653 4671 4575
4772 4653 4678 4568
4772 4653 4684 4563
4772 4653 4679 4554
4771 4653 4682 4545
4779 4653 4690 4537
4782 4653 4691 4526
4788 4653 4694 4512
4793 4653 4701 4512
4792 4653 4698 4502
4783 4653 4693 4487
4786 4653 4694 4493
4785 4653 4701 4478
4773 4653 4705 4461
4775 4653 4717 4459
4775 4653 4718 4463
4785 4653 4716 4459
4797 4653 4709 4455
4797 4653 4703 4455
4808 4653 4697 4444
4800 4653 4698 4439
4808 4653 4701 4439
4801 4653 4698 4434
4809 4653 4708 4423
4816 4653 4718 4421
4806 4653 4724 4416
4808 4653 4729 4418
4810 4653 4726 4414
4808 4653 4719 4400
4804 4653 4722 4399
4797 4653 4727 4410
4794 4689 4714 4397
4801 4726 4713 4395
4805 4765 4718 4382
4811 4802 4727 4379
4817 4829 4720 4380
4821 4861 4718 4375
4817 4902 4719 4372
4807 4943 4715 4380
4812 4981 4722 4366
4815 5019 4720 4355
4815 5056 4730 4367
4808 5076 4730 4371
4804 5083 4726 4363
4803 5084 4727 4356
4795 5090 4735 4365
4795 5102 4728 4356
4792 5113 4734 4355
4786 5117 4741 4349
4766 5123 4743 4344
4765 5135 4744 4332
4779 5141 4739 4331
4790 5137 4742 4331
4784 5137 4738 4339
4778 5135 4744 4333
4784 5131 4740 4332
4786 5128 4749 4332
4788 5133 4759 4319
4781 5135 4773 4321
4792 5118 4777 4318
4785 5111 4775 4310
4785 5098 4782 4299
4793 5093 4793 4291
4800 5083 4797 4292
4800 5081 4797 4291
4800 5073 4793 4291
4795 5064 4793 4294
4802 5049 4782 4291
4812 5038 4779 4293
4813 5034 4787 4297
4812 5028 4785 4283
4812 5020 4795 4286
4827 5022 4800 4279
4820 5031 4801 4288
4803 5016 4799 4280
4798 5001 4786 4269
4797 4994 4785 4270
4785 4994 4801 4273
4783 4992 4812 4270
4792 4988 4806 4269
4801 4994 4801 4254
4807 5027 4807 4258
4803 5056 4805 4257
4806 5083 4810 4255
4802 5118 4803 4257
4802 5147 4803 4255
4808 5179 4801 4250
4807 5178 4801 4246
4824 5171 4815 4231
4822 5179 4824 4234
4819 5185 4824 4233
4827 5182 4818 4223
4828 5190 4822 4216
4829 5195 4833 4211
4831 5198 4826 4201
4839 5182 4826 4187
4847 5168 4832 4188
4844 5173 4832 4197
4837 5172 4837 4196
4837 5170 4840 4190
4826 5185 4843 4189
4817 5217 4852 4187
4818 5225 4855 4196
4816 5216 4853 4201
4815 5208 4853 4194
4806 5205 4855 4194
4803 5189 4854 4193
4794 5180 4862 4191
4788 5173 4865 4185
4787 5158 4867 4185
4779 5146 4876 4190
4789 5140 4880 4199
4786 5130 4883 4191
4797 5121 4884 4186
4795 5106 4888 4189
4792 5105 4881 4192
4791 5096 4877 4191
4796 5087 4886 4190
4796 5086 4876 4184
4800 5081 4882 4176
4801 5069 4876 4172
4812 5054 4879 4159
4807 5036 4875 4169
4803 5026 4868 4169
4808 5019 4863 4178
4816 5019 4871 4176
4809 5010 4876 4175
4802 5005 4874 4165
4799 5041 4861 4179
4811 5072 4862 4182
4808 5113 4860 4171
4802 5139 4862 4167
4815 5174 4861 4164
4815 5199 4859 4161
4823 5220 4867 4164
4821 5258 4870 4175
4815 5292 4887 4177
4814 5313 4894 4176
4809 5313 4890 4191
4812 5322 4883 4218
4802 5325 4886 4238
4789 5327 4888 4242
4776 5320 4886 4244
4768 5332 4884 4268
4751 5335 4885 4273
4748 5332 4883 4276
4741 5330 4877 4298
4734 5331 4870 4295
4732 5333 4871 4292
4733 5336 4871 4314
4731 5337 4874 4322
4733 5337 4869 4333
4728 5335 4859 4344
4729 5329 4854 4352
4730 5324 4842 4361
4720 5324 4829 4370
4721 5321 4829 4374
4723 5317 4821 4384
4722 5312 4811 4392
4725 5296 4803 4394
4723 5289 4809 4414
4721 5283 4800 4423
4719 5278 4795 4434
4714 5273 4792 4448
4704 5270 4787 4458
4700 5269 4785 4468
4683 5269 4781 4480
4654 5269 4780 4482
4648 5268 4780 4483
4642 5268 4781 4498
4653 5259 4778 4506
4645 5254 4771 4510
4651 5245 4767 4517
4641 5240 4763 4530
4629 5240 4765 4528
4644 5240 4767 4534
4645 5239 4769 4531
4638 5240 4767 4533
4634 5240 4771 4548
4632 5240 4761 4551
4639 5240 4751 4548
4652 5240 4758 4555
4650 5244 4760 4559
4651 5245 4751 4564
4642 5250 4743 4576
4640 5246 4743 4576
4645 5253 4736 4571
4655 5254 4741 4579
4656 5254 4754 4575
4655 5250 4742 4577
4662 5248 4735 4587
4669 5246 4732 4590
4666 5253 4730 4595
4664 5257 4729 4601
4654 5251 4724 4606
4656 5247 4717 4595
4656 5232 4722 4602
4652 5227 4726 4608
4651 5225 4719 4610
4668 5222 4718 4623
4670 5213 4713 4629
4671 5206 4718 4632
4657 5203 4716 4640
4648 5203 4712 4645
4658 5198 4709 4652
4658 5199 4706 4658
4647 5193 4712 4657
4654 5184 4705 4663
4651 5180 4701 4662
4642 5179 4703 4669
4649 5174 4706 4685
4651 5177 4701 4687
4646 5170 4689 4692
4648 5165 4686 4693
4650 5153 4687 4697
4648 5154 4684 4696
4647 5146 4680 4694
4636 5149 4694 4697
4637 5158 4696 4701
4645 5144 4691 4714
4651 5136 4695 4722
4653 5140 4684 4718
4652 5124 4676 4722
4658 5126 4676 4719
4675 5136 4676 4718
4674 5139 4687 4720
4674 5129 4686 4711
4687 5116 4675 4703
4694 5112 4677 4704
4695 5103 4677 4678
4691 5088 4680 4654
4680 5055 4682 4651
4685 5026 4679 4647
4680 4999 4678 4630
4686 4964 4690 4621
4690 4935 4696 4617
4678 4894 4700 4601
4674 4869 4708 4597
4667 4877 4706 4605
4667 4877 4704 4585
4656 4877 4711 4571
4653 4881 4718 4577
4662 4872 4718 4559
4662 4870 4721 4558
4668 4874 4737 4555
4668 4882 4743 4555
4671 4892 4747 4544
4673 4898 4746 4532
4678 4907 4746 4527
4680 4906 4748 4521
4695 4905 4739 4518
4708 4905 4733 4511
4713 4901 4742 4494
4723 4901 4737 4496
4733 4904 4739 4491
4745 4897 4736 4474
4745 4904 4738 4473
4761 4911 4730 4465
4763 4911 4733 4454
4771 4918 4733 4445
4791 4930 4729 4442
4798 4936 4729 4429
4797 4946 4725 4416
4797 4956 4723 4412
4806 4971 4718 4413
4821 4971 4722 4393
4831 4980 4725 4389
4829 4989 4733 4383
4829 4990 4737 4377
4829 4996 4729 4381
4815 5008 4731 4380
4793 5022 4734 4365
4793 5040 4735 4360
4792 5033 4732 4351
4793 5000 4736 4339
4788 4977 4736 4332
4790 4948 4739 4332
4784 4926 4745 4326
4788 4908 4757 4312
4787 4895 4767 4301
4801 4858 4777 4302
4806 4838 4784 4294
4808 4841 4780 4289
4807 4857 4784 4285
4795 4878 4783 4278
4802 4882 4790 4269
4799 4890 4789 4271
4790 4896 4789 4262
4796 4904 4791 4248
4783 4913 4793 4243
4775 4920 4796 4242
4784 4925 4807 4234
4799 4933 4801 4236
4805 4940 4793 4230
4811 4945 4790 4222
4808 4947 4782 4223
4819 4954 4771 4220
4827 4961 4777 4220
4826 4965 4777 4219
4836 4957 4777 4220
4846 4915 4771 4212
4851 4873 4767 4202
4858 4833 4774 4203
4861 4798 4778 4201
4854 4786 4775 4192
4863 4771 4782 4192
4867 4769 4786 4201
4873 4755 4791 4188
4864 4750 4799 4175
4857 4754 4809 4185
4856 4750 4803 4183
4854 4743 4808 4163
4857 4736 4817 4165
4869 4734 4830 4163
4882 4723 4831 4156
4877 4715 4834 4137
4886 4708 4845 4142
4912 4694 4843 4151
4914 4683 4844 4142
4915 4670 4850 4134
4910 4669 4855 4133
4922 4665 4863 4125
4924 4662 4872 4133
4925 4655 4861 4124
4927 4647 4852 4127
4925 4637 4848 4129
4919 4638 4841 4136
4916 4638 4850 4131
4924 4638 4844 4127
4915 4638 4849 4132
4919 4638 4853 4131
4904 4637 4854 4133
4901 4638 4848 4135
4892 4640 4845 4138
4902 4640 4849 4137
4910 4649 4857 4136
4908 4652 4866 4141
4896 4651 4857 4142
4895 4652 4846 4149
4890 4660 4846 4148
4883 4666 4854 4147
4875 4673 4849 4144
4882 4674 4862 4142
4877 4673 4860 4144
4888 4685 4865 4145
4893 4694 4867 4150
4895 4711 4869 4153
4894 4724 4866 4150
4902 4733 4866 4144
4898 4748 4859 4129
4897 4766 4869 4132
4902 4781 4872 4137
4906 4798 4869 4131
4914 4807 4869 4130
4911 4825 4864 4122
4914 4830 4869 4119
4918 4810 4856 4127
4919 4778 4854 4124
4929 4744 4850 4125
4925 4720 4846 4121
4917 4690 4846 4111
4907 4658 4841 4118
4885 4628 4848 4118
4873 4602 4848 4110
4868 4574 4848 4112
4860 4539 4857 4117
4858 4514 4857 4126
4858 4484 4848 4123
4859 4460 4847 4125
4860 4474 4850 4127
4856 4480 4855 4119
4858 4478 4866 4122
4862 4484 4866 4117
4860 4468 4872 4114
4852 4438 4867 4117
4854 4409 4874 4125
4857 4384 4883 4128
4854 4355 4896 4120
4843 4324 4894 4127
4842 4325 4894 4147
4839 4345 4884 4177
4838 4372 4884 4177
4833 4405 4893 4187
4828 4436 4890 4215
4821 4463 4887 4215
4812 4493 4884 4223
4825 4522 4878 4251
4836 4543 4880 4262
4836 4547 4872 4255
4843 4540 4880 4275
4862 4531 4874 4289
4865 4527 4859 4287
4863 4534 4851 4311
4867 4525 4841 4314
4863 4515 4829 4321
4860 4518 4821 4333
4851 4528 4815 4347
4849 4529 4810 4351
4837 4531 4811 4358
4818 4540 4806 4378
4806 4548 4818 4386
4799 4553 4810 4388
4802 4556 4796 4407
4794 4558 4803 4411
4782 4558 4793 4419
4776 4565 4787 4438
4773 4572 4788 4432
4767 4566 4799 4439
4773 4565 4799 4445
4769 4569 4791 4458
4762 4561 4796 4469
4755 4547 4780 4477
4757 4535 4777 4490
4760 4522 4768 4492
4760 4519 4776 4493
4746 4520 4775 4500
4737 4520 4780 4495
4730 4509 4775 4495
4736 4496 4766 4509
4739 4479 4770 4517
4745 4463 4767 4521
4757 4456 4771 4546
4759 4450 4776 4540
4763 4456 4789 4557
4747 4490 4789 4561
4738 4503 4787 4571
4732 4535 4779 4572
4734 4556 4776 4583
4735 4572 4764 4587
4729 4590 4760 4595
4732 4623 4761 4598
4730 4648 4760 4610
4725 4640 4761 4609
4729 4636 4752 4607
4736 4626 4748 4619
4729 4618 4746 4627
4738 4612 4736 4625
4746 4610 4730 4628
4740 4600 4729 4629
4748 4592 4730 4633
4763 4583 4725 4640
4757 4566 4718 4643
4751 4555 4722 4651
4746 4548 4725 4663
4750 4534 4730 4665
4756 4526 4743 4669
4748 4514 4748 4678
4749 4502 4743 4680
4751 4499 4742 4683
4734 4506 4749 4679
4733 4541 4738 4686
4722 4578 4742 4695
4713 4609 4738 4692
4705 4634 4732 4697
4709 4637 4743 4705
4710 4640 4738 4705
4708 4635 4744 4706
4693 4645 4746 4721
4700 4654 4735 4736
4706 4659 4725 4730
4717 4661 4729 4722
4717 4665 4719 4732
4708 4662 4708 4729
4701 4662 4691 4740
4704 4657 4681 4752
4718 4650 4680 4769
4724 4647 4669 4771
4718 4657 4667 4764
4711 4664 4664 4766
4713 4668 4655 4768
4715 4671 4648 4765
4719 4663 4651 4765
4719 4662 4649 4744
4723 4664 4645 4717
4723 4663 4650 4701
4727 4670 4649 4692
4731 4666 4647 4691
4744 4658 4650 4682
4751 4655 4655 4672
4757 4653 4657 4663
4756 4650 4660 4653
4768 4646 4658 4648
4768 4641 4660 4640
4783 4620 4668 4626
4776 4607 4663 4616
4769 4599 4660 4610
4769 4596 4664 4603
4779 4586 4680 4594
4783 4569 4691 4584
4795 4554 4694 4578
4802 4553 4703 4571
4807 4536 4716 4562
4808 4526 4714 4552
4812 4526 4719 4548
4815 4516 4718 4539
4808 4513 4724 4530
4803 4511 4729 4526
4797 4511 4734 4522
4791 4511 4727 4513
4782 4499 4734 4511
4788 4485 4728 4500
4788 4475 4724 4490
4789 4469 4734 4483
4792 4462 4746 4472
4790 4456 4749 4472
4785 4453 4748 4461
4787 4485 4752 4452
4785 4517 4762 4448
4781 4557 4767 4437
4789 4596 4768 4436
4796 4631 4773 4430
4796 4663 4781 4413
4822 4685 4781 4414
4837 4710 4781 4410
4848 4739 4790 4402
4859 4771 4799 4393
4871 4804 4806 4382
4876 4834 4813 4382
4881 4849 4815 4369
4878 4851 4816 4358
4885 4848 4815 4358
4893 4846 4807 4358
4896 4850 4808 4358
4891 4861 4805 4355
4899 4895 4801 4345
4900 4924 4796 4347
4882 4955 4802 4345
4884 4990 4786 4346
4897 5010 4783 4348
4902 5022 4790 4349
4903 5035 4796 4340
4905 5040 4789 4326
4905 5046 4786 4320
4913 5055 4798 4315
4919 5061 4790 4308
4920 5070 4795 4302
4920 5083 4798 4294
4923 5097 4784 4288
4917 5099 4795 4284
4916 5112 4790 4278
4907 5121 4791 4273
4905 5125 4793 4269
4895 5129 4799 4260
4882 5140 4804 4258
4880 5151 4815 4263
4875 5152 4813 4256
4873 5151 4821 4248
4877 5146 4829 4248
4888 5142 4840 4248
4910 5141 4839 4236
4907 5141 4835 4227
4903 5141 4844 4237
4893 5146 4846 4226
4896 5153 4840 4220
4898 5157 4855 4219
4895 5160 4855 4199
4897 5162 4856 4202
4893 5171 4863 4204
4899 5173 4861 4207
4899 5172 4869 4208
4897 5179 4864 4202
4888 5191 4866 4193
4884 5202 4869 4192
4880 5215 4877 4199
4881 5213 4875 4196
4897 5200 4873 4202
4908 5193 4870 4204
4920 5203 4863 4210
4921 5214 4873 4212
4919 5230 4867 4198
4924 5241 4855 4195
4926 5246 4853 4184
4926 5249 4851 4183
4923 5260 4851 4182
4933 5266 4857 4186
4941 5277 4851 4178
4954 5282 4857 4181
4957 5291 4855 4178
4959 5299 4857 4177
4964 5305 4854 4173
4962 5309 4853 4174
4970 5314 4855 4176
4978 5322 4853 4178
4981 5327 4851 4178
4979 5337 4850 4173
4990 5334 4839 4170
4984 5315 4837 4174
4993 5300 4835 4183
5001 5299 4827 4186
4996 5295 4826 4180
4993 5295 4836 4183
4993 5299 4845 4191
4975 5297 4841 4176
4964 5290 4848 4174
4974 5293 4854 4179
4977 5290 4847 4167
4982 5300 4853 4154
4975 5302 4859 4165
4978 5297 4857 4168
4985 5285 4853 4169
4982 5277 4858 4164
4985 5273 4856 4165
4995 5282 4860 4170
4991 5276 4863 4168
4998 5270 4863 4162
5002 5277 4872 4162
5006 5276 4859 4153
5009 5280 4856 4151
5011 5271 4863 4146
5007 5271 4870 4148
4993 5270 4865 4152
4986 5262 4873 4156
4997 5264 4875 4160
4996 5259 4878 4155
4977 5270 4885 4146
4975 5271 4886 4145
4967 5273 4891 4147
4965 5263 4890 4152
4968 5256 4886 4166
4962 5252 4888 4159
4958 5224 4892 4165
4957 5200 4890 4174
4949 5171 4896 4189
4957 5139 4908 4220
4958 5106 4910 4238
4946 5067 4910 4251
4953 5029 4910 4257
4948 4995 4899 4271
4935 4974 4900 4278
4940 4965 4901 4289
4943 4960 4901 4299
4934 4963 4894 4305
4919 4967 4904 4309
4910 4981 4894 4316
4902 4989 4892 4324
4899 4981 4898 4323
4899 4970 4897 4344
4890 4976 4890 4345
4892 4981 4881 4353
4891 4988 4883 4363
4886 4975 4877 4364
4881 4971 4862 4362
4877 4965 4858 4372
4884 4954 4864 4383
4874 4950 4866 4395
4877 4948 4856 4408
4884 4938 4846 4417
4888 4924 4840 4424
4905 4907 4843 4443
4921 4910 4835 4456
4907 4918 4836 4466
4899 4913 4830 4464
4900 4910 4817 4470
4892 4907 4807 4478
4885 4913 4813 4486
4884 4917 4811 4498
4883 4923 4808 4505
4883 4933 4799 4514
4882 4934 4800 4524
4875 4937 4804 4526
4874 4944 4801 4525
4871 4954 4802 4537
4863 4974 4798 4533
4857 4991 4800 4546
4845 5003 4789 4547
4849 4989 4786 4551
4846 4964 4783 4555
4844 4940 4783 4560
4835 4917 4786 4561
4835 4887 4779 4555
4836 4863 4779 4558
4818 4855 4789 4547
4802 4835 4793 4545
4796 4808 4797 4550
4789 4790 4802 4542
4772 4767 4804 4507
4788 4756 4802 4509
4787 4737 4812 4518
4777 4743 4799 4486
4772 4743 4790 4482
4782 4745 4805 4491
4786 4755 4817 4481
4797 4758 4818 4476
4801 4760 4818 4476
4805 4768 4819 4457
4815 4771 4813 4453
4814 4771 4816 4458
4801 4773 4817 4435
4811 4775 4802 4434
4817 4779 4811 4441
4823 4782 4818 4418
4823 4786 4832 4415
4834 4787 4839 4423
4842 4793 4845 4402
4849 4793 4838 4395
4852 4797 4848 4393
4867 4797 4833 4381
4862 4772 4830 4373
4860 4741 4829 4373
4862 4730 4824 4358
4869 4727 4828 4361
4876 4725 4836 4351
4874 4715 4839 4339
4872 4701 4842 4330
4873 4696 4844 4331
4873 4693 4861 4334
4875 4679 4866 4325
4878 4679 4867 4324
4872 4675 4870 4316
4874 4671 4870 4303
4879 4651 4870 4302
4886 4637 4877 4296
4888 4622 4881 4283
4896 4614 4890 4278
4889 4617 4900 4276
4881 4613 4910 4261
4881 4611 4916 4268
4863 4611 4913 4256
4859 4602 4918 4240
4851 4595 4927 4246
4841 4600 4940 4241
4842 4603 4946 4232
4845 4606 4955 4234
4850 4606 4953 4221
4853 4605 4947 4209
4861 4605 4951 4202
4854 4606 4957 4198
4865 4596 4966 4192
4868 4585 4969 4185
4872 4582 4973 4187
4863 4577 4977 4180
4861 4566 4975 4165
4856 4565 4974 4162
4846 4559 4983 4165
4849 4556 4995 4157
4846 4554 4996 4152
4851 4570 5009 4136
4845 4576 5010 4124
4842 4575 5023 4133
4846 4582 5026 4122
4850 4566 5019 4110
4856 4543 5022 4103
4873 4552 5030 4104
4888 4565 5025 4093
4878 4576 5018 4086
4885 4588 5025 4092
4878 4590 5030 4095
4868 4600 5033 4083
4868 4608 5032 4070
4862 4625 5033 4070
4870 4640 5035 4075
4877 4649 5034 4062
4869 4651 5029 4055
4877 4663 5027 4059
4865 4673 5030 4054
4850 4669 5029 4049
4842 4667 5042 4051
4842 4665 5050 4050
4841 4670 5057 4044
4837 4674 5065 4043
4843 4681 5074 4036
4861 4693 5078 4024
4863 4697 5080 4013
4869 4703 5089 4001
4879 4703 5090 4001
4876 4714 5086 3994
4882 4712 5086 3982
4887 4718 5093 3978
4893 4724 5097 3973
4888 4735 5102 3980
4882 4760 5096 3977
4880 4797 5088 3972
4890 4830 5082 3973
4884 4857 5089 3970
4880 4892 5080 3970
4889 4921 5076 3960
4874 4956 5082 3962
4876 4988 5089 3961
4880 5002 5084 3959
4877 4998 5088 3951
4870 4999 5095 3958
4869 4995 5104 3959
4891 4987 5097 3962
4900 4989 5109 3962
4909 4992 5112 3952
4914 4993 5109 3958
4918 5006 5104 3951
4911 5002 5087 3951
4913 5008 5091 3954
4903 5010 5081 3958
4912 5010 5076 3952
4914 5026 5081 3971
4908 5036 5083 3968
4905 5033 5066 3960
4902 5032 5053 3961
4887 5028 5064 3952
4892 5032 5068 3953
4904 5032 5074 3948
4900 5046 5082 3942
4896 5036 5081 3933
4901 5035 5071 3934
4902 5043 5075 3948
4907 5044 5074 3944
4913 5047 5075 3945
4917 5033 5067 3941
4927 5021 5064 3941
4931 5011 5059 3940
4924 5004 5066 3930
4924 4988 5062 3931
4935 4978 5058 3932
4931 4966 5058 3946
4931 4962 5055 3941
4934 4956 5055 3951
4923 4945 5049 3946
4912 4939 5054 3953
4907 4948 5039 3961
4910 4975 5036 3957
4905 5007 5024 3958
4902 5041 5022 3961
4897 5062 5018 3961
4886 5084 5015 3966
4892 5096 5008 3984
4897 5114 5005 3987
4916 5129 5003 3994
4929 5139 5007 4004
4954 5164 5005 4028
4960 5170 5005 4037
4967 5185 4993 4034
4976 5194 5000 4061
4974 5185 4997 4069
4966 5171 4983 4066
4971 5159 4962 4093
4971 5141 4955 4098
4971 5124 4949 4094
4965 5114 4947 4121
4955 5103 4944 4125
4959 5097 4940 4120
4963 5081 4951 4147
4953 5071 4959 4154
4945 5069 4943 4158
4935 5063 4939 4176
4927 5052 4935 4176
4922 5036 4929 4179
4921 5022 4917 4216
4921 5011 4916 4221
4916 5007 4912 4234
4901 5008 4917 4253
4906 5023 4914 4256
4910 5044 4902 4259
4896 5052 4910 4277
4893 5045 4903 4285
4889 5043 4892 4290
4891 5051 4892 4309
4896 5052 4891 4320
4894 5052 4878 4313
4895 5044 4865 4326
4896 5047 4864 4336
4897 5027 4854 4339
4891 5032 4851 4356
4874 5041 4847 4377
4870 5060 4839 4381
4871 5070 4835 4384
4867 5081 4832 4396
4854 5078 4826 4389
4856 5079 4814 4396
4854 5087 4805 4411
4843 5091 4803 4403
4855 5083 4808 4417
4849 5085 4800 4438
4859 5089 4787 4442
4877 5081 4782 4448
4877 5069 4777 4458
4872 5061 4764 4456
4871 5043 4755 4458
4867 5044 4764 4479
4868 5029 4763 4496
4874 5020 4753 4492
4864 5021 4744 4494
4858 5027 4748 4499
4849 5026 4749 4502
4849 5031 4739 4512
4854 5030 4736 4524
4839 5029 4737 4526
4841 5032 4729 4522
4839 5029 4711 4536
4834 5040 4717 4540
4836 5031 4710 4549
4842 5018 4713 4557
4839 5020 4705 4551
4847 5018 4698 4566
4840 5037 4695 4569
4832 5060 4690 4573
4833 5048 4684 4579
4834 5038 4686 4589
4843 5030 4689 4594
4824 5019 4686 4598
4816 5013 4680 4604
4821 4994 4672 4615
4817 4975 4672 4632
4814 4960 4669 4632
4807 4945 4670 4634
4804 4939 4672 4651
4804 4936 4674 4656
4791 4930 4681 4648
4803 4924 4677 4667
4811 4928 4669 4670
4806 4937 4664 4674
4805 4931 4656 4674
