-nan -nan
1.000 0.998
1.000 1.000
1.000 1.000
1.000 1.000
1.000 1.000
1.000 1.000
1.000 1.000
1.000 1.000
1.000 1.000
1.000 1.000
1.000 1.000
1.000 1.000
1.000 1.000
1.000 1.000
1.000 1.000
1.000 1.000
1.000 1.000
1.000 1.000
1.000 1.000
1.000 1.000
1.000 1.000
1.000 1.000
1.000 1.000
1.000 1.000
1.000 1.000
1.000 1.000
1.000 1.000
1.000 1.000
1.000 1.000
1.000 1.000
1.000 1.000
1.000 1.000
1.000 1.000
1.000 1.000
1.000 1.000
1.000 1.000
1.000 1.000
1.000 1.000
1.000 1.000
1.000 1.000
1.000 1.000
1.000 1.000
1.000 1.000
1.000 1.000
1.000 1.000
1.000 1.000
1.000 1.000
1.000 1.000
1.000 1.000
1.000 1.000
1.000 1.000
1.000 1.000
1.000 1.000
1.000 1.000
1.000 1.000
1.000 1.000
1.000 1.000
1.000 1.000
1.000 1.000
1.000 1.000
1.000 1.000
1.000 1.000
1.000 1.000
1.000 1.000
1.000 1.000
1.000 1.000
1.000 1.000
1.000 1.000
1.000 1.000
1.000 1.000
1.000 1.000
1.000 1.000
1.000 1.000
1.000 1.000
1.000 1.000
1.000 1.000
1.000 1.000
1.000 1.000
1.000 1.000
1.000 1.000
1.000 1.000
1.000 1.000
1.000 1.000
1.000 1.000
1.000 1.000
1.000 1.000
1.000 1.000
1.000 1.000
1.000 1.000
1.000 1.000
1.000 1.000
1.000 1.000
1.000 1.000
1.000 1.000
1.000 1.000
1.000 1.000
1.000 1.000
1.000 1.000
0.917 0.851
0.897 0.750
0.877 0.750
0.843 0.750
0.833 0.750
0.843 0.750
0.844 0.750
0.843 0.750
0.844 0.750
0.854 0.815
0.762 0.250
0.750 -nan
0.786 0.250
0.832 0.250
0.844 0.250
0.843 0.250
0.844 0.250
0.843 0.250
0.913 0.250
0.875 0.250
0.821 0.773
0.843 0.831
0.844 0.836
0.843 0.831
0.844 0.831
0.843 0.812
0.897 0.585
0.995 0.816
0.943 0.250
0.897 -nan
0.935 -nan
0.916 -nan
0.917 0.250
0.931 0.250
0.759 0.810
0.750 0.750
0.750 0.750
0.750 0.467
0.750 0.250
0.893 0.455
0.918 0.250
0.750 0.250
0.750 -nan
0.513 0.505
0.928 0.563
0.741 0.980
0.750 0.433
0.729 0.750
0.946 0.907
0.993 0.983
0.919 0.906
0.750 0.750
0.833 0.797
0.976 0.971
0.994 0.993
0.961 0.983
0.750 0.750
0.797 0.774
0.958 0.950
0.984 0.980
0.996 0.993
0.762 0.809
0.750 0.750
0.876 0.855
0.979 0.969
0.993 0.989
0.977 0.996
0.750 0.750
0.774 0.774
0.916 0.888
0.979 0.974
0.993 0.992
0.977 0.991
0.750 0.750
0.786 0.786
0.907 0.877
0.980 0.980
0.995 0.994
0.993 0.991
0.750 0.786
0.774 0.750
0.876 0.866
0.987 0.986
0.996 0.995
0.997 0.999
0.954 0.977
0.750 0.750
0.832 0.821
0.951 0.925
0.997 1.000
0.993 0.996
0.970 0.973
0.897 0.949
0.750 0.750
0.907 0.855
0.982 0.977
0.992 0.987
0.978 0.983
0.961 0.969
0.971 0.996
0.750 0.750
0.898 0.866
0.993 0.985
0.979 0.979
0.968 0.968
0.962 0.968
0.976 0.966
0.908 0.943
0.876 0.832
0.965 0.951
0.981 0.981
0.962 0.960
0.964 0.964
0.965 0.957
0.976 0.976
0.999 1.000
0.925 0.942
0.996 0.977
0.976 0.970
0.962 0.964
0.964 0.964
0.960 0.965
0.976 0.970
0.985 0.985
0.996 0.998
0.992 0.989
0.976 0.981
0.967 0.961
0.962 0.961
0.957 0.968
0.970 0.967
0.974 0.968
0.981 0.981
0.974 0.974
0.976 0.981
0.969 0.962
0.966 0.970
0.968 0.968
0.959 0.963
0.974 0.974
0.970 0.970
0.980 0.986
0.970 0.750
0.974 0.750
0.976 0.750
0.962 0.744
0.975 0.749
0.968 0.744
0.970 0.750
0.974 0.750
0.976 0.750
0.980 0.750
0.976 0.749
0.985 0.530
0.990 -nan
0.988 0.250
0.974 0.250
0.972 0.250
0.970 0.250
0.980 0.250
0.976 0.250
0.979 0.250
0.882 0.530
0.744 0.783
0.969 0.393
0.968 0.721
0.963 0.726
0.968 0.728
0.981 0.370
0.736 0.624
0.985 0.993
0.968 0.964
0.964 0.964
0.968 0.968
0.964 0.977
0.995 0.750
1.000 0.750
0.996 0.747
0.991 0.744
0.974 0.749
0.975 0.747
0.974 0.749
0.993 0.873
0.750 0.851
0.913 0.462
0.993 0.993
0.981 0.986
0.988 0.985
0.986 0.984
0.986 0.983
0.886 0.925
0.774 0.750
0.989 0.993
0.981 0.984
0.981 0.981
0.978 0.978
0.981 0.981
0.983 0.983
0.906 0.950
0.786 0.750
0.991 0.990
0.984 0.983
0.975 0.976
0.972 0.979
0.981 0.976
0.974 0.980
1.000 0.989
0.750 0.750
0.916 0.876
0.976 0.977
0.978 0.980
0.968 0.974
0.973 0.969
0.974 0.973
0.973 0.975
0.986 0.999
0.750 0.750
0.965 0.935
0.977 0.975
0.974 0.971
0.970 0.970
0.960 0.967
0.975 0.970
0.964 0.972
0.989 1.000
0.750 0.750
0.964 0.925
0.975 0.965
0.964 0.968
0.968 0.969
0.967 0.963
0.961 0.967
0.970 0.969
1.000 0.984
0.750 0.750
0.926 0.888
0.963 0.970
0.964 0.972
0.970 0.964
0.960 0.965
0.968 0.961
0.967 0.969
0.970 0.967
0.750 0.809
0.865 0.844
0.975 0.985
0.976 0.978
0.968 0.964
0.961 0.961
0.965 0.970
0.969 0.967
0.961 0.969
0.843 0.908
0.820 0.797
0.983 0.985
0.975 0.778
0.961 0.719
0.967 0.508
0.970 0.250
0.974 -nan
0.963 -nan
0.942 -nan
0.773 -nan
0.987 -nan
0.898 0.250
0.721 0.250
0.636 0.500
0.688 0.250
0.750 0.523
0.877 0.269
0.980 0.382
0.770 0.533
0.789 0.758
0.775 0.818
1.000 0.983
0.897 0.961
0.997 0.994
0.993 0.993
0.993 1.000
0.806 0.786
0.890 0.920
0.989 0.978
0.997 0.997
0.980 0.949
0.999 0.998
0.996 0.993
0.916 0.951
0.903 0.893
0.915 0.924
0.981 0.974
0.985 0.997
0.991 0.974
0.999 0.997
0.994 0.989
0.957 0.977
0.903 0.894
0.933 0.955
0.977 0.979
0.993 0.981
0.957 0.949
0.996 0.995
0.989 0.996
1.000 0.998
0.832 0.876
0.932 0.933
0.925 0.941
0.974 0.977
0.998 0.994
0.941 0.951
0.993 0.993
0.985 0.989
0.998 0.999
0.832 0.877
0.915 0.930
0.933 0.935
0.977 0.970
0.991 0.992
0.933 0.950
0.996 0.995
0.992 0.991
0.996 0.996
0.897 0.933
0.934 0.927
0.942 0.924
0.974 0.625
0.985 0.250
0.942 -nan
0.992 -nan
0.996 -nan
0.996 -nan
0.963 -nan
0.925 -nan
0.971 0.250
0.772 0.493
0.685 0.929
0.970 0.452
0.998 0.331
0.810 0.415
0.925 0.478
0.898 0.931
0.969 0.943
0.875 0.872
0.989 0.986
0.955 0.978
0.897 0.843
0.966 0.941
0.874 0.904
0.942 0.942
0.915 0.934
0.990 0.979
0.968 0.981
0.862 0.797
0.942 0.898
0.916 0.942
0.941 0.934
0.941 0.957
0.981 0.980
0.989 0.990
0.797 0.831
0.930 0.942
0.961 0.970
0.896 0.890
0.986 0.957
0.947 0.905
0.983 0.989
0.963 0.974
0.863 0.809
0.925 0.896
0.927 0.947
0.934 0.924
0.957 0.982
0.985 0.969
0.986 0.984
0.903 0.937
0.922 0.900
0.978 0.950
0.917 0.931
0.907 0.916
0.935 0.949
0.978 0.985
0.991 0.986
0.850 0.901
0.934 0.922
0.980 0.972
0.892 0.917
0.908 0.911
0.916 0.935
0.983 0.982
0.987 0.991
0.831 0.862
0.939 0.927
0.975 0.983
0.878 0.897
0.921 0.903
0.915 0.926
0.978 0.983
0.989 0.987
0.797 0.842
0.933 0.939
0.978 0.980
0.874 0.900
0.939 0.908
0.906 0.907
0.982 0.978
0.984 0.987
0.785 0.831
0.927 0.931
0.972 0.984
0.886 0.889
0.937 0.908
0.907 0.907
0.983 0.981
0.984 0.984
0.797 0.831
0.929 0.933
0.974 0.983
0.892 0.907
0.908 0.905
0.907 0.926
0.983 0.982
0.986 0.985
0.842 0.882
0.935 0.912
0.983 0.964
0.919 0.944
0.911 0.923
0.950 0.974
0.980 0.962
0.985 0.981
0.964 0.974
0.798 0.774
0.904 0.918
0.980 0.976
0.868 0.890
0.910 0.892
0.906 0.933
0.986 0.984
0.983 0.984
0.950 0.969
0.809 0.786
0.915 0.930
0.978 0.978
0.892 0.936
0.913 0.934
0.977 0.727
0.978 0.470
0.983 0.250
0.984 -nan
0.785 -nan
0.929 -nan
0.979 -nan
0.915 -nan
0.959 -nan
0.851 0.496
0.800 0.460
0.624 0.925
0.915 0.916
0.969 0.648
0.883 0.462
0.923 0.523
0.877 0.470
0.953 0.928
0.958 0.958
0.996 0.997
0.999 0.997
0.950 0.950
0.964 0.971
0.992 0.987
0.849 0.845
0.987 0.970
0.997 0.998
0.994 0.997
0.998 0.995
0.941 0.950
0.971 0.981
0.987 0.972
0.897 0.933
0.957 0.959
1.000 0.997
0.998 0.998
0.991 0.994
0.990 0.997
0.957 0.957
0.948 0.958
0.984 0.987
0.854 0.906
0.968 0.961
1.000 0.993
0.998 0.992
0.995 0.996
0.997 0.981
0.931 0.481
0.978 -nan
0.987 -nan
0.926 -nan
0.955 -nan
0.992 -nan
0.999 -nan
0.995 -nan
0.996 -nan
0.876 0.974
0.850 0.744
0.981 0.590
0.999 0.623
1.000 0.697
0.994 0.650
0.974 0.995
0.990 0.991
0.946 0.962
0.975 0.972
0.999 0.999
0.999 0.999
0.991 0.991
0.990 0.999
0.994 0.989
0.959 0.962
0.970 0.966
0.997 0.996
1.000 1.000
0.990 0.992
0.997 0.997
0.985 0.977
0.971 0.990
0.967 0.970
0.980 0.976
0.998 0.998
0.997 0.999
0.997 0.992
0.993 0.998
0.987 0.992
0.958 0.970
0.962 0.962
0.988 0.981
0.997 0.998
0.995 0.994
0.995 0.995
0.990 0.997
0.985 0.991
0.957 0.964
0.964 0.965
0.984 0.976
0.996 0.995
0.997 0.997
0.995 0.997
0.992 0.998
0.994 0.988
0.971 0.976
0.958 0.970
0.974 0.976
0.995 0.996
0.995 0.997
0.993 0.992
0.997 0.996
0.987 0.981
0.986 0.996
0.975 0.961
0.968 0.975
0.996 0.996
0.997 0.999
0.989 0.988
0.994 0.993
0.978 0.979
0.998 0.995
0.943 0.945
0.973 0.972
1.000 0.998
0.999 0.997
0.988 0.995
0.991 0.997
0.982 0.989
0.993 0.990
0.965 0.962
0.965 0.968
0.992 0.980
0.995 0.994
0.997 0.994
0.993 0.991
0.990 0.997
0.995 0.988
0.970 0.971
0.968 0.983
0.970 0.973
0.993 0.993
0.998 0.997
0.994 0.990
0.995 0.993
0.970 0.982
0.996 0.992
0.945 0.951
0.975 0.971
0.997 0.991
0.996 0.995
0.993 0.997
0.993 0.991
0.990 0.996
0.990 0.986
0.964 0.986
0.985 0.976
0.974 0.980
0.998 1.000
1.000 0.999
0.992 0.992
0.990 0.991
0.987 0.991
0.987 0.992
0.971 0.993
0.980 0.969
0.983 0.977
0.995 0.990
0.997 0.750
0.999 0.250
0.985 -nan
0.997 -nan
0.993 -nan
0.991 -nan
0.971 -nan
0.988 -nan
0.991 -nan
0.838 0.674
0.843 0.822
0.989 0.435
0.965 0.725
0.980 0.996
0.994 0.724
0.995 0.497
0.990 0.823
1.000 1.000
0.977 0.981
0.964 0.950
0.981 0.989
0.993 0.996
0.997 0.999
0.993 0.994
0.999 0.999
0.987 0.991
0.993 0.986
0.966 0.958
0.982 0.990
0.996 0.995
0.994 0.999
0.996 0.993
0.998 0.998
0.991 0.995
0.986 0.982
0.953 0.950
0.989 0.985
0.995 0.993
0.999 0.997
0.996 0.994
0.996 0.996
0.993 0.997
0.976 0.986
0.998 0.994
0.954 0.941
0.988 0.990
0.994 0.996
1.000 0.995
0.996 0.994
0.995 0.996
0.993 0.998
0.994 0.989
0.989 0.864
0.947 0.354
0.992 -nan
0.995 -nan
0.995 -nan
0.994 -nan
0.998 -nan
0.999 -nan
0.993 -nan
0.952 0.499
0.856 0.651
0.999 0.714
0.992 0.815
0.999 0.702
0.994 0.997
0.972 0.998
0.902 0.950
0.896 0.947
0.992 0.986
0.981 0.978
0.994 0.999
0.996 0.993
0.990 0.986
0.950 0.963
0.935 0.960
0.995 0.988
0.975 0.972
0.999 1.000
0.989 0.993
0.987 0.987
0.974 0.989
0.969 0.969
0.987 0.986
0.975 0.984
0.991 0.987
0.997 0.995
0.994 0.992
0.986 0.989
0.953 0.972
0.955 0.972
0.986 0.981
0.975 0.984
0.997 0.991
0.991 0.995
0.992 0.995
0.989 0.986
0.946 0.958
0.939 0.959
0.990 0.986
0.975 0.980
0.997 0.995
0.995 0.995
0.992 0.995
0.993 0.985
0.958 0.963
0.953 0.969
0.987 0.987
0.972 0.972
0.997 0.993
0.996 0.999
0.993 0.989
0.985 0.989
0.966 0.974
0.965 0.974
0.987 0.987
0.972 0.976
0.994 0.992
0.999 0.998
0.992 0.989
0.989 0.987
0.975 0.965
0.977 0.964
0.981 0.969
0.982 0.991
0.992 0.983
0.997 0.997
0.995 0.993
0.982 0.990
0.971 0.984
0.971 0.977
0.964 0.964
0.993 0.997
0.977 0.969
0.999 0.998
0.991 0.996
0.985 0.989
0.986 0.990
0.963 0.944
0.953 0.919
0.996 0.995
0.973 0.972
0.997 0.993
0.995 0.996
0.992 0.991
0.986 0.981
0.966 0.967
0.964 0.969
0.993 0.986
0.966 0.981
0.990 0.994
1.000 0.999
0.993 0.994
0.978 0.985
0.983 0.985
0.980 0.953
0.964 0.930
0.996 0.997
0.966 0.969
0.993 0.992
0.998 0.998
0.992 0.991
0.976 0.978
0.958 0.984
0.978 0.970
0.964 0.946
0.995 0.998
0.970 0.974
0.990 0.985
0.998 1.000
0.994 0.590
0.988 -nan
0.989 -nan
0.960 -nan
0.946 -nan
0.997 -nan
0.983 -nan
0.994 -nan
0.998 -nan
0.873 0.539
0.920 0.967
0.958 0.710
0.990 0.979
0.985 0.899
0.989 0.703
0.998 0.999
1.000 0.999
0.998 0.999
0.967 0.980
0.992 0.995
0.984 0.982
0.990 0.989
0.995 0.995
1.000 1.000
0.993 0.994
0.995 0.996
0.997 0.991
0.989 0.985
0.992 0.990
0.993 0.989
0.993 0.992
1.000 1.000
0.996 0.994
0.996 0.993
0.981 0.973
0.995 0.990
0.979 0.981
0.981 0.981
0.994 0.993
0.999 0.998
0.996 0.998
0.998 0.999
0.985 0.995
0.995 0.990
0.996 0.995
0.980 0.983
0.985 0.977
0.992 0.993
0.999 0.998
0.998 0.999
0.998 0.996
0.996 0.990
0.978 0.414
0.994 -nan
0.978 -nan
0.990 -nan
0.993 -nan
0.994 -nan
1.000 -nan
0.993 -nan
0.996 -nan
0.977 0.962
0.977 0.673
0.994 0.875
0.999 0.897
0.996 0.674
0.997 0.400
0.992 0.815
0.988 0.996
0.995 0.997
0.995 0.994
1.000 1.000
0.989 0.989
0.993 0.986
0.995 0.993
0.978 0.984
0.997 0.995
0.990 0.991
1.000 0.998
0.995 0.995
0.980 0.984
0.992 0.995
0.976 0.976
0.975 0.970
0.993 0.991
0.997 0.997
0.997 0.997
0.990 0.992
0.999 0.995
0.998 0.998
0.974 0.980
0.997 0.995
0.989 0.992
0.999 0.999
0.997 0.997
0.992 0.990
1.000 0.999
0.992 0.996
0.984 0.974
0.998 0.997
0.991 0.990
0.999 1.000
0.997 0.997
0.990 0.990
0.999 1.000
0.994 0.998
0.981 0.983
0.998 0.995
0.987 0.989
0.999 0.997
0.997 0.997
0.992 0.992
0.998 0.995
0.996 0.997
0.986 0.981
0.994 0.985
0.987 0.990
0.999 0.997
0.997 0.999
0.987 0.987
0.995 0.984
0.996 0.989
0.977 0.967
0.981 0.964
0.986 0.982
0.993 0.991
0.998 0.998
0.984 0.991
0.983 0.984
0.991 0.997
0.974 0.971
0.970 0.974
0.986 0.990
0.993 0.995
0.999 1.000
0.993 0.993
0.979 0.989
0.997 0.996
0.965 0.971
0.989 0.988
0.993 0.999
0.994 0.990
0.997 0.997
1.000 0.998
0.984 0.989
0.999 0.998
0.997 0.995
0.980 0.980
0.996 0.987
0.983 0.981
0.994 0.986
0.998 0.995
0.984 0.989
0.986 0.981
0.995 0.997
0.966 0.969
0.982 0.989
0.995 0.999
0.992 0.987
0.996 0.996
0.999 0.998
0.989 0.987
0.984 0.984
0.987 0.992
0.967 0.968
0.975 0.985
0.995 0.999
0.990 0.987
0.997 0.997
0.995 0.996
0.990 0.952
0.995 0.250
0.999 -nan
0.981 -nan
0.992 -nan
0.990 -nan
0.984 -nan
0.989 -nan
0.995 -nan
0.990 0.250
0.993 0.899
0.962 0.711
0.992 0.586
1.000 0.639
0.993 0.941
0.998 0.572
0.996 0.641
1.000 0.998
0.977 0.983
0.993 0.993
0.999 0.997
0.993 0.990
0.997 0.999
0.997 0.996
0.989 0.989
0.982 0.983
0.959 0.967
0.986 0.983
0.993 0.994
0.995 0.996
0.995 0.997
0.998 0.998
0.989 0.989
0.987 0.987
0.958 0.967
0.990 0.989
0.996 0.996
0.992 0.990
0.995 0.995
0.993 0.993
0.997 0.996
0.990 0.992
0.986 0.983
0.971 0.973
0.979 0.985
0.995 0.993
0.987 0.993
0.993 0.993
0.989 0.997
0.993 0.994
0.992 0.990
0.989 0.981
0.964 0.714
0.989 -nan
0.998 -nan
0.988 -nan
0.992 -nan
0.991 -nan
0.995 -nan
0.991 -nan
0.991 -nan
0.968 0.775
0.996 0.965
0.997 0.455
0.993 0.777
0.994 0.681
0.990 0.652
0.985 0.750
0.990 0.461
0.997 0.992
0.999 0.999
0.999 0.997
0.989 0.991
0.989 0.991
0.992 0.991
0.989 0.986
0.990 0.985
0.997 0.998
0.997 0.993
0.991 0.992
0.994 0.991
0.993 0.991
0.993 0.993
0.983 0.983
0.991 0.993
0.990 0.993
0.996 0.996
0.991 0.992
0.991 0.989
0.996 0.995
0.981 0.985
0.985 0.984
0.998 0.998
0.993 0.989
0.992 0.995
0.991 0.992
0.984 0.987
0.993 0.995
0.970 0.985
0.995 0.979
0.999 0.998
0.995 0.992
0.992 0.997
0.991 0.992
0.989 0.989
0.996 0.997
0.979 0.980
0.985 0.980
0.999 0.996
0.993 0.986
0.996 0.995
0.993 0.989
0.990 0.993
0.998 0.994
0.982 0.985
0.976 0.983
0.995 0.985
0.984 0.989
0.995 0.998
0.990 0.989
0.992 0.992
0.995 0.991
0.990 0.992
0.985 0.981
0.988 0.983
0.991 0.994
0.998 0.997
0.987 0.992
0.993 0.998
0.990 0.990
0.989 0.995
0.984 0.984
0.988 0.990
0.995 0.994
0.997 0.998
0.991 0.994
0.996 0.991
0.991 0.987
0.999 0.999
0.980 0.974
0.993 0.993
0.997 0.999
0.995 0.995
0.991 0.995
0.991 0.988
0.989 0.989
0.999 0.998
0.982 0.986
0.976 0.980
0.991 0.988
0.991 0.993
0.998 0.998
0.987 0.991
0.992 0.998
0.989 0.990
0.998 0.999
0.984 0.978
0.992 0.992
0.999 1.000
0.995 0.993
0.995 0.997
0.992 0.986
0.993 0.995
0.994 0.987
0.993 0.996
0.989 0.981
0.990 0.990
0.998 1.000
0.994 0.990
0.997 0.998
0.987 0.987
0.993 0.727
0.985 -nan
0.994 -nan
0.985 -nan
0.998 -nan
1.000 -nan
0.987 -nan
0.997 -nan
0.990 -nan
0.911 0.664
0.872 0.989
0.996 0.426
0.998 0.898
0.995 0.818
0.992 0.841
0.993 0.798
0.993 0.475
0.984 0.990
0.987 0.988
0.998 0.997
0.993 0.993
0.992 0.992
0.996 0.995
0.999 1.000
0.994 0.993
0.971 0.969
0.989 0.988
0.993 0.995
0.996 0.999
0.987 0.990
0.996 0.998
0.998 0.999
0.995 0.993
0.966 0.970
0.988 0.984
0.995 0.998
0.996 0.990
0.996 0.995
0.985 0.988
0.998 0.999
0.996 0.996
0.990 0.992
0.983 0.976
0.985 0.985
0.985 0.993
0.998 0.993
0.992 0.990
0.989 0.990
0.998 0.999
0.997 0.999
0.989 0.996
0.977 0.975
0.993 0.499
0.995 0.468
0.989 -nan
0.996 -nan
0.990 -nan
0.999 -nan
1.000 -nan
0.993 -nan
0.972 -nan
0.691 0.484
0.724 0.986
0.993 0.886
0.999 0.781
0.998 0.649
0.992 0.499
0.988 0.998
0.885 0.903
0.946 0.966
0.990 0.986
1.000 1.000
0.991 0.996
0.978 0.990
0.989 0.989
0.930 0.938
0.972 0.981
0.985 0.990
1.000 0.999
0.993 0.997
0.991 0.992
0.983 0.968
0.947 0.962
0.997 0.996
0.983 0.971
0.993 0.989
0.999 1.000
0.993 0.991
0.977 0.971
0.995 0.992
0.934 0.933
0.974 0.991
0.994 0.991
0.997 0.995
0.997 0.998
0.993 0.993
0.974 0.977
0.993 0.996
0.941 0.926
0.970 0.984
0.988 0.986
0.999 0.996
0.998 0.998
0.995 0.993
0.971 0.976
0.993 0.995
0.941 0.926
0.983 0.993
0.988 0.987
0.997 0.994
0.998 0.999
0.993 0.989
0.975 0.972
0.993 0.991
0.934 0.939
0.996 0.999
0.988 0.983
0.993 0.988
0.999 1.000
0.991 0.994
0.977 0.984
0.987 0.984
0.939 0.955
0.998 0.993
0.980 0.975
0.990 0.988
1.000 0.999
0.993 0.995
0.985 0.990
0.978 0.973
0.957 0.972
0.987 0.980
0.971 0.969
0.988 0.986
1.000 0.999
0.993 0.994
0.993 0.993
0.957 0.947
0.971 0.992
0.969 0.952
0.970 0.975
0.985 0.989
0.999 0.999
0.999 0.999
0.996 0.993
0.971 0.969
0.993 0.988
0.931 0.926
0.993 0.999
0.983 0.980
0.994 0.989
1.000 0.999
0.991 0.993
0.990 0.995
0.965 0.959
0.966 0.979
0.971 0.955
0.972 0.972
0.988 0.991
0.999 0.997
0.998 0.999
0.993 0.994
0.980 0.991
0.978 0.970
0.964 0.975
0.970 0.962
0.971 0.974
0.987 0.994
0.999 0.993
0.999 1.000
0.993 0.997
0.988 0.453
0.975 0.250
0.983 -nan
0.947 -nan
0.976 -nan
0.989 -nan
0.995 -nan
0.997 -nan
0.986 -nan
0.832 0.396
0.850 0.952
0.987 0.644
0.988 0.984
0.995 0.600
0.994 0.739
0.998 0.998
0.980 0.981
0.998 0.998
0.978 0.978
0.985 0.987
0.993 0.995
0.995 0.994
0.997 0.992
0.994 0.996
0.991 0.990
0.969 0.975
0.978 0.971
0.995 0.993
0.996 0.994
0.992 0.994
0.995 0.992
0.989 0.993
0.989 0.990
0.980 0.981
0.971 0.978
0.994 0.987
0.996 0.994
0.997 0.997
0.987 0.989
0.999 0.997
0.988 0.989
0.987 0.990
0.976 0.980
0.972 0.966
0.993 0.991
0.996 0.993
0.997 0.996
0.987 0.984
0.998 0.997
0.989 0.988
0.988 0.992
0.971 0.831
0.971 0.250
0.995 -nan
0.997 -nan
0.996 -nan
0.972 -nan
0.996 -nan
0.995 -nan
0.992 -nan
0.927 0.679
0.967 0.988
0.992 0.821
0.985 0.750
0.998 0.888
0.986 0.674
0.987 0.820
0.948 0.464
0.991 0.994
0.988 0.995
0.990 0.986
0.999 1.000
0.992 0.987
0.984 0.980
0.932 0.935
0.981 0.983
0.989 0.991
0.991 0.985
0.999 0.996
0.988 0.992
0.985 0.984
0.953 0.980
0.990 0.978
0.997 0.995
0.972 0.972
0.998 0.994
0.994 0.998
0.996 0.984
0.989 0.984
0.932 0.923
0.983 0.984
0.989 0.997
0.983 0.975
0.998 0.997
0.989 0.990
0.995 0.996
0.989 0.989
0.913 0.923
0.984 0.984
0.990 0.993
0.988 0.983
0.998 0.994
0.989 0.990
0.998 0.993
0.980 0.980
0.923 0.915
0.984 0.988
0.993 0.995
0.989 0.976
0.994 0.990
0.994 0.998
0.993 0.983
0.980 0.976
0.916 0.932
0.992 0.993
0.997 0.998
0.976 0.980
0.990 0.987
0.999 1.000
0.984 0.984
0.977 0.981
0.939 0.966
0.993 0.987
0.995 0.989
0.974 0.974
0.981 0.984
0.998 0.998
0.993 0.985
0.982 0.988
0.977 0.989
0.977 0.943
0.985 0.985
0.982 0.985
0.987 0.985
0.997 0.991
0.989 0.989
0.990 0.994
0.983 0.979
0.906 0.916
0.980 0.985
0.988 0.992
0.989 0.989
0.996 0.993
0.993 0.996
0.995 0.985
0.974 0.974
0.926 0.932
0.995 0.993
0.996 0.990
0.972 0.978
0.981 0.976
0.999 0.996
0.991 0.986
0.983 0.986
0.991 0.985
0.924 0.907
0.981 0.989
0.990 0.996
0.987 0.974
0.989 0.983
0.998 0.998
0.984 0.987
0.985 0.981
0.983 0.993
0.949 0.917
0.977 0.985
0.990 0.995
0.980 0.976
0.980 0.976
0.997 0.995
0.984 0.723
0.987 0.250
0.990 -nan
0.890 -nan
0.994 -nan
0.993 -nan
0.985 -nan
0.985 -nan
0.997 -nan
0.854 0.495
0.976 0.849
0.991 0.788
0.980 0.734
0.981 0.509
0.999 0.680
0.980 0.414
0.951 0.661
1.000 1.000
0.984 0.992
0.993 0.987
0.977 0.982
0.978 0.986
0.981 0.987
0.981 0.995
0.993 0.974
0.996 0.993
0.975 0.977
0.985 0.987
0.976 0.978
0.981 0.986
0.986 0.979
0.986 0.996
0.989 0.963
0.995 0.997
0.981 0.986
0.988 0.989
0.980 0.980
0.978 0.984
0.988 0.981
0.990 0.993
0.943 0.950
0.991 0.995
0.998 0.995
0.977 0.979
0.984 0.983
0.983 0.974
0.981 0.985
0.981 0.983
0.993 0.990
0.949 0.982
0.996 0.993
0.995 0.415
0.988 0.250
0.987 -nan
0.980 -nan
0.984 -nan
0.983 -nan
0.985 -nan
0.994 -nan
0.974 -nan
0.902 0.730
0.916 0.574
0.994 0.705
0.991 0.911
0.992 0.605
0.941 0.456
0.995 0.819
0.985 0.967
0.977 0.983
0.993 0.992
0.988 0.987
0.997 0.996
0.963 0.964
0.991 0.996
0.990 0.987
0.980 0.980
0.992 0.990
0.986 0.992
0.996 0.992
0.970 0.977
0.997 0.999
0.984 0.984
0.986 0.995
0.979 0.974
0.984 0.987
0.991 0.978
0.995 0.997
0.942 0.955
0.991 0.991
0.993 0.990
0.979 0.983
0.991 0.985
0.992 0.985
0.986 0.987
0.998 0.998
0.976 0.950
0.979 0.993
0.998 0.991
0.984 0.978
0.991 0.992
0.985 0.981
0.990 0.991
0.999 0.998
0.975 0.950
0.987 0.988
0.993 0.989
0.977 0.982
0.990 0.987
0.979 0.983
0.991 0.989
0.997 0.997
0.956 0.955
0.989 0.984
0.987 0.991
0.981 0.984
0.987 0.984
0.981 0.984
0.990 0.987
0.998 0.997
0.955 0.957
0.989 0.993
0.990 0.989
0.990 0.997
0.981 0.983
0.992 0.990
0.984 0.985
0.998 0.995
0.957 0.965
0.995 0.998
0.986 0.981
0.997 0.996
0.989 0.985
0.995 0.996
0.989 0.989
0.988 0.983
0.977 0.990
0.999 0.997
0.973 0.978
0.997 0.999
0.983 0.985
0.996 0.993
0.984 0.973
0.990 0.991
1.000 0.995
0.980 0.956
0.989 0.985
0.993 0.990
0.976 0.987
0.983 0.982
0.986 0.992
0.990 0.993
0.995 0.991
0.961 0.976
0.996 0.999
0.978 0.970
0.999 0.998
0.984 0.983
0.994 0.992
0.974 0.978
0.994 0.995
0.998 0.997
0.948 0.955
0.991 0.993
0.984 0.980
0.999 0.997
0.981 0.980
0.993 0.990
0.981 0.986
0.997 0.992
0.991 0.934
0.969 -nan
0.995 -nan
0.968 -nan
0.994 -nan
0.986 -nan
0.989 -nan
0.994 -nan
0.989 -nan
0.993 0.386
0.951 0.973
0.996 0.975
0.994 0.835
0.994 0.971
0.976 0.859
0.993 0.652
0.998 0.637
0.996 0.998
0.986 0.990
0.996 0.989
0.992 0.992
0.979 0.975
0.997 0.996
1.000 0.999
0.995 0.995
0.980 0.983
0.988 0.988
0.985 0.991
0.993 0.983
0.978 0.972
0.995 0.998
1.000 0.999
0.995 0.995
0.981 0.984
0.991 0.987
0.997 0.997
0.989 0.989
0.974 0.984
0.995 0.995
0.996 0.996
0.997 0.997
0.990 0.990
0.979 0.978
0.980 0.990
0.995 0.993
0.986 0.987
0.972 0.982
0.997 0.994
0.994 0.996
0.998 0.999
0.992 0.995
0.984 0.983
0.992 0.760
0.993 -nan
0.992 -nan
0.984 -nan
0.993 -nan
0.997 -nan
0.999 -nan
0.993 -nan
0.986 -nan
0.966 0.764
0.970 0.718
0.997 0.635
0.998 0.748
0.995 0.919
0.991 0.411
0.980 0.620
0.996 0.474
0.987 0.984
0.992 0.997
0.998 0.998
0.995 0.993
0.995 0.997
0.978 0.975
0.984 0.976
0.985 0.977
0.993 0.998
0.997 0.996
0.991 0.995
0.995 0.991
0.980 0.992
0.982 0.981
0.983 0.982
0.999 0.998
0.991 0.992
0.997 0.999
0.996 0.998
0.994 0.991
0.980 0.976
0.984 0.981
0.984 0.978
0.995 0.998
0.996 0.995
0.994 0.998
0.985 0.991
0.987 0.992
0.973 0.981
0.992 0.984
0.983 0.983
0.989 0.996
0.996 0.992
0.996 0.995
0.985 0.993
0.989 0.991
0.978 0.974
0.987 0.978
0.984 0.982
0.992 0.995
0.995 0.994
0.994 0.998
0.990 0.992
0.989 0.993
0.978 0.980
0.976 0.969
0.984 0.977
0.996 0.999
0.993 0.993
0.998 0.999
0.993 0.997
0.991 0.991
0.980 0.981
0.977 0.976
0.982 0.987
0.998 0.999
0.995 0.993
0.999 1.000
0.997 0.997
0.993 0.996
0.978 0.975
0.971 0.985
0.987 0.987
0.995 0.984
0.994 0.991
0.998 0.998
0.995 0.992
0.995 0.994
0.978 0.987
0.991 0.983
0.991 0.993
0.986 0.992
0.991 0.994
0.993 0.993
0.997 0.997
0.986 0.985
0.985 0.982
0.984 0.983
0.983 0.976
0.985 0.979
0.995 0.996
0.994 0.996
0.999 1.000
0.995 0.997
0.994 0.995
0.976 0.978
0.980 0.985
0.987 0.994
0.981 0.985
0.994 0.995
0.995 0.991
0.996 0.993
0.987 0.994
0.989 0.995
0.966 0.972
0.971 0.976
0.980 0.991
0.971 0.988
0.989 0.994
0.989 0.991
0.995 0.998
0.993 0.994
0.996 0.750
0.984 -nan
0.989 -nan
0.989 -nan
0.987 -nan
0.992 -nan
0.990 -nan
0.997 -nan
0.991 -nan
0.929 0.659
0.934 0.999
0.992 0.402
0.991 0.947
0.997 0.776
0.999 0.984
0.991 0.784
0.996 0.499
0.998 0.997
0.980 0.979
0.995 0.997
0.996 0.995
0.997 0.998
0.996 0.994
0.996 0.996
0.993 0.998
0.971 0.971
0.987 0.975
0.994 0.987
0.998 0.998
0.994 0.997
0.994 0.992
0.996 0.995
0.994 0.996
0.971 0.978
0.975 0.983
0.993 0.996
0.998 0.994
0.997 0.995
0.989 0.989
0.997 0.998
0.999 0.998
0.989 0.989
0.979 0.974
0.989 0.976
0.989 0.991
0.997 0.998
0.996 0.997
0.990 0.991
0.992 0.994
0.999 0.999
0.990 0.990
0.965 0.967
0.980 0.567
0.995 0.250
0.997 -nan
0.993 -nan
0.992 -nan
0.991 -nan
0.999 -nan
0.998 -nan
0.983 -nan
0.752 0.744
0.793 0.819
0.997 0.661
0.994 0.749
0.999 0.909
0.993 0.646
0.985 0.628
0.953 0.948
0.981 0.986
0.990 0.994
0.995 0.993
0.997 1.000
0.989 0.990
0.981 0.977
0.963 0.955
0.985 0.989
0.993 0.986
0.991 0.994
0.999 0.999
0.981 0.968
0.963 0.963
0.961 0.962
0.995 0.989
0.976 0.976
0.990 0.993
0.999 0.996
0.991 0.995
0.993 0.990
0.978 0.974
0.961 0.953
0.989 0.993
0.984 0.980
0.993 0.987
0.999 0.999
0.982 0.987
0.989 0.994
0.983 0.974
