0.000 0.000 0.000 0.000 
46551.000 45388.000 45623.000 45843.000 
69535.000 69466.000 67920.000 68032.000 
101538.000 101462.000 101402.000 101362.000 
152237.000 150641.000 150573.000 150667.000 
201695.000 201637.000 201568.000 200043.000 
235995.000 236724.000 237558.000 238341.000 
264316.000 265064.000 265028.000 265832.000 
287869.000 288006.000 288134.000 288117.000 
292911.000 292912.000 292940.000 292990.000 
298585.000 298638.000 298397.000 298377.000 
302539.000 302509.000 302514.000 302481.000 
308154.000 308088.000 307972.000 307962.000 
312166.000 312125.000 312037.000 312077.000 
317604.000 317562.000 317637.000 317599.000 
321701.000 321694.000 321617.000 321653.000 
327084.000 327088.000 327164.000 327029.000 
331163.000 331251.000 331267.000 331204.000 
336686.000 336655.000 336545.000 336572.000 
340690.000 340820.000 340838.000 340695.000 
346382.000 346086.000 345991.000 346005.000 
350331.000 350277.000 350196.000 350318.000 
355685.000 355663.000 355648.000 355654.000 
359822.000 359819.000 359810.000 359862.000 
365128.000 365238.000 365337.000 365042.000 
369393.000 369419.000 369431.000 369272.000 
374761.000 374811.000 374716.000 374576.000 
379017.000 379088.000 378866.000 378892.000 
384442.000 384046.000 384095.000 384170.000 
388563.000 388406.000 388526.000 388518.000 
393640.000 393635.000 393645.000 393779.000 
397928.000 397965.000 398146.000 398097.000 
403179.000 403330.000 403319.000 402899.000 
407634.000 407601.000 407489.000 407453.000 
412801.000 412862.000 412537.000 412567.000 
417255.000 417111.000 417022.000 417079.000 
422455.000 422075.000 422177.000 422257.000 
426661.000 426664.000 426687.000 426709.000 
431649.000 431695.000 431798.000 431765.000 
436154.000 436230.000 436300.000 436158.000 
441225.000 441372.000 441283.000 441008.000 
445834.000 445859.000 445777.000 445664.000 
450966.000 450802.000 450479.000 450534.000 
455285.000 455230.000 455183.000 455408.000 
460344.000 460104.000 460101.000 460202.000 
464885.000 464788.000 464860.000 464797.000 
469639.000 469712.000 469827.000 469676.000 
474367.000 474518.000 474334.000 474330.000 
479324.000 479278.000 479287.000 478926.000 
484025.000 483995.000 483922.000 483839.000 
488833.000 488861.000 488513.000 488668.000 
493483.000 493481.000 493477.000 493555.000 
498455.000 497981.000 498188.000 498142.000 
502983.000 503026.000 503041.000 502978.000 
507601.000 507724.000 507610.000 507574.000 
512586.000 512543.000 512496.000 512504.000 
517261.000 517230.000 517283.000 516800.000 
522127.000 522102.000 522054.000 522047.000 
526735.000 526812.000 526499.000 526454.000 
531680.000 531717.000 531655.000 531604.000 
536372.000 535917.000 536059.000 536127.000 
541183.000 541233.000 541267.000 541134.000 
545611.000 545547.000 545545.000 545653.000 
550704.000 550732.000 550771.000 550690.000 
555217.000 555176.000 555122.000 554747.000 
560320.000 560204.000 560182.000 560261.000 
564618.000 564736.000 564324.000 564261.000 
569880.000 569813.000 569686.000 569732.000 
574247.000 573767.000 573963.000 573935.000 
579420.000 579361.000 579363.000 579273.000 
583387.000 583403.000 583432.000 583589.000 
588846.000 588916.000 588886.000 588877.000 
593058.000 593037.000 593014.000 592547.000 
598476.000 598420.000 598457.000 598367.000 
602708.000 602702.000 602095.000 602137.000 
608035.000 608040.000 607988.000 608107.000 
614556.000 614320.000 614327.000 614330.000 
622380.000 622310.000 622376.000 622085.000 
630597.000 630596.000 630596.000 630569.000 
640501.000 640586.000 640085.000 640014.000 
650731.000 650760.000 650832.000 650266.000 
661541.000 661305.000 661384.000 661364.000 
673055.000 672954.000 672538.000 672597.000 
685596.000 685550.000 685529.000 685560.000 
698369.000 697859.000 697882.000 697969.000 
710957.000 710936.000 710900.000 710580.000 
724163.000 724246.000 724391.000 724300.000 
739065.000 739118.000 738580.000 738534.000 
752974.000 752972.000 753143.000 752631.000 
767691.000 767398.000 767294.000 767165.000 
781647.000 781648.000 781330.000 781384.000 
795956.000 796032.000 796006.000 795977.000 
812546.000 812039.000 812000.000 811908.000 
828850.000 828799.000 828846.000 828451.000 
845124.000 845270.000 845227.000 845225.000 
862553.000 862483.000 861858.000 861812.000 
879029.000 878934.000 878890.000 878408.000 
895815.000 895449.000 895428.000 895376.000 
912143.000 912185.000 911722.000 911758.000 
920407.000 923947.000 923899.000 923956.000 
920407.000 924206.000 924054.000 924061.000 
920407.000 924362.000 924269.000 924637.000 
920407.000 924376.000 924290.000 924367.000 
920407.000 924155.000 924286.000 924381.000 
920407.000 924431.000 924464.000 924377.000 
920407.000 924417.000 924530.000 924431.000 
920407.000 924617.000 924463.000 924492.000 
920407.000 924563.000 924463.000 924489.000 
920407.000 925146.000 924577.000 924583.000 
920407.000 925146.000 924577.000 924583.000 
920407.000 925146.000 924577.000 924583.000 
920407.000 925146.000 924577.000 924583.000 
920407.000 925146.000 924577.000 924583.000 
920407.000 925146.000 924577.000 924583.000 
920407.000 925146.000 924577.000 924583.000 
920407.000 925146.000 924577.000 924583.000 
920407.000 925146.000 924577.000 924583.000 
920407.000 925146.000 924577.000 924583.000 
920407.000 925146.000 924577.000 924583.000 
920407.000 925146.000 924577.000 924583.000 
920407.000 925146.000 924577.000 924583.000 
920407.000 925146.000 924577.000 924583.000 
920407.000 925146.000 924577.000 924583.000 
920407.000 925146.000 924577.000 924583.000 
920407.000 925146.000 924577.000 924583.000 
920407.000 925146.000 924577.000 924583.000 
920407.000 925146.000 924577.000 924583.000 
920407.000 925146.000 924577.000 924583.000 
920407.000 925146.000 924577.000 924583.000 
920407.000 925146.000 924577.000 924583.000 
920407.000 925146.000 924577.000 924583.000 
920407.000 925146.000 924577.000 924583.000 
920407.000 925146.000 924577.000 924583.000 
920407.000 840626.000 832297.000 924583.000 
920407.000 922314.000 919296.000 715834.000 
920407.000 1022590.000 1019591.000 788713.000 
920407.000 1068017.000 1060266.000 889018.000 
920407.000 1068017.000 1060266.000 989389.000 
920407.000 1068017.000 1060266.000 1040459.000 
701336.000 1068017.000 1060266.000 1040459.000 
661809.000 1068017.000 1060266.000 1040459.000 
661809.000 1068017.000 1060266.000 1040459.000 
661809.000 1068017.000 1060266.000 1040459.000 
504900.000 931606.000 1060266.000 1040459.000 
488807.000 461835.000 463394.000 1040459.000 
490122.000 458751.000 459693.000 457998.000 
490122.000 458780.000 459594.000 443885.000 
448630.000 423800.000 423592.000 443729.000 
440316.000 452773.000 453616.000 443762.000 
455040.000 477492.000 485939.000 451877.000 
455040.000 481276.000 490462.000 487727.000 
454218.000 486198.000 494597.000 491046.000 
461897.000 497004.000 507879.000 504530.000 
481344.000 506306.000 494886.000 528162.000 
505533.000 519632.000 510895.000 524367.000 
505533.000 525764.000 516839.000 511258.000 
505717.000 530711.000 521781.000 516577.000 
515439.000 538125.000 528494.000 522487.000 
530712.000 537182.000 531312.000 531001.000 
537890.000 537816.000 538312.000 537886.000 
540113.000 543452.000 544832.000 543057.000 
540113.000 548935.000 549964.000 548024.000 
542547.000 555407.000 556087.000 553670.000 
555181.000 558831.000 559784.000 558241.000 
562368.000 563427.000 563083.000 563527.000 
568703.000 568223.000 568748.000 567409.000 
568898.000 572353.000 573397.000 573774.000 
568898.000 576719.000 577838.000 578520.000 
573054.000 581818.000 582001.000 582450.000 
584833.000 586074.000 587015.000 586152.000 
590627.000 590838.000 591470.000 590603.000 
595994.000 594921.000 595085.000 594885.000 
595995.000 599342.000 599838.000 600304.000 
595995.000 602925.000 602957.000 603288.000 
600226.000 606652.000 606874.000 608828.000 
610740.000 611313.000 611510.000 611724.000 
615756.000 615980.000 616045.000 616882.000 
622646.000 621017.000 620746.000 620800.000 
624943.000 624587.000 624677.000 626592.000 
624943.000 627084.000 627063.000 629237.000 
627879.000 630703.000 630707.000 632997.000 
635402.000 635437.000 635610.000 635956.000 
641417.000 640293.000 640249.000 640041.000 
646654.000 644996.000 645110.000 644854.000 
653043.000 650763.000 650878.000 650723.000 
653043.000 653966.000 653969.000 651767.000 
653599.000 654312.000 654715.000 654097.000 
657403.000 658172.000 657941.000 658963.000 
662705.000 661426.000 661906.000 661871.000 
669078.000 667456.000 666873.000 668217.000 
675565.000 671971.000 672362.000 672029.000 
681736.000 677714.000 677995.000 677551.000 
681736.000 679654.000 679667.000 679602.000 
680986.000 680796.000 680843.000 680844.000 
683972.000 683225.000 684066.000 684099.000 
692524.000 690076.000 689987.000 689746.000 
699437.000 694650.000 694687.000 694758.000 
706814.000 698481.000 698552.000 698630.000 
721707.000 703686.000 703274.000 703387.000 
721707.000 706705.000 706709.000 706812.000 
712843.000 707782.000 707668.000 707541.000 
712116.000 710088.000 710435.000 710071.000 
721150.000 717101.000 717065.000 716983.000 
733528.000 720819.000 720650.000 720681.000 
745904.000 723139.000 722575.000 722867.000 
761748.000 723521.000 723478.000 723653.000 
779518.000 738671.000 738375.000 738476.000 
779518.000 740231.000 740156.000 740228.000 
745711.000 743385.000 743417.000 743344.000 
750668.000 746917.000 747238.000 747239.000 
767382.000 749137.000 749239.000 749128.000 
785287.000 750047.000 750268.000 750063.000 
802675.000 750535.000 750680.000 750456.000 
820357.000 751938.000 751910.000 752172.000 
841971.000 766724.000 766828.000 766724.000 
811429.000 779876.000 779853.000 779882.000 
786712.000 784209.000 784032.000 784157.000 
798028.000 787668.000 787248.000 787089.000 
818067.000 789532.000 789564.000 789436.000 
837220.000 790200.000 789998.000 789673.000 
857284.000 790336.000 789865.000 789801.000 
878938.000 792413.000 792300.000 793027.000 
901601.000 797703.000 798026.000 798169.000 
923864.000 813770.000 813048.000 812909.000 
890998.000 826490.000 826881.000 826405.000 
868449.000 835657.000 836173.000 835940.000 
884504.000 839131.000 839015.000 838896.000 
902745.000 839359.000 839369.000 839381.000 
922862.000 839250.000 839366.000 839556.000 
944105.000 841335.000 841458.000 841350.000 
965701.000 843351.000 843398.000 843453.000 
986234.000 847685.000 847724.000 847815.000 
1006899.000 853865.000 853848.000 853974.000 
1018508.000 859644.000 859152.000 859366.000 
1027163.000 862680.000 862592.000 862737.000 
1038570.000 865036.000 864648.000 864665.000 
1054995.000 865173.000 865376.000 865445.000 
1076071.000 867623.000 867686.000 867543.000 
1098380.000 870379.000 870455.000 870688.000 
1119713.000 872695.000 873080.000 872308.000 
1136748.000 876709.000 876679.000 876669.000 
1136748.000 879992.000 879946.000 880348.000 
1136748.000 884487.000 885082.000 884478.000 
1136748.000 888083.000 888372.000 887674.000 
1136748.000 892550.000 891462.000 891377.000 
1136748.000 894620.000 894619.000 894087.000 
1136748.000 898271.000 898194.000 898045.000 
1136748.000 902566.000 902198.000 902330.000 
1136748.000 906451.000 906118.000 906326.000 
1136748.000 910198.000 910860.000 910552.000 
1136748.000 915729.000 915697.000 915682.000 
1136748.000 920447.000 920994.000 920893.000 
1136748.000 922998.000 923393.000 923316.000 
1136748.000 922720.000 923393.000 923316.000 
1136748.000 922720.000 923393.000 923316.000 
1136748.000 922720.000 923393.000 923316.000 
1136748.000 922720.000 923393.000 923316.000 
1136748.000 922720.000 923393.000 923316.000 
1136748.000 922720.000 923393.000 923316.000 
1136748.000 922720.000 923393.000 923316.000 
1136748.000 922720.000 923393.000 923316.000 
1136748.000 922720.000 923393.000 923316.000 
1136748.000 922720.000 923393.000 923316.000 
1136748.000 922720.000 923393.000 923316.000 
1136748.000 922720.000 923393.000 923316.000 
1136748.000 922720.000 923393.000 923316.000 
1136748.000 922720.000 923393.000 923316.000 
1136748.000 922720.000 923393.000 923316.000 
1053169.000 681025.000 717809.000 704297.000 
667588.000 654981.000 652018.000 651796.000 
674163.000 649240.000 649198.000 648776.000 
765124.000 649521.000 649299.000 649066.000 
865714.000 649923.000 650186.000 649870.000 
964574.000 650214.000 650523.000 650280.000 
978917.000 658162.000 654202.000 655920.000 
978917.000 699275.000 700317.000 700558.000 
978917.000 727654.000 727020.000 704964.000 
978917.000 730918.000 726269.000 721371.000 
978917.000 728833.000 729184.000 729389.000 
978917.000 734144.000 733616.000 732912.000 
978917.000 738543.000 738564.000 738012.000 
978917.000 742872.000 743698.000 743479.000 
978917.000 734605.000 733304.000 734454.000 
978917.000 712160.000 711916.000 712691.000 
720284.000 714289.000 714027.000 713861.000 
719171.000 719701.000 718916.000 719209.000 
724227.000 724889.000 723822.000 724227.000 
729323.000 729709.000 729089.000 729697.000 
734178.000 734431.000 734822.000 735292.000 
737708.000 740402.000 739948.000 739141.000 
737708.000 747397.000 746514.000 745629.000 
757071.000 757677.000 755364.000 750057.000 
792920.000 763897.000 763648.000 763711.000 
794372.000 771052.000 771835.000 771164.000 
797050.000 778784.000 778353.000 778181.000 
799509.000 786143.000 785860.000 785371.000 
802127.000 792749.000 792639.000 792421.000 
804209.000 800500.000 800249.000 801611.000 
804209.000 805987.000 806098.000 806909.000 
809979.000 813139.000 811950.000 812772.000 
818439.000 818158.000 816935.000 816499.000 
823636.000 822615.000 822354.000 822618.000 
829469.000 827827.000 828494.000 827851.000 
835219.000 833160.000 833470.000 833001.000 
839541.000 838173.000 838282.000 838087.000 
844985.000 842642.000 842769.000 842764.000 
845280.000 847878.000 848769.000 846667.000 
846794.000 852557.000 852837.000 850272.000 
855777.000 855344.000 855226.000 854770.000 
860971.000 859463.000 859117.000 859279.000 
866012.000 863092.000 863302.000 863251.000 
870923.000 867003.000 867217.000 867223.000 
874978.000 870894.000 870898.000 871349.000 
877962.000 874503.000 874264.000 873624.000 
880150.000 877914.000 877830.000 877903.000 
880150.000 881173.000 881252.000 881164.000 
881951.000 883645.000 883714.000 883579.000 
887038.000 886502.000 886271.000 885860.000 
890003.000 888256.000 888564.000 888532.000 
893346.000 891459.000 891234.000 891540.000 
895142.000 893712.000 893642.000 893657.000 
898098.000 896477.000 896208.000 896220.000 
900784.000 897992.000 897684.000 898143.000 
902222.000 900081.000 900189.000 899927.000 
902222.000 903507.000 901122.000 901227.000 
902479.000 902873.000 902529.000 902919.000 
906152.000 905216.000 904986.000 904811.000 
907935.000 905920.000 905972.000 905796.000 
908885.000 906667.000 906658.000 906885.000 
909842.000 907728.000 907388.000 907308.000 
911017.000 909073.000 909131.000 909362.000 
914397.000 911070.000 911298.000 910969.000 
914997.000 911981.000 911930.000 911992.000 
914998.000 913037.000 913134.000 913130.000 
913909.000 913185.000 913042.000 913053.000 
914461.000 913336.000 913314.000 913249.000 
913941.000 913923.000 913833.000 913959.000 
916302.000 913841.000 913892.000 913987.000 
915589.000 914124.000 914252.000 914303.000 
917884.000 915186.000 915296.000 915691.000 
917873.000 917508.000 917646.000 917403.000 
920141.000 917853.000 917964.000 917820.000 
920363.000 918678.000 918733.000 918578.000 
919799.000 918771.000 918556.000 918699.000 
918850.000 918724.000 918456.000 918721.000 
918630.000 918821.000 918784.000 918624.000 
918707.000 918712.000 918864.000 918570.000 
921010.000 918670.000 918774.000 918735.000 
921386.000 919299.000 919195.000 920204.000 
921209.000 921174.000 921822.000 920708.000 
921863.000 921820.000 921970.000 921884.000 
921928.000 921913.000 921879.000 921910.000 
921928.000 921845.000 921898.000 922855.000 
922771.000 922693.000 923731.000 922830.000 
923420.000 924775.000 923466.000 923560.000 
923393.000 924775.000 923712.000 923254.000 
925828.000 924775.000 923241.000 923489.000 
925905.000 924775.000 923321.000 923489.000 
925905.000 924775.000 923321.000 923489.000 
925905.000 924775.000 923321.000 923489.000 
925905.000 924775.000 923321.000 923489.000 
925905.000 924775.000 923321.000 923489.000 
925905.000 924775.000 923321.000 923489.000 
925905.000 924775.000 923321.000 923489.000 
925905.000 924775.000 923321.000 923489.000 
925905.000 924775.000 923321.000 923489.000 
925905.000 924775.000 923321.000 923489.000 
730271.000 924775.000 923321.000 923489.000 
691245.000 924775.000 923321.000 923489.000 
650990.000 924775.000 682475.000 661427.000 
651700.000 726652.000 648165.000 649472.000 
651711.000 726652.000 641081.000 644206.000 
651747.000 625396.000 641988.000 609724.000 
652229.000 624691.000 620446.000 620111.000 
681310.000 638538.000 638509.000 639209.000 
654450.000 651446.000 650491.000 662365.000 
672369.000 672588.000 695660.000 677967.000 
695620.000 713421.000 708644.000 695898.000 
710853.000 724517.000 720210.000 707137.000 
714476.000 700633.000 723407.000 696959.000 
720933.000 715868.000 707701.000 706497.000 
740922.000 725756.000 723652.000 724143.000 
740751.000 739369.000 739426.000 740257.000 
745799.000 745565.000 746167.000 746221.000 
752369.000 753267.000 752626.000 752033.000 
760077.000 758476.000 759237.000 760525.000 
765468.000 757127.000 766509.000 764119.000 
774437.000 770498.000 766449.000 765959.000 
786814.000 777472.000 775881.000 775509.000 
786205.000 785834.000 786121.000 785822.000 
792002.000 792981.000 792687.000 793205.000 
799194.000 799349.000 799164.000 799469.000 
806127.000 806607.000 805955.000 805656.000 
811911.000 812118.000 812806.000 812422.000 
818000.000 813019.000 818747.000 817221.000 
828690.000 822510.000 824730.000 822856.000 
831249.000 830204.000 829143.000 829640.000 
836942.000 835404.000 835726.000 835007.000 
840053.000 841941.000 841569.000 842068.000 
846480.000 846853.000 846943.000 846969.000 
851945.000 852149.000 852132.000 851857.000 
857873.000 857267.000 857313.000 856685.000 
862648.000 859877.000 862192.000 862515.000 
867505.000 864381.000 868320.000 864108.000 
871308.000 871485.000 870489.000 871907.000 
876188.000 876049.000 875319.000 875345.000 
879537.000 879538.000 879444.000 879026.000 
883108.000 884046.000 883896.000 884188.000 
888075.000 887296.000 887420.000 887659.000 
891493.000 891505.000 891544.000 891225.000 
894287.000 894431.000 893971.000 894924.000 
897223.000 897443.000 898785.000 899037.000 
900742.000 899800.000 903495.000 900150.000 
903274.000 904797.000 903500.000 904166.000 
906710.000 906588.000 906221.000 906475.000 
910053.000 909566.000 909103.000 909249.000 
911022.000 912096.000 911966.000 912597.000 
914490.000 915141.000 914348.000 915093.000 
915861.000 916646.000 915562.000 915680.000 
918345.000 918575.000 918339.000 918531.000 
920209.000 920151.000 920221.000 921866.000 
923226.000 920903.000 922334.000 922804.000 
923427.000 923144.000 923218.000 924470.000 
923437.000 923341.000 923317.000 924470.000 
923565.000 923341.000 923317.000 924470.000 
923565.000 923341.000 923317.000 924470.000 
923565.000 923341.000 923317.000 924470.000 
923565.000 923341.000 923317.000 924470.000 
923565.000 923341.000 923317.000 924470.000 
923565.000 923341.000 923317.000 924470.000 
923565.000 923341.000 923317.000 924470.000 
923565.000 923341.000 923317.000 924470.000 
923565.000 923341.000 923317.000 924470.000 
923565.000 923341.000 923317.000 924470.000 
923565.000 923341.000 923317.000 869859.000 
923565.000 923341.000 809206.000 651272.000 
657420.000 923341.000 648517.000 647734.000 
647635.000 858808.000 647747.000 647514.000 
648296.000 649130.000 647866.000 648095.000 
648405.000 634372.000 643820.000 635670.000 
644111.000 633361.000 631308.000 634248.000 
645926.000 647010.000 645679.000 663807.000 
657983.000 657531.000 669741.000 672509.000 
693636.000 659531.000 675768.000 668644.000 
700883.000 679116.000 681751.000 670349.000 
702631.000 690847.000 680206.000 679665.000 
704384.000 680759.000 680093.000 680407.000 
705617.000 696095.000 694731.000 698028.000 
700808.000 701141.000 700568.000 701096.000 
704398.000 704836.000 704620.000 706210.000 
709004.000 705648.000 708825.000 708855.000 
713120.000 712086.000 713042.000 711552.000 
717293.000 717509.000 715286.000 715430.000 
720143.000 721769.000 715519.000 717122.000 
723888.000 724140.000 725100.000 724000.000 
728029.000 728140.000 728571.000 728866.000 
731931.000 732345.000 732430.000 732620.000 
736070.000 733220.000 735164.000 735398.000 
738942.000 738248.000 740394.000 738036.000 
743955.000 743629.000 743000.000 742314.000 
746424.000 746863.000 745799.000 744115.000 
749077.000 749923.000 748847.000 749023.000 
752145.000 752885.000 752775.000 753620.000 
754993.000 757108.000 755789.000 755673.000 
758383.000 758442.000 759323.000 760053.000 
761829.000 759416.000 762077.000 761921.000 
764707.000 764290.000 764127.000 763270.000 
766168.000 766499.000 765596.000 766339.000 
769627.000 768886.000 768791.000 767731.000 
770629.000 770820.000 770450.000 771643.000 
772569.000 772944.000 772810.000 772656.000 
774321.000 775192.000 774615.000 774641.000 
776025.000 775935.000 775988.000 776256.000 
776644.000 776627.000 778189.000 777956.000 
779230.000 779169.000 779159.000 778874.000 
780582.000 781676.000 780595.000 780396.000 
782415.000 783074.000 781235.000 781563.000 
783456.000 783182.000 783131.000 783197.000 
783971.000 783976.000 784098.000 783979.000 
785056.000 785120.000 784791.000 785800.000 
786969.000 785580.000 785662.000 785555.000 
787296.000 786487.000 787070.000 786344.000 
787320.000 787173.000 787140.000 787061.000 
787178.000 787215.000 787199.000 787148.000 
787470.000 788597.000 787523.000 787856.000 
787971.000 788018.000 787993.000 788016.000 
788005.000 788000.000 788025.000 788021.000 
788109.000 788136.000 788263.000 789636.000 
790535.000 788675.000 788763.000 788865.000 
789866.000 790035.000 790930.000 789080.000 
790385.000 790464.000 790393.000 790211.000 
790445.000 790351.000 790418.000 790522.000 
790649.000 792484.000 790498.000 790493.000 
791054.000 791138.000 791329.000 791216.000 
791141.000 791156.000 791192.000 791292.000 
791100.000 791395.000 791201.000 791146.000 
791226.000 791296.000 791157.000 791198.000 
791216.000 791248.000 791184.000 791168.000 
791195.000 791230.000 791227.000 791173.000 
793777.000 791989.000 791989.000 792166.000 
792942.000 792625.000 792672.000 792771.000 
793565.000 793638.000 793571.000 793591.000 
793677.000 793717.000 793405.000 793576.000 
794811.000 794854.000 794510.000 795871.000 
797281.000 795266.000 795138.000 795204.000 
796171.000 795934.000 798096.000 795277.000 
796835.000 796819.000 796831.000 796647.000 
796819.000 797022.000 796694.000 796857.000 
799371.000 799873.000 797838.000 798444.000 
799164.000 799150.000 799660.000 799233.000 
800569.000 800736.000 800729.000 800718.000 
802281.000 802428.000 802225.000 802291.000 
802400.000 802143.000 804521.000 804257.000 
806122.000 803774.000 804063.000 804558.000 
805515.000 805114.000 806045.000 805188.000 
807980.000 807990.000 807920.000 807581.000 
811497.000 810604.000 809058.000 809464.000 
811020.000 811176.000 811162.000 811675.000 
814177.000 814146.000 814246.000 814270.000 
815974.000 815862.000 816338.000 816311.000 
818648.000 818107.000 818313.000 818364.000 
821479.000 819737.000 821339.000 820669.000 
825178.000 824166.000 824774.000 823318.000 
828745.000 827140.000 826905.000 826840.000 
831665.000 829474.000 829389.000 831169.000 
833508.000 834126.000 833896.000 833954.000 
836844.000 837615.000 837232.000 837887.000 
841036.000 841261.000 840571.000 841749.000 
844455.000 844701.000 845634.000 846371.000 
850750.000 845418.000 849199.000 850552.000 
856832.000 852147.000 854204.000 852388.000 
858222.000 858111.000 857682.000 859221.000 
864266.000 864204.000 863169.000 861603.000 
870779.000 868509.000 865847.000 867682.000 
872645.000 873152.000 873591.000 874791.000 
879370.000 879181.000 878662.000 880019.000 
883899.000 886432.000 884626.000 884903.000 
890175.000 890717.000 891974.000 892004.000 
897746.000 891470.000 898552.000 898307.000 
906434.000 900981.000 907377.000 901310.000 
913571.000 909733.000 910725.000 909575.000 
917502.000 918823.000 917800.000 915187.000 
926288.000 927379.000 920954.000 923173.000 
926731.000 928175.000 923319.000 924871.000 
923932.000 928175.000 924560.000 924871.000 
924254.000 928175.000 924116.000 924871.000 
924254.000 928175.000 924116.000 924871.000 
924254.000 928175.000 924116.000 924871.000 
924254.000 928175.000 924116.000 924871.000 
924254.000 928175.000 924116.000 924871.000 
924254.000 928175.000 924116.000 924871.000 
924254.000 928175.000 924116.000 924871.000 
924254.000 928175.000 924116.000 924871.000 
924254.000 928175.000 924116.000 924871.000 
924254.000 928175.000 924116.000 924871.000 
924254.000 928175.000 924116.000 924871.000 
924254.000 928175.000 780078.000 924871.000 
924254.000 928175.000 664722.000 797191.000 
924254.000 928175.000 662987.000 664660.000 
687407.000 716287.000 670156.000 675388.000 
685827.000 675897.000 670756.000 694862.000 
728070.000 684571.000 689265.000 684695.000 
703038.000 701969.000 703350.000 703027.000 
717030.000 718313.000 719371.000 718426.000 
731167.000 731579.000 731699.000 732852.000 
738922.000 739221.000 739402.000 742748.000 
744940.000 752604.000 743684.000 747841.000 
788411.000 770030.000 759732.000 758682.000 
801717.000 761346.000 767951.000 761737.000 
793731.000 780474.000 780261.000 781288.000 
788482.000 788342.000 789378.000 789725.000 
795266.000 795808.000 795893.000 796218.000 
803526.000 803532.000 803267.000 802269.000 
809727.000 810466.000 811464.000 810451.000 
816114.000 816914.000 815859.000 822410.000 
825946.000 823795.000 826021.000 826343.000 
835979.000 828345.000 836026.000 830453.000 
841095.000 840824.000 841051.000 840732.000 
848191.000 848480.000 848240.000 847986.000 
854994.000 854438.000 855747.000 856231.000 
862788.000 863287.000 862997.000 862157.000 
870021.000 870669.000 869504.000 866871.000 
876724.000 877498.000 875382.000 877257.000 
882922.000 883137.000 883681.000 885459.000 
891735.000 888253.000 890487.000 891465.000 
899768.000 894695.000 897842.000 895457.000 
904088.000 903366.000 904148.000 903265.000 
910183.000 910043.000 909983.000 910004.000 
916198.000 915772.000 916442.000 916356.000 
922005.000 921343.000 921980.000 922710.000 
922816.000 923319.000 923936.000 922846.000 
922816.000 923319.000 923936.000 922846.000 
922816.000 923319.000 923936.000 922846.000 
922816.000 923319.000 923936.000 922846.000 
922816.000 923319.000 923936.000 922846.000 
922816.000 923319.000 923936.000 922846.000 
922816.000 923319.000 923936.000 922846.000 
922816.000 923319.000 923936.000 922846.000 
922816.000 923319.000 923936.000 922846.000 
922816.000 923319.000 923936.000 922846.000 
922816.000 923319.000 923936.000 922846.000 
922816.000 923319.000 923936.000 922846.000 
922816.000 923319.000 923936.000 922846.000 
922816.000 923319.000 923936.000 922846.000 
922816.000 923319.000 923936.000 922846.000 
672091.000 678691.000 791152.000 810062.000 
661314.000 679371.000 687135.000 665311.000 
676026.000 684144.000 676188.000 675423.000 
678578.000 678818.000 678603.000 678302.000 
678817.000 678862.000 678667.000 678847.000 
678817.000 678875.000 678584.000 678903.000 
678760.000 678810.000 678909.000 678703.000 
695819.000 701863.000 693308.000 690705.000 
706084.000 708457.000 713232.000 704632.000 
712685.000 710274.000 710711.000 710634.000 
716997.000 713323.000 713692.000 713360.000 
718799.000 718391.000 718236.000 718465.000 
722807.000 723251.000 723809.000 722976.000 
726861.000 726999.000 727213.000 727457.000 
732200.000 731139.000 730769.000 731390.000 
735547.000 736281.000 736476.000 735628.000 
739822.000 740030.000 739867.000 739923.000 
745839.000 743195.000 744849.000 744021.000 
749918.000 748285.000 747642.000 748275.000 
753032.000 753556.000 752253.000 752369.000 
757360.000 757157.000 757143.000 758174.000 
761330.000 761064.000 761419.000 761606.000 
765335.000 765608.000 765183.000 764939.000 
768860.000 769166.000 769274.000 768418.000 
772101.000 771740.000 773640.000 773650.000 
776727.000 776229.000 776488.000 776224.000 
781077.000 779562.000 779476.000 779665.000 
782941.000 782779.000 782997.000 783136.000 
785759.000 785512.000 785966.000 786876.000 
789341.000 789400.000 789471.000 789368.000 
792749.000 792433.000 792225.000 792154.000 
794778.000 795202.000 794455.000 794644.000 
796713.000 796620.000 798412.000 796640.000 
799548.000 799184.000 800250.000 799332.000 
802204.000 802241.000 802038.000 802250.000 
805049.000 804899.000 803866.000 804597.000 
805954.000 806354.000 806385.000 806217.000 
808829.000 808390.000 808197.000 808300.000 
809591.000 810752.000 809729.000 809486.000 
812002.000 812037.000 812448.000 812048.000 
813304.000 813553.000 813351.000 813471.000 
814692.000 814772.000 815037.000 814655.000 
816211.000 815673.000 815606.000 815856.000 
816124.000 817926.000 815955.000 816842.000 
817828.000 817657.000 818735.000 818012.000 
818406.000 818139.000 818495.000 818331.000 
819130.000 819108.000 819077.000 818951.000 
820006.000 820171.000 819983.000 819833.000 
820883.000 820964.000 821385.000 820610.000 
821481.000 821565.000 821511.000 821622.000 
821442.000 821533.000 821472.000 821585.000 
821197.000 821529.000 821753.000 821530.000 
821342.000 821543.000 821530.000 821576.000 
821550.000 821410.000 821705.000 821422.000 
822449.000 822071.000 822027.000 822007.000 
822300.000 823284.000 822371.000 822225.000 
823828.000 823823.000 823854.000 823933.000 
824611.000 824602.000 824778.000 824578.000 
824663.000 824716.000 824625.000 824736.000 
824815.000 824719.000 824561.000 824695.000 
824823.000 824594.000 824625.000 824727.000 
824732.000 824681.000 824530.000 824784.000 
824774.000 824630.000 824817.000 824487.000 
824736.000 824667.000 824738.000 824625.000 
824564.000 824721.000 824765.000 824660.000 
825324.000 825256.000 825613.000 825626.000 
826916.000 827004.000 826957.000 827071.000 
827884.000 827837.000 827773.000 827923.000 
827898.000 827821.000 827956.000 827823.000 
827924.000 827953.000 827738.000 827797.000 
827864.000 827770.000 827961.000 827928.000 
828625.000 828665.000 828544.000 828775.000 
829981.000 830267.000 830144.000 830208.000 
831773.000 831762.000 831821.000 831827.000 
833503.000 833216.000 833248.000 833229.000 
835832.000 834702.000 834477.000 834477.000 
835025.000 835876.000 835105.000 835035.000 
836683.000 836629.000 837777.000 836637.000 
838118.000 838064.000 838307.000 838212.000 
839102.000 839430.000 839224.000 839452.000 
840920.000 840984.000 841435.000 840944.000 
842218.000 842322.000 841832.000 842801.000 
844250.000 844003.000 844305.000 844102.000 
847217.000 846224.000 846376.000 845797.000 
849478.000 847544.000 847915.000 847842.000 
850095.000 850091.000 850055.000 850372.000 
853031.000 852766.000 852452.000 854048.000 
856195.000 856274.000 856360.000 856381.000 
859191.000 859468.000 858984.000 859276.000 
861870.000 862112.000 862451.000 861934.000 
864946.000 864653.000 866252.000 864902.000 
868727.000 868471.000 868743.000 868646.000 
873424.000 871450.000 871776.000 872492.000 
876878.000 875435.000 875565.000 876328.000 
880122.000 880193.000 879929.000 879688.000 
885128.000 883993.000 884525.000 885295.000 
889345.000 888935.000 888850.000 889099.000 
893694.000 893695.000 893556.000 893921.000 
898426.000 899255.000 899320.000 898327.000 
903853.000 904816.000 903948.000 903877.000 
909926.000 908999.000 909190.000 908246.000 
915862.000 914640.000 915033.000 913857.000 
923175.000 919455.000 920017.000 919369.000 
923591.000 923834.000 923357.000 924018.000 
923591.000 923834.000 923727.000 924018.000 
923591.000 923834.000 923727.000 924018.000 
923591.000 923834.000 923727.000 924018.000 
923591.000 923834.000 923727.000 924018.000 
923591.000 923834.000 923727.000 924018.000 
923591.000 923834.000 923727.000 924018.000 
923591.000 923834.000 923727.000 924018.000 
923591.000 923834.000 923727.000 924018.000 
923591.000 923834.000 923727.000 924018.000 
923591.000 923834.000 923727.000 924018.000 
923591.000 923834.000 923727.000 924018.000 
923591.000 923834.000 923727.000 924018.000 
923591.000 923834.000 923727.000 924018.000 
923591.000 923834.000 923727.000 924018.000 
923591.000 923834.000 923727.000 924018.000 
695004.000 848742.000 662079.000 741761.000 
697125.000 687385.000 708116.000 682555.000 
698655.000 702462.000 697433.000 698874.000 
700239.000 700398.000 700298.000 700256.000 
700334.000 700514.000 700109.000 700246.000 
700260.000 700245.000 700207.000 700242.000 
700274.000 700439.000 700225.000 700425.000 
725353.000 710743.000 726323.000 712673.000 
751162.000 748127.000 734861.000 739587.000 
751343.000 751069.000 749770.000 749247.000 
756463.000 756195.000 755444.000 756167.000 
763393.000 761953.000 762969.000 761358.000 
769114.000 768946.000 769006.000 768256.000 
776292.000 775821.000 775754.000 776735.000 
782224.000 782909.000 782830.000 784217.000 
790051.000 790014.000 790885.000 789788.000 
798027.000 797799.000 796827.000 797377.000 
805126.000 804827.000 804582.000 804987.000 
812589.000 812569.000 811729.000 812291.000 
820519.000 817020.000 820706.000 819753.000 
826737.000 826159.000 827618.000 826833.000 
834769.000 834305.000 834310.000 833265.000 
842941.000 840470.000 840931.000 841503.000 
848548.000 847972.000 848400.000 848555.000 
854934.000 855323.000 855656.000 854960.000 
861764.000 862132.000 862109.000 861560.000 
868063.000 869709.000 867805.000 868193.000 
875610.000 874824.000 874393.000 875899.000 
881792.000 879952.000 881657.000 881353.000 
887004.000 887032.000 888225.000 886514.000 
893434.000 892795.000 893408.000 893614.000 
899967.000 898652.000 898373.000 899644.000 
904645.000 904404.000 905003.000 905278.000 
910645.000 910748.000 910111.000 909890.000 
914918.000 914935.000 915705.000 915247.000 
920465.000 920951.000 920565.000 919994.000 
923257.000 923693.000 923106.000 923651.000 
923257.000 923969.000 924940.000 923651.000 
923257.000 923969.000 924947.000 923651.000 
923257.000 923969.000 924947.000 923651.000 
923257.000 923969.000 924947.000 923651.000 
923257.000 923969.000 924947.000 923651.000 
923257.000 923969.000 924947.000 923651.000 
923257.000 923969.000 924947.000 923651.000 
923257.000 923969.000 924947.000 923651.000 
923257.000 923969.000 924947.000 923651.000 
923257.000 923969.000 924947.000 923651.000 
923257.000 923969.000 924947.000 923651.000 
923257.000 923969.000 924947.000 923651.000 
923257.000 923969.000 924947.000 923651.000 
923257.000 923969.000 924947.000 923651.000 
693556.000 758737.000 924947.000 733426.000 
666223.000 659004.000 664216.000 664557.000 
646350.000 656937.000 667030.000 647621.000 
660938.000 660391.000 661390.000 661869.000 
670521.000 669746.000 669684.000 669450.000 
672490.000 672311.000 672386.000 672367.000 
672393.000 672543.000 672558.000 672450.000 
693048.000 688990.000 681055.000 690483.000 
695871.000 703791.000 697162.000 703985.000 
701705.000 701896.000 702561.000 698644.000 
708959.000 708583.000 709039.000 709387.000 
713060.000 712496.000 712657.000 712542.000 
716740.000 717134.000 716629.000 716915.000 
720849.000 721015.000 720513.000 720609.000 
726243.000 725363.000 724842.000 726350.000 
730077.000 730303.000 729561.000 729961.000 
731606.000 733264.000 734326.000 732197.000 
737882.000 737178.000 738445.000 738431.000 
742987.000 742437.000 742545.000 742212.000 
746459.000 746222.000 747447.000 746258.000 
751324.000 750600.000 751215.000 751008.000 
755281.000 755837.000 754602.000 754810.000 
758892.000 759058.000 758743.000 758912.000 
761735.000 762430.000 762316.000 763413.000 
766292.000 765793.000 767284.000 765963.000 
770122.000 770123.000 769923.000 770224.000 
773409.000 773444.000 773533.000 773464.000 
776858.000 776451.000 776380.000 776539.000 
779676.000 779787.000 779606.000 780241.000 
783080.000 783075.000 782875.000 783025.000 
785938.000 786118.000 785684.000 786418.000 
788219.000 787274.000 789110.000 788294.000 
790924.000 790749.000 791354.000 790694.000 
793199.000 793267.000 793589.000 793403.000 
796020.000 795716.000 795825.000 795879.000 
798875.000 798171.000 797976.000 798609.000 
799802.000 799825.000 800119.000 799896.000 
802776.000 801585.000 801435.000 801615.000 
803234.000 803782.000 803340.000 803010.000 
804736.000 804703.000 804682.000 804773.000 
806608.000 806620.000 806727.000 807100.000 
808442.000 808381.000 808899.000 808418.000 
810261.000 808666.000 809039.000 808944.000 
809921.000 810316.000 809934.000 810781.000 
811799.000 811819.000 811836.000 811837.000 
811916.000 811904.000 811996.000 811818.000 
812940.000 812561.000 812184.000 812437.000 
812475.000 814669.000 813337.000 814158.000 
814132.000 814651.000 816212.000 814226.000 
815060.000 815080.000 815110.000 815025.000 
815129.000 815069.000 815006.000 815153.000 
815081.000 815030.000 815019.000 815249.000 
815011.000 815160.000 815035.000 815148.000 
815052.000 815115.000 815005.000 815309.000 
816661.000 815257.000 815195.000 815121.000 
815903.000 817014.000 815975.000 817219.000 
817370.000 817749.000 818233.000 817470.000 
818209.000 818010.000 818368.000 818400.000 
818347.000 818477.000 818127.000 818227.000 
818228.000 818200.000 818286.000 818379.000 
818221.000 818348.000 818221.000 818339.000 
818169.000 818397.000 818287.000 818276.000 
818309.000 818447.000 818184.000 818226.000 
818463.000 818288.000 818087.000 818374.000 
818497.000 818303.000 818210.000 818186.000 
819152.000 818952.000 819035.000 819091.000 
820523.000 820515.000 820605.000 820635.000 
821387.000 821466.000 821453.000 821438.000 
821694.000 821339.000 821511.000 821447.000 
821578.000 821394.000 821496.000 821385.000 
821437.000 821710.000 821363.000 821440.000 
822369.000 822055.000 822251.000 822276.000 
823075.000 824670.000 823426.000 824023.000 
824342.000 824315.000 825155.000 824426.000 
826190.000 825664.000 825219.000 825448.000 
827130.000 826932.000 827032.000 826942.000 
829288.000 828755.000 828047.000 828216.000 
830260.000 830373.000 830367.000 830731.000 
831589.000 830998.000 831018.000 831065.000 
832576.000 832484.000 832422.000 832464.000 
833495.000 833461.000 834643.000 834053.000 
835621.000 836336.000 835634.000 835802.000 
838209.000 837790.000 838027.000 837969.000 
840736.000 839589.000 839976.000 839855.000 
841506.000 842287.000 841477.000 841768.000 
844418.000 844257.000 844547.000 843992.000 
846901.000 846849.000 846705.000 846952.000 
850212.000 849721.000 849472.000 849863.000 
852403.000 852776.000 852674.000 853027.000 
856168.000 856042.000 855916.000 854929.000 
858629.000 858058.000 860416.000 858638.000 
862113.000 862574.000 862338.000 862547.000 
866826.000 865272.000 865889.000 865705.000 
869967.000 869649.000 869433.000 869813.000 
872952.000 873139.000 873711.000 873086.000 
878587.000 877871.000 877614.000 878561.000 
882747.000 882154.000 881995.000 882114.000 
887318.000 887715.000 886965.000 887602.000 
891817.000 893019.000 892843.000 890922.000 
897236.000 896012.000 898178.000 897930.000 
902569.000 902527.000 902074.000 903115.000 
909066.000 907272.000 908572.000 907458.000 
915221.000 914560.000 914160.000 913992.000 
920322.000 920387.000 921876.000 920114.000 
921787.000 923183.000 922623.000 923380.000 
921787.000 923183.000 922623.000 923707.000 
921787.000 923183.000 922623.000 923707.000 
921787.000 923183.000 922623.000 923707.000 
921787.000 923183.000 922623.000 923707.000 
921787.000 923183.000 922623.000 923707.000 
921787.000 923183.000 922623.000 923707.000 
921787.000 923183.000 922623.000 923707.000 
921787.000 923183.000 922623.000 923707.000 
921787.000 923183.000 922623.000 923707.000 
921787.000 923183.000 922623.000 923707.000 
921787.000 923183.000 922623.000 923707.000 
921787.000 923183.000 922623.000 923707.000 
921787.000 923183.000 922623.000 923707.000 
921787.000 923183.000 922623.000 923707.000 
675974.000 923183.000 888295.000 889243.000 
691381.000 691964.000 697895.000 665792.000 
695861.000 702960.000 686554.000 699585.000 
700874.000 700619.000 699976.000 700251.000 
700269.000 700361.000 700395.000 700357.000 
700431.000 700385.000 700339.000 700401.000 
700475.000 700209.000 700103.000 700283.000 
712923.000 703064.000 703089.000 703473.000 
742510.000 734645.000 731756.000 743761.000 
747697.000 746841.000 745131.000 749029.000 
753224.000 753030.000 752527.000 752174.000 
759355.000 758568.000 759481.000 758871.000 
766479.000 765276.000 765255.000 765901.000 
772543.000 772326.000 772631.000 771417.000 
779612.000 778965.000 778320.000 780704.000 
787255.000 787179.000 786685.000 785850.000 
793661.000 794382.000 794183.000 793906.000 
802229.000 801522.000 800831.000 802115.000 
810383.000 808920.000 808672.000 808027.000 
815878.000 815668.000 816434.000 816848.000 
824821.000 823588.000 823562.000 823428.000 
831568.000 830434.000 831424.000 831539.000 
838374.000 839035.000 837819.000 838051.000 
846202.000 846125.000 845397.000 844627.000 
852740.000 852729.000 852328.000 852974.000 
859645.000 859403.000 859279.000 859637.000 
866471.000 865643.000 866022.000 865500.000 
872763.000 872490.000 872117.000 872144.000 
878755.000 878398.000 879799.000 878348.000 
885545.000 884671.000 884578.000 884707.000 
890775.000 890807.000 890842.000 890762.000 
896547.000 896969.000 895884.000 896598.000 
902538.000 903162.000 902221.000 901380.000 
908418.000 907421.000 907571.000 907806.000 
913013.000 912965.000 912829.000 913501.000 
918140.000 918430.000 918510.000 918528.000 
923277.000 923048.000 923043.000 922609.000 
923691.000 923144.000 923043.000 923801.000 
923691.000 923144.000 923043.000 923801.000 
923691.000 923144.000 923043.000 923801.000 
923691.000 923144.000 923043.000 923801.000 
923691.000 923144.000 923043.000 923801.000 
923691.000 923144.000 923043.000 923801.000 
923691.000 923144.000 923043.000 923801.000 
923691.000 923144.000 923043.000 923801.000 
923691.000 923144.000 923043.000 923801.000 
923691.000 923144.000 923043.000 923801.000 
923691.000 923144.000 923043.000 923801.000 
923691.000 923144.000 923043.000 923801.000 
923691.000 923144.000 923043.000 923801.000 
923691.000 923144.000 923043.000 923801.000 
923691.000 923144.000 923043.000 673235.000 
733769.000 923144.000 702453.000 652514.000 
659566.000 678183.000 658767.000 658741.000 
671629.000 671780.000 671885.000 671006.000 
673136.000 673181.000 673217.000 673178.000 
673191.000 673005.000 673327.000 673285.000 
673244.000 673186.000 673317.000 673234.000 
677359.000 677165.000 677547.000 683631.000 
695764.000 686327.000 693581.000 684310.000 
707323.000 705048.000 698933.000 697924.000 
706459.000 706473.000 706246.000 706298.000 
710506.000 710383.000 709973.000 710192.000 
714272.000 714369.000 713954.000 715024.000 
718351.000 718260.000 718130.000 718474.000 
722034.000 722653.000 721903.000 723005.000 
727879.000 727383.000 727521.000 726756.000 
731298.000 732188.000 731253.000 730912.000 
735586.000 735271.000 736265.000 735746.000 
740285.000 740347.000 740477.000 739972.000 
743814.000 743672.000 743389.000 744555.000 
748329.000 748287.000 749059.000 748241.000 
752235.000 752802.000 752619.000 753439.000 
756287.000 756278.000 756583.000 756883.000 
759896.000 760268.000 760207.000 759832.000 
765378.000 764385.000 763813.000 763377.000 
767883.000 767832.000 768973.000 767491.000 
772125.000 771783.000 771449.000 771161.000 
775155.000 775058.000 774849.000 774696.000 
778141.000 778439.000 777815.000 778161.000 
781172.000 781048.000 781617.000 781195.000 
784822.000 783972.000 783832.000 783729.000 
786940.000 786844.000 786963.000 786720.000 
789242.000 789757.000 789971.000 789337.000 
791495.000 791433.000 791536.000 791597.000 
794342.000 794248.000 794332.000 794396.000 
797155.000 797350.000 797282.000 797608.000 
798618.000 799006.000 799111.000 799758.000 
800970.000 800830.000 800405.000 800734.000 
802846.000 802430.000 802936.000 803297.000 
803993.000 803928.000 803975.000 803919.000 
806311.000 805624.000 805418.000 805766.000 
807392.000 807610.000 807937.000 807397.000 
808768.000 808730.000 808700.000 808535.000 
810236.000 809857.000 809899.000 810009.000 
811449.000 811859.000 811806.000 811444.000 
811891.000 811935.000 811986.000 811991.000 
811945.000 811986.000 811971.000 811969.000 
813457.000 813137.000 813040.000 812622.000 
814625.000 815185.000 814324.000 814193.000 
815045.000 815223.000 815216.000 815073.000 
815129.000 815223.000 815113.000 815230.000 
815096.000 815290.000 815197.000 815031.000 
815108.000 815271.000 815185.000 815051.000 
815173.000 815153.000 815155.000 815119.000 
815120.000 815169.000 815201.000 815069.000 
815729.000 815620.000 815767.000 815878.000 
816704.000 818721.000 816784.000 816605.000 
818299.000 818396.000 818339.000 818268.000 
818243.000 818338.000 818472.000 818384.000 
818400.000 818156.000 818254.000 818422.000 
818334.000 818299.000 818487.000 818281.000 
818412.000 818311.000 818338.000 818316.000 
818218.000 818214.000 818445.000 818520.000 
818288.000 818306.000 818300.000 818446.000 
818408.000 818337.000 818376.000 818254.000 
818477.000 818394.000 818215.000 818252.000 
819931.000 819847.000 819894.000 819754.000 
821344.000 821551.000 821371.000 821305.000 
821732.000 821508.000 821431.000 821534.000 
821598.000 821570.000 821386.000 821572.000 
821645.000 821315.000 821540.000 821653.000 
821723.000 821528.000 821339.000 821581.000 
823106.000 823048.000 822935.000 823002.000 
824579.000 825138.000 824647.000 824455.000 
826202.000 826255.000 826108.000 826201.000 
826979.000 826979.000 827220.000 827043.000 
828570.000 828223.000 828374.000 828691.000 
830194.000 829909.000 830455.000 830061.000 
830610.000 830917.000 830701.000 830811.000 
832494.000 832697.000 832515.000 832626.000 
833417.000 833359.000 833762.000 832998.000 
836014.000 835835.000 835416.000 835546.000 
836536.000 836505.000 836715.000 836489.000 
839038.000 838952.000 839027.000 838858.000 
841567.000 841306.000 840751.000 841650.000 
842261.000 842450.000 843139.000 842387.000 
845364.000 845310.000 845228.000 845342.000 
848256.000 848235.000 848370.000 848238.000 
850938.000 850999.000 850961.000 851022.000 
854100.000 854315.000 853622.000 853075.000 
857566.000 856035.000 857012.000 855931.000 
860382.000 859950.000 860188.000 859816.000 
863652.000 863934.000 863480.000 863328.000 
867159.000 867304.000 866958.000 867613.000 
870776.000 871307.000 871337.000 871213.000 
875909.000 875048.000 875038.000 875149.000 
879077.000 879833.000 880429.000 880047.000 
884851.000 883993.000 884376.000 884603.000 
889227.000 889659.000 889746.000 888713.000 
894512.000 893880.000 894932.000 893677.000 
899965.000 898795.000 899912.000 899412.000 
905019.000 904299.000 905498.000 904788.000 
910710.000 910594.000 910193.000 911167.000 
916239.000 917435.000 917124.000 916431.000 
923245.000 921586.000 922159.000 922557.000 
923274.000 921586.000 923496.000 923006.000 
923274.000 921586.000 923496.000 923006.000 
923274.000 921586.000 923496.000 923006.000 
923274.000 921586.000 923496.000 923006.000 
923274.000 921586.000 923496.000 923006.000 
923274.000 921586.000 923496.000 923006.000 
923274.000 921586.000 923496.000 923006.000 
923274.000 921586.000 923496.000 923006.000 
923274.000 921586.000 923496.000 923006.000 
923274.000 921586.000 923496.000 923006.000 
923274.000 921586.000 923496.000 923006.000 
923274.000 921586.000 923496.000 923006.000 
923274.000 921586.000 923496.000 923006.000 
923274.000 921586.000 923496.000 923006.000 
923274.000 887137.000 923496.000 923006.000 
722949.000 669718.000 659377.000 674496.000 
701141.000 670628.000 683025.000 675490.000 
711744.000 689046.000 704086.000 689985.000 
703103.000 699134.000 699477.000 698873.000 
700169.000 700387.000 700236.000 700243.000 
700263.000 700224.000 700189.000 700150.000 
700343.000 700895.000 700355.000 700460.000 
716238.000 727897.000 720343.000 723803.000 
759862.000 734379.000 732935.000 743712.000 
758173.000 747399.000 747238.000 747040.000 
757236.000 754974.000 755701.000 756017.000 
762356.000 762566.000 763156.000 761162.000 
769361.000 769803.000 768744.000 769680.000 
776330.000 776411.000 775606.000 777539.000 
783383.000 783231.000 783507.000 783343.000 
790492.000 791645.000 790884.000 791089.000 
799146.000 797793.000 797968.000 799187.000 
806618.000 805465.000 805232.000 805455.000 
813602.000 811753.000 814153.000 813023.000 
820787.000 821413.000 820861.000 820069.000 
828150.000 828919.000 828252.000 828265.000 
835414.000 835281.000 835513.000 835372.000 
841588.000 843445.000 841930.000 842613.000 
849201.000 850229.000 850187.000 849131.000 
856815.000 856847.000 856180.000 856415.000 
863568.000 863144.000 863055.000 863413.000 
870363.000 869661.000 869864.000 869303.000 
876505.000 875140.000 876015.000 875492.000 
881902.000 882445.000 882381.000 881823.000 
888272.000 888278.000 888099.000 888538.000 
894335.000 894006.000 894931.000 894388.000 
899092.000 900336.000 900403.000 900084.000 
905736.000 906124.000 906167.000 905838.000 
911252.000 911980.000 910422.000 911224.000 
916330.000 916421.000 916404.000 916529.000 
921869.000 921724.000 921476.000 921537.000 
922787.000 922993.000 923258.000 922803.000 
922787.000 922993.000 923258.000 922803.000 
922787.000 922993.000 923258.000 922803.000 
922787.000 922993.000 923258.000 922803.000 
922787.000 922993.000 923258.000 922803.000 
922787.000 922993.000 923258.000 922803.000 
922787.000 922993.000 923258.000 922803.000 
922787.000 922993.000 923258.000 922803.000 
922787.000 922993.000 923258.000 922803.000 
922787.000 922993.000 923258.000 922803.000 
922787.000 922993.000 923258.000 922803.000 
922787.000 922993.000 923258.000 922803.000 
922787.000 922993.000 923258.000 922803.000 
922787.000 922993.000 923258.000 922803.000 
922787.000 922993.000 923258.000 922803.000 
922787.000 772030.000 712352.000 922803.000 
679356.000 665004.000 676568.000 664757.000 
673282.000 671526.000 673240.000 671906.000 
673345.000 673135.000 673116.000 673160.000 
673110.000 673224.000 673151.000 673274.000 
673065.000 673228.000 673464.000 673156.000 
673250.000 673120.000 673361.000 673394.000 
677911.000 685575.000 688656.000 680264.000 
705447.000 694970.000 699034.000 697977.000 
705865.000 703746.000 704168.000 703997.000 
708750.000 707913.000 707854.000 708077.000 
711999.000 712791.000 712409.000 712616.000 
716550.000 716846.000 716466.000 716186.000 
721059.000 720504.000 720091.000 720417.000 
724482.000 724896.000 724912.000 724250.000 
729544.000 729262.000 729489.000 729470.000 
733938.000 733225.000 733354.000 733151.000 
737067.000 737279.000 737945.000 738152.000 
741864.000 743118.000 742146.000 741600.000 
747270.000 745541.000 745444.000 745932.000 
749863.000 749437.000 749685.000 750763.000 
755113.000 755450.000 754426.000 754297.000 
758833.000 758682.000 758948.000 758802.000 
762857.000 761859.000 762019.000 762088.000 
766049.000 765135.000 766112.000 765476.000 
769750.000 769523.000 769689.000 769988.000 
773027.000 773164.000 773434.000 773017.000 
776211.000 776074.000 776431.000 776817.000 
779141.000 779108.000 779832.000 780109.000 
782556.000 782505.000 783300.000 782512.000 
784980.000 785140.000 785953.000 785667.000 
788747.000 787231.000 788616.000 787622.000 
791272.000 790304.000 790783.000 790714.000 
794118.000 792800.000 792590.000 792937.000 
795575.000 795907.000 795877.000 795788.000 
797654.000 797945.000 798064.000 799285.000 
799633.000 799505.000 799578.000 799625.000 
802094.000 802102.000 802319.000 802077.000 
803379.000 803581.000 802944.000 802847.000 
805562.000 805440.000 805580.000 805177.000 
807115.000 806793.000 806595.000 806597.000 
808528.000 808736.000 808791.000 808657.000 
808794.000 808807.000 808818.000 808650.000 
810446.000 810561.000 811555.000 811281.000 
811969.000 811918.000 811878.000 811851.000 
811989.000 811822.000 811872.000 811997.000 
811890.000 811978.000 811888.000 811855.000 
813828.000 813564.000 814394.000 814408.000 
815098.000 815171.000 815005.000 815049.000 
815249.000 815008.000 815079.000 815155.000 
815017.000 815170.000 815083.000 815128.000 
815058.000 815150.000 815058.000 815156.000 
815115.000 815139.000 815010.000 815141.000 
815149.000 815132.000 815020.000 815138.000 
815060.000 815092.000 815097.000 815215.000 
816535.000 816862.000 816508.000 816306.000 
818219.000 818136.000 818319.000 818392.000 
818167.000 818324.000 818277.000 818312.000 
818271.000 818303.000 818305.000 818300.000 
818326.000 818302.000 818400.000 818163.000 
818337.000 818287.000 818260.000 818198.000 
818353.000 818353.000 818354.000 818153.000 
818467.000 818219.000 818336.000 818122.000 
818315.000 818217.000 818229.000 818340.000 
818423.000 818140.000 818201.000 818403.000 
818531.000 818174.000 818298.000 818137.000 
821213.000 821124.000 821242.000 820985.000 
821436.000 821521.000 821279.000 821571.000 
821473.000 821432.000 821487.000 821471.000 
821481.000 821543.000 821325.000 821439.000 
821455.000 821591.000 821389.000 821427.000 
822177.000 821792.000 821778.000 821749.000 
824265.000 824126.000 824631.000 824572.000 
824418.000 824623.000 824900.000 824658.000 
825544.000 825347.000 825179.000 825408.000 
826611.000 826488.000 825918.000 825795.000 
828095.000 828090.000 828997.000 828011.000 
830459.000 829712.000 829812.000 829804.000 
831015.000 831019.000 831015.000 831049.000 
832833.000 832368.000 832229.000 832046.000 
834063.000 834281.000 834277.000 834120.000 
837169.000 835474.000 835057.000 834836.000 
837273.000 837144.000 837356.000 837560.000 
839331.000 840066.000 839386.000 839308.000 
842294.000 841553.000 840762.000 840814.000 
843642.000 843661.000 843752.000 843732.000 
846643.000 846590.000 846484.000 846793.000 
849268.000 849056.000 849280.000 848840.000 
852129.000 852197.000 852359.000 852135.000 
855145.000 855164.000 855944.000 854948.000 
858788.000 858153.000 858451.000 858380.000 
861467.000 861507.000 861865.000 861705.000 
864953.000 864955.000 865452.000 865226.000 
869568.000 868723.000 869027.000 869601.000 
874099.000 872801.000 872522.000 872817.000 
877232.000 877291.000 877701.000 877357.000 
881994.000 882361.000 882065.000 882478.000 
886024.000 886789.000 886643.000 886553.000 
891908.000 891281.000 891872.000 891618.000 
897614.000 896890.000 896727.000 896544.000 
901614.000 902565.000 901599.000 901701.000 
907275.000 908423.000 908004.000 907629.000 
914690.000 913451.000 913143.000 913906.000 
919776.000 919249.000 919595.000 920827.000 
923860.000 923104.000 922198.000 923578.000 
923860.000 923104.000 922198.000 923589.000 
923860.000 923104.000 922198.000 923589.000 
923860.000 923104.000 922198.000 923589.000 
923860.000 923104.000 922198.000 923589.000 
923860.000 923104.000 922198.000 923589.000 
923860.000 923104.000 922198.000 923589.000 
923860.000 923104.000 922198.000 923589.000 
923860.000 923104.000 922198.000 923589.000 
923860.000 923104.000 922198.000 923589.000 
923860.000 923104.000 922198.000 923589.000 
923860.000 923104.000 922198.000 923589.000 
923860.000 923104.000 922198.000 923589.000 
923860.000 923104.000 922198.000 923589.000 
923860.000 923104.000 922198.000 923589.000 
923860.000 923104.000 922198.000 923589.000 
682177.000 690326.000 675861.000 668449.000 
717909.000 679353.000 678972.000 689712.000 
723482.000 692474.000 692586.000 692684.000 
700876.000 699902.000 700062.000 699986.000 
700340.000 700343.000 700425.000 700302.000 
700279.000 700261.000 700348.000 700318.000 
700414.000 700439.000 700328.000 700395.000 
733112.000 729863.000 734380.000 727081.000 
755986.000 741619.000 737843.000 747081.000 
754255.000 749632.000 749877.000 749954.000 
758623.000 757198.000 757235.000 757162.000 
763202.000 765331.000 763604.000 763920.000 
770416.000 771824.000 770399.000 770815.000 
777203.000 777926.000 777695.000 777737.000 
785746.000 785123.000 784609.000 785068.000 
792268.000 792057.000 792655.000 792077.000 
799523.000 799957.000 799335.000 799968.000 
808135.000 805902.000 807250.000 806494.000 
815423.000 814349.000 814422.000 814565.000 
821830.000 822939.000 821867.000 821179.000 
828564.000 830002.000 829265.000 829312.000 
836932.000 836097.000 836127.000 837575.000 
844841.000 844032.000 843402.000 843671.000 
851226.000 851073.000 850649.000 851315.000 
857821.000 857839.000 857603.000 858302.000 
865421.000 864619.000 864342.000 863597.000 
871508.000 870338.000 870854.000 871043.000 
878266.000 876861.000 876525.000 877290.000 
883476.000 884269.000 883174.000 882465.000 
889190.000 889341.000 889329.000 889750.000 
895716.000 894587.000 895681.000 895518.000 
900799.000 901641.000 900733.000 901558.000 
906283.000 906930.000 906559.000 906360.000 
912582.000 912255.000 912098.000 912458.000 
916868.000 917227.000 916846.000 918397.000 
922709.000 921692.000 922161.000 922554.000 
923246.000 923779.000 923576.000 923390.000 
923246.000 923303.000 923576.000 923466.000 
923246.000 923303.000 923576.000 923466.000 
923246.000 923303.000 923576.000 923466.000 
923246.000 923303.000 923576.000 923466.000 
923246.000 923303.000 923576.000 923466.000 
923246.000 923303.000 923576.000 923466.000 
923246.000 923303.000 923576.000 923466.000 
923246.000 923303.000 923576.000 923466.000 
923246.000 923303.000 923576.000 923466.000 
923246.000 923303.000 923576.000 923466.000 
923246.000 923303.000 923576.000 923466.000 
923246.000 923303.000 923576.000 923466.000 
923246.000 923303.000 923576.000 923466.000 
923246.000 923303.000 923576.000 923466.000 
673962.000 923303.000 707051.000 774185.000 
659436.000 662053.000 658025.000 660240.000 
656862.000 657696.000 657540.000 659304.000 
669799.000 669237.000 669700.000 669921.000 
673995.000 673901.000 673904.000 673887.000 
673999.000 674063.000 673998.000 673998.000 
674005.000 674098.000 674056.000 674076.000 
701178.000 680665.000 690433.000 687283.000 
696315.000 703636.000 691931.000 699091.000 
706437.000 705167.000 705942.000 704844.000 
710539.000 709787.000 710060.000 709915.000 
713934.000 713894.000 714272.000 714001.000 
717539.000 717628.000 717709.000 717833.000 
722813.000 722703.000 721575.000 721311.000 
727116.000 725913.000 726871.000 726418.000 
730115.000 730467.000 728563.000 730412.000 
734577.000 735235.000 734412.000 735133.000 
739684.000 739236.000 739719.000 739200.000 
744110.000 743089.000 743225.000 742565.000 
747396.000 746998.000 747564.000 748315.000 
752199.000 751837.000 751757.000 752427.000 
755831.000 755767.000 755930.000 755632.000 
760086.000 759475.000 759286.000 759378.000 
761656.000 765296.000 761113.000 763695.000 
768171.000 767746.000 768094.000 766891.000 
771459.000 770927.000 771753.000 771280.000 
774840.000 774914.000 774595.000 774687.000 
778085.000 778054.000 778038.000 777894.000 
781195.000 780816.000 780966.000 780799.000 
784815.000 783476.000 784680.000 783395.000 
786366.000 786722.000 786708.000 786558.000 
788076.000 789885.000 788061.000 790171.000 
792541.000 790582.000 790560.000 791212.000 
793795.000 793494.000 793712.000 793347.000 
796609.000 796780.000 796553.000 796354.000 
798981.000 799638.000 798536.000 799080.000 
799870.000 799988.000 799965.000 799988.000 
803274.000 802705.000 803037.000 802718.000 
803261.000 803182.000 803098.000 803090.000 
805079.000 807972.000 805544.000 805626.000 
806398.000 806831.000 806347.000 807464.000 
809049.000 808678.000 808656.000 808658.000 
809621.000 809553.000 809370.000 809551.000 
809811.000 810873.000 810330.000 811268.000 
811891.000 811928.000 811868.000 811983.000 
811819.000 811895.000 811887.000 811999.000 
812821.000 812681.000 812602.000 812718.000 
812829.000 813737.000 812439.000 814555.000 
814993.000 815075.000 815117.000 814974.000 
815106.000 815203.000 815168.000 815063.000 
815079.000 815100.000 815060.000 815162.000 
815041.000 815115.000 815264.000 815079.000 
815136.000 815028.000 815165.000 815071.000 
815142.000 815206.000 815143.000 815016.000 
816370.000 815528.000 815741.000 815772.000 
815994.000 815944.000 815876.000 816654.000 
818090.000 818233.000 818285.000 818120.000 
818378.000 818270.000 818313.000 818225.000 
818351.000 818128.000 818266.000 818478.000 
818309.000 818383.000 818449.000 818121.000 
818328.000 818266.000 818406.000 818238.000 
818332.000 818326.000 818347.000 818217.000 
818359.000 818286.000 818383.000 818199.000 
818410.000 818260.000 818166.000 818378.000 
819192.000 818581.000 818385.000 818485.000 
819097.000 819154.000 819119.000 819050.000 
821265.000 821249.000 821346.000 821141.000 
821599.000 821588.000 821318.000 821405.000 
821645.000 821574.000 821342.000 821433.000 
821416.000 821386.000 821519.000 821681.000 
823706.000 821436.000 821566.000 821509.000 
822317.000 822372.000 822310.000 822180.000 
823564.000 825021.000 823885.000 824656.000 
824678.000 824803.000 824571.000 824750.000 
826208.000 826048.000 826116.000 825932.000 
826292.000 826323.000 826239.000 826245.000 
828928.000 828946.000 829053.000 828920.000 
829502.000 829529.000 829329.000 830066.000 
832290.000 831442.000 831385.000 831550.000 
832401.000 832303.000 832865.000 832466.000 
834089.000 836072.000 833844.000 834285.000 
834976.000 835042.000 835351.000 835009.000 
838154.000 837880.000 838217.000 838081.000 
840054.000 839292.000 839820.000 839128.000 
842220.000 841271.000 841651.000 841594.000 
844424.000 844570.000 844061.000 844492.000 
847364.000 847739.000 847214.000 846914.000 
849833.000 849208.000 849259.000 849607.000 
852277.000 852387.000 852650.000 853198.000 
854505.000 857279.000 854673.000 855550.000 
859177.000 858888.000 859034.000 859209.000 
863092.000 862171.000 862445.000 862612.000 
866683.000 866854.000 866427.000 866889.000 
870302.000 870590.000 870394.000 870400.000 
874790.000 874170.000 873921.000 873951.000 
878576.000 878608.000 879872.000 878712.000 
885622.000 882650.000 882609.000 882612.000 
887879.000 887415.000 887418.000 888367.000 
891760.000 894568.000 891859.000 893725.000 
898412.000 898209.000 898733.000 898343.000 
903610.000 903049.000 904385.000 903790.000 
910472.000 909833.000 908552.000 909006.000 
915630.000 915868.000 915372.000 914980.000 
921606.000 922025.000 921287.000 921955.000 
923337.000 923096.000 923642.000 922211.000 
923337.000 923096.000 924556.000 922211.000 
923337.000 923096.000 924556.000 922211.000 
923337.000 923096.000 924556.000 922211.000 
923337.000 923096.000 924556.000 922211.000 
923337.000 923096.000 924556.000 922211.000 
923337.000 923096.000 924556.000 922211.000 
923337.000 923096.000 924556.000 922211.000 
923337.000 923096.000 924556.000 922211.000 
923337.000 923096.000 924556.000 922211.000 
923337.000 923096.000 924556.000 922211.000 
923337.000 923096.000 924556.000 922211.000 
923337.000 923096.000 924556.000 922211.000 
923337.000 923096.000 924556.000 922211.000 
923337.000 923096.000 924556.000 922211.000 
923337.000 704487.000 712682.000 832030.000 
701947.000 677278.000 660132.000 669175.000 
702019.000 682951.000 705939.000 681535.000 
708614.000 696688.000 697994.000 696634.000 
701988.000 701815.000 701883.000 701689.000 
701843.000 701869.000 701867.000 701926.000 
701962.000 701974.000 701815.000 701840.000 
704318.000 710276.000 709109.000 704355.000 
743921.000 732995.000 734761.000 742587.000 
767274.000 742349.000 742717.000 741721.000 
758841.000 751420.000 753032.000 752869.000 
761240.000 759940.000 761817.000 760680.000 
766847.000 767085.000 768685.000 766980.000 
773604.000 773892.000 774380.000 775150.000 
781279.000 780998.000 780816.000 781565.000 
788255.000 788574.000 788887.000 788841.000 
796043.000 795997.000 796779.000 795785.000 
804298.000 803663.000 803231.000 803354.000 
812053.000 810688.000 810248.000 810946.000 
819875.000 818008.000 818059.000 817800.000 
826876.000 826552.000 825679.000 825162.000 
832973.000 833863.000 832616.000 833677.000 
840772.000 840392.000 840449.000 840420.000 
847166.000 848366.000 846647.000 847597.000 
854757.000 854631.000 854643.000 854620.000 
861207.000 861671.000 861386.000 860823.000 
868207.000 867878.000 867503.000 867536.000 
875153.000 873644.000 874808.000 874308.000 
881467.000 880599.000 881137.000 880334.000 
888207.000 887053.000 886767.000 886683.000 
892989.000 893631.000 892765.000 893094.000 
898020.000 898934.000 899027.000 898763.000 
903884.000 904446.000 903405.000 905162.000 
909854.000 909513.000 910035.000 909266.000 
915257.000 915743.000 915826.000 914884.000 
920437.000 920477.000 920437.000 919955.000 
924105.000 923009.000 922709.000 923655.000 
924105.000 923009.000 922709.000 924100.000 
924105.000 923009.000 922709.000 924100.000 
924105.000 923009.000 922709.000 924100.000 
924105.000 923009.000 922709.000 924100.000 
924105.000 923009.000 922709.000 924100.000 
924105.000 923009.000 922709.000 924100.000 
924105.000 923009.000 922709.000 924100.000 
924105.000 923009.000 922709.000 924100.000 
924105.000 923009.000 922709.000 924100.000 
924105.000 923009.000 922709.000 924100.000 
924105.000 923009.000 922709.000 924100.000 
924105.000 923009.000 922709.000 924100.000 
924105.000 923009.000 922709.000 924100.000 
924105.000 923009.000 922709.000 924100.000 
791774.000 714904.000 922709.000 924100.000 
667813.000 661018.000 681919.000 671554.000 
674346.000 669832.000 670674.000 672045.000 
674745.000 674758.000 674783.000 674664.000 
674937.000 674755.000 674845.000 674571.000 
674709.000 674921.000 674954.000 674718.000 
674694.000 674953.000 674704.000 674893.000 
688057.000 686754.000 678317.000 678363.000 
710595.000 689878.000 694040.000 703146.000 
713497.000 701694.000 703022.000 704244.000 
709903.000 710119.000 709383.000 709739.000 
713180.000 714175.000 713090.000 713203.000 
717498.000 717077.000 717187.000 717073.000 
721391.000 721365.000 722284.000 721573.000 
726813.000 727158.000 725454.000 725810.000 
730421.000 729914.000 730344.000 730355.000 
735733.000 734471.000 734779.000 735068.000 
738859.000 738660.000 738849.000 739344.000 
742680.000 743814.000 742468.000 742658.000 
746744.000 746880.000 747978.000 747783.000 
752319.000 751763.000 751623.000 751755.000 
755856.000 755969.000 756240.000 755374.000 
759331.000 759688.000 759968.000 759271.000 
763505.000 762134.000 764489.000 764135.000 
768754.000 767362.000 767033.000 766826.000 
770917.000 771060.000 770712.000 770997.000 
773764.000 774780.000 773698.000 774329.000 
777847.000 777813.000 776934.000 776955.000 
780684.000 781058.000 780318.000 780087.000 
783415.000 783053.000 783941.000 783054.000 
786274.000 786353.000 786180.000 786501.000 
788721.000 788448.000 788966.000 790816.000 
792551.000 792420.000 792468.000 792273.000 
794477.000 794618.000 794649.000 795201.000 
796859.000 796796.000 796383.000 797311.000 
799009.000 799425.000 799026.000 799067.000 
802272.000 802063.000 801745.000 801368.000 
802545.000 802333.000 803725.000 802857.000 
805263.000 805782.000 805159.000 804984.000 
805665.000 805234.000 807518.000 807448.000 
807951.000 807866.000 807958.000 808047.000 
809893.000 809991.000 809944.000 810223.000 
811143.000 810949.000 810799.000 810922.000 
811734.000 812021.000 811780.000 811807.000 
813445.000 813555.000 813527.000 813358.000 
813549.000 813799.000 813609.000 813281.000 
813617.000 813488.000 813487.000 813636.000 
815182.000 814913.000 815087.000 815076.000 
816571.000 816730.000 816657.000 816596.000 
816767.000 816808.000 816784.000 816692.000 
816728.000 816675.000 816668.000 816851.000 
816896.000 816849.000 816761.000 816570.000 
816788.000 816671.000 816720.000 816832.000 
816854.000 816764.000 816720.000 816680.000 
816778.000 816763.000 816615.000 816886.000 
818210.000 818493.000 818047.000 818082.000 
819432.000 819505.000 819803.000 820022.000 
819945.000 819928.000 819996.000 819952.000 
819919.000 819993.000 819865.000 819950.000 
819904.000 819965.000 819953.000 819992.000 
819997.000 819868.000 819952.000 819910.000 
819977.000 819862.000 819978.000 819991.000 
819997.000 819955.000 819990.000 819796.000 
819995.000 819953.000 819853.000 819986.000 
819968.000 819839.000 819959.000 819955.000 
821045.000 820497.000 820377.000 820301.000 
821509.000 821458.000 821629.000 821535.000 
823158.000 823105.000 823083.000 823013.000 
823003.000 823014.000 823157.000 823296.000 
823050.000 823349.000 823063.000 823024.000 
823008.000 823148.000 823017.000 823199.000 
824395.000 823559.000 823607.000 823327.000 
824583.000 824525.000 825351.000 824743.000 
828356.000 826327.000 826353.000 826303.000 
827036.000 827117.000 827079.000 827108.000 
829011.000 829544.000 828340.000 828625.000 
829969.000 829882.000 830630.000 829813.000 
831335.000 831849.000 831198.000 831367.000 
833916.000 832630.000 832709.000 832970.000 
833591.000 834509.000 833607.000 833681.000 
837028.000 834826.000 836669.000 835034.000 
836692.000 837112.000 836637.000 836708.000 
839591.000 839199.000 839536.000 839480.000 
840843.000 840680.000 840246.000 840948.000 
842679.000 844247.000 843189.000 842691.000 
844757.000 844880.000 845688.000 845581.000 
847401.000 847277.000 847179.000 848330.000 
850621.000 850106.000 850208.000 849925.000 
853941.000 853556.000 853157.000 853009.000 
856312.000 855670.000 856938.000 856747.000 
861277.000 859340.000 859329.000 859263.000 
862777.000 864085.000 862765.000 863031.000 
866527.000 866883.000 865887.000 866511.000 
869975.000 870844.000 870142.000 870542.000 
874348.000 874169.000 875007.000 874851.000 
879023.000 878000.000 878631.000 879178.000 
883085.000 883394.000 882498.000 883164.000 
887668.000 887884.000 886735.000 887323.000 
893426.000 891539.000 892477.000 892423.000 
899025.000 898092.000 897931.000 897644.000 
903186.000 902942.000 902940.000 902713.000 
909011.000 909393.000 907564.000 908629.000 
913945.000 915668.000 914612.000 914417.000 
919512.000 920238.000 921236.000 921690.000 
924318.000 922655.000 924740.000 923406.000 
923883.000 922655.000 924740.000 923406.000 
923883.000 922655.000 924740.000 923406.000 
923883.000 922655.000 924740.000 923406.000 
923883.000 922655.000 924740.000 923406.000 
923883.000 922655.000 924740.000 923406.000 
923883.000 922655.000 924740.000 923406.000 
923883.000 922655.000 924740.000 923406.000 
923883.000 922655.000 924740.000 923406.000 
923883.000 922655.000 924740.000 923406.000 
923883.000 922655.000 924740.000 923406.000 
923883.000 922655.000 924740.000 923406.000 
923883.000 922655.000 924740.000 923406.000 
791272.000 922655.000 924740.000 923406.000 
655577.000 922655.000 924740.000 923406.000 
651740.000 922655.000 924740.000 923406.000 
658764.000 845421.000 674632.000 682214.000 
678601.000 683100.000 682268.000 691740.000 
720799.000 694807.000 695051.000 695414.000 
705896.000 701682.000 701449.000 702034.000 
705217.000 702878.000 702761.000 702804.000 
730745.000 711390.000 711420.000 711471.000 
720400.000 717798.000 718200.000 717823.000 
727922.000 727429.000 735580.000 731703.000 
742101.000 749473.000 760089.000 743952.000 
757076.000 758038.000 758486.000 756657.000 
764961.000 763114.000 762893.000 763654.000 
769696.000 770844.000 769853.000 770670.000 
777881.000 777008.000 776828.000 776275.000 
784857.000 784095.000 783588.000 783175.000 
791129.000 790828.000 791734.000 790422.000 
798704.000 798319.000 798790.000 798146.000 
805633.000 805747.000 806490.000 805947.000 
813158.000 813560.000 813230.000 813076.000 
821106.000 820491.000 820378.000 820142.000 
827991.000 828090.000 826905.000 829144.000 
835285.000 836017.000 834131.000 835613.000 
842442.000 842400.000 841817.000 842656.000 
850027.000 848880.000 848939.000 848963.000 
856501.000 855942.000 856202.000 855945.000 
863018.000 861660.000 862574.000 864103.000 
869219.000 869803.000 870087.000 869076.000 
876298.000 876125.000 876502.000 876204.000 
883768.000 882188.000 882084.000 882117.000 
888417.000 888493.000 888241.000 888813.000 
894671.000 895263.000 894015.000 894769.000 
900334.000 900927.000 900898.000 900109.000 
906226.000 905387.000 906143.000 906202.000 
912848.000 911319.000 911911.000 911004.000 
916707.000 917582.000 916883.000 916719.000 
921979.000 922561.000 922177.000 922371.000 
923523.000 923222.000 923073.000 923287.000 
923519.000 923222.000 923073.000 923287.000 
923519.000 923222.000 923073.000 923287.000 
923519.000 923222.000 923073.000 923287.000 
923519.000 923222.000 923073.000 923287.000 
923519.000 923222.000 923073.000 923287.000 
923519.000 923222.000 923073.000 923287.000 
923519.000 923222.000 923073.000 923287.000 
923519.000 923222.000 923073.000 923287.000 
923519.000 923222.000 923073.000 923287.000 
923519.000 923222.000 923073.000 923287.000 
923519.000 923222.000 923073.000 923287.000 
923519.000 923222.000 923073.000 923287.000 
923519.000 923222.000 923073.000 923287.000 
923519.000 690847.000 923073.000 923287.000 
677199.000 649847.000 923073.000 704567.000 
655109.000 657165.000 674910.000 656909.000 
671219.000 670992.000 669609.000 669296.000 
673036.000 673159.000 673036.000 673241.000 
673251.000 673164.000 673050.000 673331.000 
673284.000 673429.000 673327.000 673342.000 
679190.000 680454.000 679156.000 679330.000 
699670.000 689233.000 689146.000 696323.000 
703852.000 702228.000 705601.000 702086.000 
707141.000 708012.000 707399.000 707621.000 
710998.000 712209.000 710996.000 710900.000 
716285.000 714901.000 715130.000 714574.000 
719502.000 718888.000 719036.000 718876.000 
722492.000 722497.000 724224.000 723415.000 
728100.000 727513.000 727551.000 727932.000 
731470.000 731862.000 730954.000 731678.000 
735709.000 735920.000 736354.000 737426.000 
741175.000 741899.000 740221.000 740352.000 
744842.000 744754.000 744649.000 744607.000 
749763.000 749391.000 749994.000 748598.000 
753244.000 753439.000 752968.000 753687.000 
757205.000 756383.000 758032.000 757116.000 
761278.000 760573.000 760748.000 761422.000 
765844.000 765174.000 765203.000 765498.000 
768791.000 769407.000 768127.000 769648.000 
772470.000 772871.000 772225.000 772373.000 
776772.000 775289.000 775438.000 775419.000 
779095.000 779049.000 779339.000 778616.000 
782172.000 782224.000 781697.000 782360.000 
784903.000 784848.000 786050.000 785184.000 
787974.000 787284.000 787539.000 787646.000 
790703.000 790039.000 790233.000 790581.000 
792855.000 792821.000 793101.000 793913.000 
795618.000 795721.000 795417.000 795511.000 
798668.000 796694.000 797347.000 796846.000 
799850.000 799770.000 799794.000 799664.000 
801423.000 801517.000 801520.000 801573.000 
803357.000 803337.000 803722.000 804094.000 
804942.000 804923.000 804754.000 805329.000 
807804.000 807178.000 806960.000 806863.000 
808117.000 808432.000 808508.000 808692.000 
809889.000 810413.000 809820.000 809686.000 
812097.000 810393.000 810290.000 810193.000 
811712.000 811624.000 811619.000 812065.000 
812787.000 812646.000 812636.000 812669.000 
812485.000 812910.000 812737.000 812683.000 
814239.000 814054.000 813735.000 813912.000 
814960.000 814919.000 814977.000 814897.000 
815856.000 815882.000 815970.000 815722.000 
815969.000 815906.000 815666.000 815994.000 
815897.000 815861.000 815797.000 815983.000 
815901.000 815871.000 815905.000 815827.000 
815891.000 815913.000 815891.000 815839.000 
815883.000 815878.000 815784.000 815926.000 
816913.000 816655.000 816695.000 816653.000 
817935.000 817871.000 817827.000 818171.000 
818943.000 818953.000 819126.000 818977.000 
819061.000 819082.000 819085.000 819017.000 
819020.000 819035.000 819088.000 819108.000 
819061.000 819064.000 819047.000 819118.000 
819048.000 819015.000 819080.000 819135.000 
819061.000 819031.000 819046.000 819088.000 
819074.000 819026.000 819108.000 819071.000 
819031.000 819042.000 819122.000 819089.000 
819698.000 819809.000 819502.000 819581.000 
820639.000 820635.000 820419.000 820723.000 
821425.000 821431.000 822253.000 821480.000 
822306.000 822316.000 822307.000 822072.000 
822184.000 822221.000 822262.000 822327.000 
822170.000 822338.000 822302.000 822265.000 
822566.000 823633.000 822479.000 822395.000 
823982.000 823707.000 823618.000 823655.000 
824964.000 825262.000 825989.000 825357.000 
826160.000 826388.000 826140.000 826210.000 
827376.000 828350.000 827480.000 827340.000 
828684.000 828488.000 828595.000 828640.000 
829875.000 829511.000 830526.000 829686.000 
831536.000 831839.000 831646.000 831691.000 
832397.000 832526.000 832713.000 832490.000 
834696.000 834687.000 834415.000 834655.000 
835650.000 835496.000 835736.000 835535.000 
837948.000 838155.000 837886.000 838028.000 
838606.000 839200.000 838944.000 838712.000 
841461.000 841414.000 841104.000 841473.000 
844313.000 843987.000 844203.000 844211.000 
846860.000 846598.000 846486.000 846248.000 
849859.000 848095.000 850070.000 848520.000 
852447.000 851112.000 851724.000 851193.000 
855430.000 853842.000 853710.000 854329.000 
858388.000 857383.000 857643.000 857605.000 
860914.000 861842.000 860614.000 861000.000 
865149.000 864776.000 864721.000 864455.000 
869596.000 867441.000 867780.000 867605.000 
871748.000 871844.000 872366.000 871288.000 
876643.000 877283.000 876061.000 876112.000 
881254.000 879503.000 881091.000 880718.000 
885679.000 885694.000 884911.000 885179.000 
890306.000 890239.000 889817.000 890259.000 
896037.000 894791.000 894639.000 895126.000 
899471.000 901209.000 899735.000 900708.000 
905560.000 907389.000 905657.000 905328.000 
913179.000 911094.000 911054.000 912236.000 
917883.000 917544.000 917790.000 918013.000 
923504.000 922307.000 922938.000 922755.000 
923863.000 922307.000 922938.000 923675.000 
923863.000 922307.000 922938.000 923675.000 
923863.000 922307.000 922938.000 923675.000 
923863.000 922307.000 922938.000 923675.000 
923863.000 922307.000 922938.000 923675.000 
923863.000 922307.000 922938.000 923675.000 
923863.000 922307.000 922938.000 923675.000 
923863.000 922307.000 922938.000 923675.000 
923863.000 922307.000 922938.000 923675.000 
923863.000 922307.000 922938.000 923675.000 
923863.000 922307.000 922938.000 923675.000 
923863.000 922307.000 922938.000 923675.000 
923863.000 922307.000 922938.000 923675.000 
923863.000 922307.000 922938.000 923675.000 
923863.000 922307.000 922938.000 923675.000 
673685.000 667571.000 684626.000 657168.000 
711663.000 703336.000 673047.000 697382.000 
711638.000 692902.000 691747.000 702308.000 
699403.000 699412.000 698961.000 700086.000 
699594.000 699413.000 699626.000 699425.000 
699495.000 699595.000 699495.000 699485.000 
699525.000 699323.000 699575.000 699545.000 
725332.000 724237.000 728345.000 724961.000 
764408.000 734849.000 740150.000 735358.000 
758246.000 747189.000 746048.000 747280.000 
756926.000 755705.000 755516.000 757843.000 
763284.000 762378.000 763235.000 762705.000 
769685.000 770399.000 770182.000 768756.000 
778406.000 776096.000 776553.000 775972.000 
784437.000 783572.000 784720.000 783660.000 
791118.000 790916.000 791263.000 791150.000 
798588.000 798443.000 798584.000 798665.000 
806796.000 805535.000 805344.000 806140.000 
814255.000 812824.000 812549.000 812945.000 
820644.000 821642.000 819786.000 820916.000 
828198.000 828246.000 828308.000 827451.000 
836023.000 834153.000 835531.000 835243.000 
842348.000 841414.000 842954.000 842732.000 
849080.000 849862.000 849654.000 849559.000 
856864.000 856197.000 856248.000 855950.000 
863948.000 862895.000 862127.000 863003.000 
870340.000 868934.000 869180.000 870574.000 
876350.000 876314.000 876194.000 876721.000 
882159.000 882950.000 882739.000 882041.000 
889015.000 888034.000 887486.000 888617.000 
894076.000 893941.000 894476.000 893600.000 
899416.000 899495.000 900314.000 900171.000 
904829.000 905907.000 905322.000 906131.000 
910961.000 911069.000 910995.000 910585.000 
916173.000 916072.000 916016.000 916711.000 
922053.000 921214.000 920714.000 920612.000 
924081.000 923624.000 922432.000 922889.000 
924081.000 923624.000 922432.000 922889.000 
924081.000 923624.000 922432.000 922889.000 
924081.000 923624.000 922432.000 922889.000 
924081.000 923624.000 922432.000 922889.000 
924081.000 923624.000 922432.000 922889.000 
924081.000 923624.000 922432.000 922889.000 
924081.000 923624.000 922432.000 922889.000 
924081.000 923624.000 922432.000 922889.000 
924081.000 923624.000 922432.000 922889.000 
924081.000 923624.000 922432.000 922889.000 
924081.000 923624.000 922432.000 922889.000 
924081.000 923624.000 922432.000 922889.000 
924081.000 923624.000 922432.000 922889.000 
924081.000 923624.000 922432.000 922889.000 
669006.000 923624.000 666627.000 922889.000 
662323.000 680313.000 662941.000 676932.000 
672198.000 672831.000 672225.000 672578.000 
672212.000 672631.000 672283.000 672412.000 
672455.000 672234.000 672452.000 672452.000 
672376.000 672446.000 672454.000 672449.000 
672543.000 672625.000 674838.000 672497.000 
701838.000 679703.000 680298.000 681804.000 
707657.000 701651.000 693934.000 698611.000 
704979.000 704330.000 704816.000 704140.000 
708645.000 708827.000 708188.000 707488.000 
711968.000 712049.000 711887.000 711737.000 
715931.000 715591.000 715971.000 716300.000 
721013.000 720715.000 719974.000 720779.000 
724711.000 724550.000 724276.000 724578.000 
729192.000 728540.000 727776.000 729561.000 
733145.000 733199.000 733362.000 732938.000 
737435.000 737671.000 737615.000 737487.000 
741777.000 741524.000 742005.000 741456.000 
745961.000 746870.000 746097.000 746491.000 
749931.000 750515.000 750241.000 750118.000 
754291.000 753780.000 754237.000 753374.000 
758600.000 757059.000 757998.000 758079.000 
761703.000 762474.000 761769.000 761731.000 
765550.000 765190.000 766940.000 765297.000 
768814.000 769744.000 769369.000 768834.000 
772342.000 772778.000 772659.000 772541.000 
775867.000 775865.000 775797.000 775831.000 
779258.000 778974.000 778892.000 778790.000 
782194.000 781763.000 782662.000 781840.000 
785769.000 784712.000 784827.000 785012.000 
787832.000 787651.000 787215.000 787690.000 
790455.000 790042.000 789939.000 790137.000 
792163.000 793349.000 792015.000 792237.000 
794957.000 795348.000 795248.000 794747.000 
796554.000 796639.000 796604.000 797055.000 
799040.000 799167.000 798923.000 799212.000 
801322.000 800316.000 800097.000 800044.000 
802435.000 802137.000 802410.000 802342.000 
803945.000 805364.000 803748.000 803802.000 
805507.000 805429.000 805356.000 805458.000 
806429.000 808143.000 806329.000 806366.000 
808259.000 807960.000 808598.000 808031.000 
809358.000 809063.000 809318.000 809425.000 
810090.000 810437.000 810182.000 810357.000 
810422.000 810192.000 810318.000 810448.000 
811306.000 810862.000 811071.000 810890.000 
812184.000 812178.000 812163.000 813363.000 
813406.000 813507.000 813515.000 813405.000 
813476.000 813519.000 813551.000 813456.000 
813348.000 813651.000 813604.000 813566.000 
813490.000 813552.000 813476.000 813598.000 
813677.000 813562.000 813563.000 813475.000 
813511.000 813539.000 813535.000 813483.000 
814721.000 814113.000 813919.000 813836.000 
815075.000 815218.000 815059.000 815893.000 
816281.000 817145.000 816495.000 816228.000 
816650.000 816883.000 816794.000 816678.000 
816694.000 816661.000 816809.000 816793.000 
816565.000 816865.000 816836.000 816662.000 
816863.000 816719.000 816685.000 816667.000 
816645.000 816835.000 816692.000 816784.000 
816758.000 816671.000 816834.000 816771.000 
816754.000 816617.000 816802.000 816749.000 
816856.000 816646.000 816904.000 816525.000 
818267.000 817989.000 818126.000 818238.000 
819085.000 819130.000 818960.000 819110.000 
819955.000 819937.000 819874.000 819900.000 
819945.000 819879.000 819938.000 819935.000 
819950.000 819916.000 819979.000 819917.000 
819970.000 819917.000 819827.000 819962.000 
821475.000 821180.000 821632.000 821224.000 
822121.000 822463.000 822126.000 822448.000 
822999.000 823307.000 823150.000 822988.000 
823716.000 823439.000 823501.000 823477.000 
824533.000 824696.000 824641.000 824736.000 
827389.000 826299.000 826086.000 826215.000 
827883.000 827921.000 827874.000 827892.000 
830600.000 829323.000 829629.000 829385.000 
831216.000 830879.000 830943.000 831046.000 
832808.000 833646.000 832411.000 832632.000 
834243.000 834255.000 834325.000 833879.000 
835960.000 836788.000 837404.000 836213.000 
838697.000 838718.000 838615.000 838729.000 
840089.000 840730.000 840825.000 841455.000 
843006.000 843965.000 843191.000 842707.000 
846029.000 845640.000 845813.000 846059.000 
848886.000 848478.000 848485.000 848698.000 
851373.000 851685.000 850879.000 851521.000 
854625.000 855116.000 854508.000 854547.000 
857599.000 857481.000 857551.000 858024.000 
860801.000 862070.000 861584.000 861304.000 
864430.000 865197.000 865509.000 864621.000 
869522.000 868287.000 868684.000 868312.000 
872976.000 873050.000 872993.000 872290.000 
877381.000 878005.000 877465.000 876717.000 
881976.000 881474.000 881109.000 881927.000 
887041.000 886503.000 886176.000 886777.000 
892512.000 891372.000 891253.000 890698.000 
896755.000 895496.000 896207.000 897665.000 
901815.000 903125.000 902400.000 901998.000 
907893.000 907807.000 908322.000 907587.000 
913481.000 914255.000 913412.000 914309.000 
920115.000 921006.000 919926.000 919312.000 
923434.000 922831.000 923456.000 923834.000 
923434.000 922831.000 923456.000 923558.000 
923434.000 922831.000 923456.000 923558.000 
923434.000 922831.000 923456.000 923558.000 
923434.000 922831.000 923456.000 923558.000 
923434.000 922831.000 923456.000 923558.000 
923434.000 922831.000 923456.000 923558.000 
923434.000 922831.000 923456.000 923558.000 
923434.000 922831.000 923456.000 923558.000 
923434.000 922831.000 923456.000 923558.000 
923434.000 922831.000 923456.000 923558.000 
923434.000 922831.000 923456.000 923558.000 
923434.000 922831.000 923456.000 923558.000 
923434.000 922831.000 923456.000 923558.000 
923434.000 922831.000 923456.000 923558.000 
923434.000 922831.000 923456.000 923558.000 
695190.000 771540.000 681698.000 664732.000 
696462.000 685309.000 685107.000 700330.000 
709523.000 693807.000 694466.000 694680.000 
702645.000 701604.000 701593.000 701450.000 
701774.000 701855.000 701868.000 701970.000 
701837.000 701841.000 701961.000 701870.000 
701914.000 701956.000 701874.000 701913.000 
739552.000 715724.000 721773.000 734363.000 
759978.000 743109.000 737547.000 746821.000 
757451.000 749779.000 750794.000 750382.000 
760322.000 757686.000 757345.000 757278.000 
764564.000 765334.000 764743.000 764417.000 
772028.000 771046.000 771094.000 772021.000 
779771.000 777618.000 778287.000 778220.000 
785787.000 785193.000 785855.000 785259.000 
793402.000 792313.000 793213.000 793020.000 
800188.000 800122.000 800067.000 800127.000 
808244.000 806791.000 807234.000 808001.000 
815965.000 814564.000 814306.000 814340.000 
822602.000 823194.000 822097.000 822026.000 
829224.000 831090.000 830309.000 829231.000 
837128.000 836746.000 836280.000 837891.000 
843960.000 844644.000 843886.000 843336.000 
851525.000 850542.000 850747.000 851040.000 
858222.000 857441.000 857522.000 857749.000 
864837.000 864549.000 863905.000 864244.000 
872557.000 869834.000 870538.000 871217.000 
878427.000 877080.000 876790.000 876865.000 
883818.000 883794.000 883697.000 883643.000 
890181.000 890393.000 889830.000 890086.000 
895689.000 896436.000 896055.000 896033.000 
901372.000 901505.000 901756.000 901002.000 
907489.000 906750.000 907171.000 907089.000 
912732.000 912909.000 911865.000 912307.000 
917921.000 917603.000 917459.000 917968.000 
923278.000 922740.000 922272.000 922275.000 
923779.000 923287.000 922738.000 923581.000 
923779.000 923869.000 922738.000 923581.000 
923779.000 923869.000 922738.000 923581.000 
923779.000 923869.000 922738.000 923581.000 
923779.000 923869.000 922738.000 923581.000 
923779.000 923869.000 922738.000 923581.000 
923779.000 923869.000 922738.000 923581.000 
923779.000 923869.000 922738.000 923581.000 
923779.000 923869.000 922738.000 923581.000 
923779.000 923869.000 922738.000 923581.000 
923779.000 923869.000 922738.000 923581.000 
923779.000 923869.000 922738.000 923581.000 
923779.000 923869.000 922738.000 923581.000 
923779.000 923869.000 922738.000 923581.000 
923779.000 660508.000 922738.000 923581.000 
833314.000 650182.000 695638.000 653315.000 
653205.000 654859.000 650524.000 663652.000 
658854.000 662635.000 659212.000 658490.000 
669950.000 669923.000 670741.000 669944.000 
673156.000 672800.000 673239.000 673223.000 
673234.000 673245.000 673206.000 673128.000 
678628.000 683446.000 677808.000 679253.000 
691085.000 685912.000 696286.000 694163.000 
704346.000 699501.000 698992.000 696156.000 
707174.000 708187.000 706692.000 706423.000 
710879.000 710706.000 712122.000 710525.000 
715769.000 714750.000 715162.000 715211.000 
720057.000 719301.000 719390.000 719389.000 
723198.000 723641.000 722697.000 723109.000 
728148.000 727063.000 728611.000 727593.000 
733395.000 732895.000 731134.000 732219.000 
736163.000 736301.000 736083.000 736512.000 
741348.000 741045.000 741126.000 741641.000 
745037.000 745464.000 745609.000 745266.000 
749662.000 749155.000 749500.000 749374.000 
753816.000 753354.000 753363.000 754369.000 
757975.000 758757.000 757471.000 757658.000 
760802.000 761117.000 760766.000 761313.000 
766017.000 765857.000 764059.000 764007.000 
769646.000 768361.000 769234.000 768703.000 
772913.000 772519.000 772628.000 772673.000 
776258.000 775558.000 775968.000 776410.000 
779283.000 778996.000 778921.000 779947.000 
782429.000 782764.000 781636.000 782250.000 
785252.000 784630.000 784481.000 785828.000 
787306.000 786895.000 787316.000 788290.000 
