-nan -nan
1.000 1.000
0.989 0.993
0.908 0.914
0.875 0.881
0.811 0.847
0.787 0.816
0.854 0.869
0.903 0.894
0.900 0.903
0.894 0.900
0.900 0.897
0.902 0.900
0.900 0.900
0.902 0.900
0.900 0.902
0.894 0.900
0.900 0.897
0.902 0.900
0.900 0.900
0.902 0.900
0.900 0.902
0.894 0.900
0.900 0.897
0.902 0.900
0.900 0.900
0.902 0.900
0.900 0.902
0.894 0.900
0.900 0.897
0.903 0.900
0.900 0.900
0.903 0.900
0.900 0.903
0.894 0.900
0.900 0.897
0.902 0.900
0.900 0.900
0.902 0.900
0.900 0.902
0.894 0.900
0.900 0.897
0.902 0.900
0.900 0.900
0.902 0.900
0.900 0.902
0.894 0.900
0.900 0.897
0.902 0.900
0.900 0.900
0.902 0.900
0.900 0.902
0.894 0.900
0.900 0.897
0.903 0.900
0.900 0.900
0.903 0.900
0.900 0.903
0.894 0.900
0.900 0.897
0.902 0.900
0.900 0.900
0.902 0.900
0.900 0.902
0.894 0.900
0.900 0.897
0.902 0.900
0.900 0.900
0.902 0.931
0.900 0.499
0.894 0.500
0.900 0.888
0.902 0.872
0.900 0.905
0.902 0.637
0.900 0.902
0.894 0.900
0.900 0.897
0.903 0.900
0.900 0.900
0.903 0.900
0.900 0.903
0.894 0.900
0.900 0.999
0.902 0.499
0.900 0.499
0.902 0.775
0.900 0.672
0.894 0.900
0.900 0.897
0.902 0.900
0.900 0.900
0.902 0.900
0.900 0.902
0.894 0.900
0.900 0.897
0.902 0.900
0.900 0.900
0.902 0.900
0.900 0.902
0.894 0.900
0.900 0.897
0.903 0.900
0.900 0.900
0.903 0.900
0.900 0.903
0.894 0.900
0.900 0.897
0.902 0.900
0.900 0.900
0.902 0.900
0.900 0.902
0.894 0.900
0.900 0.897
0.902 0.900
0.900 0.900
0.902 0.900
0.900 0.902
0.894 0.900
0.900 0.897
0.902 0.900
0.900 0.900
0.902 0.900
0.900 0.902
0.894 0.900
0.900 0.897
0.903 0.900
0.900 0.900
0.903 0.900
0.900 0.903
0.894 0.900
0.900 0.897
0.902 0.900
0.900 0.900
0.902 0.900
0.900 0.902
0.894 0.900
0.900 0.897
0.902 0.900
0.900 0.900
0.902 0.900
0.900 0.902
0.894 0.900
0.900 0.897
0.902 0.900
0.900 0.900
0.902 0.900
0.900 0.902
0.894 0.900
0.900 0.897
0.903 0.900
0.900 0.900
0.903 0.900
0.900 0.903
0.894 0.900
0.900 0.897
0.902 0.900
0.900 0.900
0.902 0.900
0.900 0.902
0.894 0.986
0.900 0.500
0.902 0.500
0.900 0.894
0.902 0.647
0.900 0.902
0.894 0.900
0.900 0.897
0.902 0.900
0.900 0.900
0.902 0.900
0.900 0.902
0.894 0.900
0.900 0.897
0.903 0.900
0.900 0.900
0.903 0.900
0.900 0.903
0.894 0.900
0.900 0.897
0.902 0.900
0.900 0.900
0.902 0.900
0.900 0.902
0.894 0.900
0.900 0.897
0.902 0.900
0.900 0.900
0.902 0.900
0.900 0.902
0.894 0.900
0.900 0.897
0.902 0.900
0.900 0.900
0.902 0.992
0.900 0.499
0.894 0.499
0.900 0.790
0.903 0.670
0.900 0.900
0.903 0.900
0.900 0.903
0.894 0.900
0.900 0.897
0.902 0.900
0.900 0.900
0.902 0.900
0.900 0.902
0.894 0.900
0.900 0.897
0.902 0.900
0.900 0.900
0.902 0.900
0.900 0.902
0.894 0.900
0.900 0.897
0.902 0.900
0.900 0.900
0.900 0.900
0.902 0.902
0.900 0.900
0.894 0.897
0.900 0.900
0.902 0.900
0.900 0.900
0.902 0.900
0.900 0.902
0.894 0.900
0.900 0.897
0.902 0.900
0.900 0.900
0.902 0.900
0.900 0.902
0.894 0.900
0.900 0.897
0.903 0.900
0.900 0.900
0.903 0.900
0.900 0.903
0.894 0.900
0.900 0.897
0.902 0.900
0.900 0.900
0.902 0.900
0.900 0.902
0.894 0.900
0.900 0.897
0.902 0.900
0.900 0.900
0.902 0.900
0.900 0.902
0.894 0.900
0.900 0.897
0.902 0.900
0.900 0.900
0.902 0.900
0.900 0.902
0.894 0.900
0.900 0.897
0.903 0.900
0.900 0.900
0.903 0.900
0.900 0.903
0.894 0.900
0.900 0.897
0.902 0.900
0.900 0.900
0.902 0.900
0.900 0.902
0.894 0.900
0.900 0.897
0.902 0.900
0.900 0.900
0.902 0.900
0.900 0.984
0.894 0.500
0.900 0.500
0.902 0.852
0.900 0.894
0.902 0.657
0.900 0.902
0.894 0.900
0.900 0.897
0.903 0.900
0.900 0.900
0.903 0.900
0.900 0.903
0.894 0.900
0.900 0.897
0.902 0.900
0.900 0.900
0.902 0.900
0.900 0.902
0.894 0.900
0.900 0.897
0.902 0.900
0.900 0.900
0.902 0.900
0.900 0.902
0.894 0.900
0.900 0.897
0.902 0.900
0.900 0.900
0.902 0.900
0.900 0.902
0.894 0.900
0.900 0.897
0.903 0.900
0.900 0.941
0.903 0.499
0.900 0.500
0.894 0.796
0.900 0.680
0.902 0.900
0.900 0.900
0.902 0.900
0.900 0.902
0.894 0.900
0.900 0.897
0.902 0.900
0.900 0.900
0.902 0.900
0.900 0.902
0.894 0.900
0.900 0.897
0.902 0.900
0.900 0.900
0.902 0.900
0.900 0.902
0.894 0.900
0.900 0.897
0.903 0.900
0.900 0.900
0.903 0.900
0.900 0.903
0.894 0.900
0.900 0.897
0.902 0.900
0.900 0.900
0.902 0.900
0.900 0.902
0.894 0.900
0.900 0.897
0.902 0.900
0.900 0.900
0.902 0.900
0.900 0.902
0.894 0.900
0.900 0.897
0.902 0.900
0.900 0.900
0.902 0.900
0.900 0.902
0.894 0.900
0.900 0.897
0.903 0.900
0.900 0.900
0.903 0.900
0.900 0.903
0.894 0.900
0.900 0.897
0.902 0.900
0.900 0.900
0.902 0.900
0.900 0.902
0.894 0.900
0.900 0.897
0.902 0.900
0.900 0.900
0.902 0.900
0.900 0.902
0.894 0.900
0.900 0.897
0.902 0.900
0.900 0.900
0.902 0.900
0.900 0.902
0.894 0.900
0.900 0.897
0.903 0.900
0.900 0.900
0.903 0.900
0.900 0.903
0.894 0.900
0.900 0.897
0.902 0.900
0.900 0.900
0.902 0.900
0.900 0.929
0.894 0.499
0.900 0.500
0.902 0.852
0.900 0.894
0.902 0.670
0.900 0.902
0.894 0.900
0.900 0.897
0.902 0.900
0.900 0.900
0.902 0.900
0.900 0.902
0.894 0.900
0.900 0.897
0.903 0.900
0.900 0.900
0.903 0.900
0.900 0.903
0.894 0.900
0.900 0.897
0.902 0.900
0.900 0.900
0.902 0.900
0.900 0.902
0.894 0.900
0.900 0.897
0.902 0.900
0.900 0.900
0.902 0.900
0.900 0.902
0.894 0.900
0.900 0.897
0.902 0.900
0.900 0.900
0.902 0.639
0.900 0.499
0.894 0.499
0.900 0.623
0.903 0.900
0.900 0.900
0.903 0.900
0.900 0.903
0.894 0.900
0.900 0.897
0.902 0.900
0.900 0.900
0.902 0.900
0.900 0.902
0.894 0.900
0.900 0.897
0.902 0.900
0.900 0.900
0.902 0.900
0.900 0.902
0.894 0.900
0.900 0.897
0.902 0.900
0.900 0.900
0.902 0.900
0.900 0.902
0.894 0.900
0.900 0.897
0.903 0.900
0.900 0.900
0.903 0.900
0.900 0.903
0.894 0.900
0.900 0.897
0.902 0.900
0.900 0.900
0.902 0.900
0.900 0.902
0.894 0.900
0.900 0.897
0.902 0.900
0.900 0.900
0.902 0.900
0.900 0.902
0.900 0.900
0.894 0.897
0.900 0.900
0.902 0.900
0.900 0.900
0.902 0.900
0.900 0.902
0.894 0.900
0.900 0.897
0.902 0.900
0.900 0.900
0.902 0.900
0.900 0.902
0.894 0.900
0.900 0.897
0.902 0.900
0.900 0.900
0.902 0.900
0.900 0.902
0.894 0.900
0.900 0.897
0.903 0.900
0.900 0.900
0.903 0.900
0.900 0.903
0.894 0.900
0.900 0.897
0.902 0.900
0.900 0.900
0.902 0.900
0.900 0.902
0.894 0.900
0.900 0.897
0.902 0.900
0.900 0.900
0.902 0.900
0.900 0.724
0.894 0.500
0.900 0.500
0.902 0.713
0.900 0.998
0.902 0.657
0.900 0.902
0.894 0.900
0.900 0.897
0.903 0.900
0.900 0.900
0.903 0.900
0.900 0.903
0.894 0.900
0.900 0.897
0.902 0.900
0.900 0.900
0.902 0.900
0.900 0.902
0.894 0.900
0.900 0.897
0.902 0.900
0.900 0.900
0.902 0.900
0.900 0.902
0.894 0.900
0.900 0.897
0.902 0.900
0.900 0.900
0.902 0.900
0.900 0.902
0.894 0.900
0.900 0.897
0.903 0.900
0.900 0.948
0.903 0.499
0.900 0.500
0.894 0.633
0.900 0.897
0.902 0.900
0.900 0.900
0.902 0.900
0.900 0.902
0.894 0.900
0.900 0.897
0.902 0.900
0.900 0.900
0.902 0.900
0.900 0.902
0.894 0.900
0.900 0.897
0.902 0.900
0.900 0.900
0.902 0.900
0.900 0.902
0.894 0.900
0.900 0.897
0.903 0.900
0.900 0.900
0.903 0.900
0.900 0.903
0.894 0.900
0.900 0.897
0.902 0.900
0.900 0.900
0.902 0.900
0.900 0.902
0.894 0.900
0.900 0.897
0.902 0.900
0.900 0.900
0.902 0.900
0.900 0.902
0.894 0.900
0.900 0.897
0.902 0.900
0.900 0.900
0.902 0.900
0.900 0.902
0.894 0.900
0.900 0.897
0.903 0.900
0.900 0.900
0.903 0.900
0.900 0.903
0.894 0.900
0.900 0.897
0.902 0.900
0.900 0.900
0.902 0.900
0.900 0.902
0.894 0.900
0.900 0.897
0.902 0.900
0.900 0.900
0.902 0.900
0.900 0.902
0.894 0.900
0.900 0.897
0.902 0.900
0.900 0.900
0.902 0.900
0.900 0.902
0.894 0.900
0.900 0.897
0.903 0.900
0.900 0.900
0.903 0.900
0.900 0.903
0.894 0.900
0.900 0.897
0.902 0.900
0.900 0.900
0.902 0.900
0.900 0.972
0.894 0.499
0.900 0.500
0.902 0.713
0.900 0.998
0.902 0.670
0.900 0.902
0.894 0.900
0.900 0.897
0.902 0.900
0.900 0.900
0.902 0.900
0.900 0.902
0.894 0.900
0.900 0.897
0.903 0.900
0.900 0.900
0.903 0.900
0.900 0.903
0.894 0.900
0.900 0.897
0.902 0.900
0.900 0.900
0.902 0.900
0.900 0.902
0.894 0.900
0.900 0.897
0.902 0.900
0.900 0.900
0.902 0.900
0.900 0.902
0.894 0.900
0.900 0.897
0.902 0.900
0.900 0.997
0.902 0.499
0.900 0.499
0.894 0.796
0.900 0.663
0.903 0.900
0.900 0.900
0.903 0.900
0.900 0.903
0.894 0.900
0.900 0.897
0.902 0.900
0.900 0.900
0.902 0.900
0.900 0.902
0.894 0.900
0.900 0.897
0.902 0.900
0.900 0.900
0.902 0.900
0.900 0.902
0.894 0.900
0.900 0.897
0.902 0.900
0.900 0.900
0.902 0.900
0.900 0.902
0.894 0.900
0.900 0.897
0.903 0.900
0.900 0.900
0.903 0.900
0.900 0.903
0.894 0.900
0.900 0.897
0.902 0.900
0.900 0.900
0.902 0.900
0.900 0.902
0.894 0.900
0.900 0.897
0.902 0.900
0.900 0.900
0.902 0.900
0.900 0.902
0.894 0.900
0.900 0.897
0.902 0.900
0.900 0.900
0.902 0.900
0.900 0.902
0.894 0.900
0.900 0.897
0.903 0.900
0.900 0.900
0.903 0.900
0.900 0.903
0.894 0.900
0.900 0.897
0.902 0.900
0.900 0.900
0.902 0.900
0.900 0.902
0.894 0.900
0.900 0.897
0.900 0.900
0.903 0.900
0.900 0.900
0.903 0.902
0.900 0.900
0.894 0.900
0.900 0.897
0.902 0.900
0.900 0.900
0.902 0.900
0.900 0.902
0.894 0.900
0.900 0.897
0.902 0.900
0.900 0.900
0.902 0.992
0.900 0.499
0.894 0.500
0.900 0.846
0.902 0.792
0.900 0.684
0.902 0.900
0.900 0.902
0.894 0.900
0.900 0.897
0.903 0.900
0.900 0.900
0.903 0.900
0.900 0.903
0.894 0.900
0.900 0.897
0.902 0.900
0.900 0.900
0.902 0.900
0.900 0.902
0.894 0.900
0.900 0.897
0.902 0.900
0.900 0.900
0.902 0.900
0.900 0.902
0.894 0.900
0.900 0.897
0.902 0.900
0.900 0.900
0.902 0.900
0.900 0.902
0.894 0.900
0.900 0.897
0.903 0.952
0.900 0.500
0.903 0.499
0.900 0.796
0.894 0.680
0.900 0.897
0.902 0.900
0.900 0.900
0.902 0.900
0.900 0.902
0.894 0.900
0.900 0.897
0.902 0.900
0.900 0.900
0.902 0.900
0.900 0.902
0.894 0.900
0.900 0.897
0.902 0.900
0.900 0.900
0.902 0.900
0.900 0.902
0.894 0.900
0.900 0.897
0.903 0.900
0.900 0.900
0.903 0.900
0.900 0.903
0.894 0.900
0.900 0.897
0.902 0.900
0.900 0.900
0.902 0.900
0.900 0.902
0.894 0.900
0.900 0.897
0.902 0.900
0.900 0.900
0.902 0.900
0.900 0.902
0.894 0.900
0.900 0.897
0.902 0.900
0.900 0.900
0.902 0.900
0.900 0.902
0.894 0.900
0.900 0.897
0.903 0.900
0.900 0.900
0.903 0.900
0.900 0.903
0.894 0.900
0.900 0.897
0.902 0.900
0.900 0.900
0.902 0.900
0.900 0.902
0.894 0.900
0.900 0.897
0.902 0.900
0.900 0.900
0.902 0.900
0.900 0.902
0.894 0.900
0.900 0.897
0.902 0.900
0.900 0.900
0.902 0.900
0.900 0.902
0.894 0.900
0.900 0.897
0.903 0.900
0.900 0.900
0.903 0.900
0.900 0.903
0.894 0.900
0.900 0.897
0.902 0.900
0.900 0.900
0.902 0.941
0.900 0.499
0.894 0.499
0.900 0.846
0.902 0.894
0.900 0.667
0.902 0.900
0.900 0.902
0.894 0.900
0.900 0.897
0.902 0.900
0.900 0.900
0.902 0.900
0.900 0.902
0.894 0.900
0.900 0.897
0.903 0.900
0.900 0.900
0.903 0.900
0.900 0.903
0.894 0.900
0.900 0.897
0.902 0.900
0.900 0.900
0.902 0.900
0.900 0.902
0.894 0.900
0.900 0.897
0.902 0.900
0.900 0.900
0.902 0.900
0.900 0.902
0.894 0.900
0.900 0.897
0.902 0.900
0.900 0.546
0.902 0.499
0.900 0.499
0.894 0.624
0.900 0.897
0.903 0.900
0.900 0.900
0.903 0.900
0.900 0.903
0.894 0.900
0.900 0.897
0.902 0.900
0.900 0.900
0.902 0.900
0.900 0.902
0.894 0.900
0.900 0.897
0.902 0.900
0.900 0.900
0.902 0.900
0.900 0.902
0.894 0.900
0.900 0.897
0.902 0.900
0.900 0.900
0.902 0.900
0.900 0.902
0.894 0.900
0.900 0.897
0.903 0.900
0.900 0.900
0.903 0.900
0.900 0.903
0.894 0.900
0.900 0.897
0.902 0.900
0.900 0.900
0.902 0.900
0.900 0.902
0.894 0.900
0.900 0.897
0.902 0.900
0.900 0.900
0.902 0.900
0.900 0.902
0.894 0.900
0.900 0.897
0.902 0.900
0.900 0.900
0.902 0.900
0.900 0.902
0.894 0.900
0.900 0.897
0.903 0.900
0.900 0.900
0.903 0.900
0.900 0.903
0.894 0.900
0.900 0.897
0.902 0.900
0.900 0.900
0.902 0.900
0.900 0.902
0.894 0.900
0.900 0.897
0.902 0.900
0.900 0.900
0.902 0.900
0.900 0.902
0.894 0.900
0.900 0.897
0.902 0.900
0.900 0.900
0.902 0.900
0.900 0.902
0.894 0.900
0.900 0.897
0.903 0.900
0.900 0.900
0.903 0.900
0.900 0.640
0.894 0.499
0.900 0.500
0.902 0.713
0.900 0.681
0.900 0.900
0.902 0.902
0.900 0.900
0.894 0.897
0.900 0.900
0.903 0.900
0.900 0.900
0.903 0.900
0.900 0.903
0.894 0.900
0.900 0.897
0.902 0.900
0.900 0.900
0.902 0.900
0.900 0.902
0.894 0.900
0.900 0.897
0.902 0.900
0.900 0.900
0.902 0.900
0.900 0.902
0.894 0.900
0.900 0.897
0.902 0.900
0.900 0.900
0.902 0.900
0.900 0.902
0.894 0.900
0.900 0.897
0.903 0.909
0.900 0.500
0.903 0.499
0.900 0.632
0.894 0.900
0.900 0.897
0.902 0.900
0.900 0.900
0.902 0.900
0.900 0.902
0.894 0.900
0.900 0.897
0.902 0.900
0.900 0.900
0.902 0.900
0.900 0.902
0.894 0.900
0.900 0.897
0.902 0.900
0.900 0.900
0.902 0.900
0.900 0.902
0.894 0.900
0.900 0.897
0.903 0.900
0.900 0.900
0.903 0.900
0.900 0.903
0.894 0.900
0.900 0.897
0.902 0.900
0.900 0.900
0.902 0.900
0.900 0.902
0.894 0.900
0.900 0.897
0.902 0.900
0.900 0.900
0.902 0.900
0.900 0.902
0.894 0.900
0.900 0.897
0.902 0.900
0.900 0.900
0.902 0.900
0.900 0.902
0.894 0.900
0.900 0.897
0.903 0.900
0.900 0.900
0.903 0.900
0.900 0.903
0.894 0.900
0.900 0.897
0.902 0.900
0.900 0.900
0.902 0.900
0.900 0.902
0.894 0.900
0.900 0.897
0.902 0.900
0.900 0.900
0.902 0.900
0.900 0.902
0.894 0.900
0.900 0.897
0.902 0.900
0.900 0.900
0.902 0.900
0.900 0.902
0.894 0.900
0.900 0.897
0.903 0.900
0.900 0.900
0.903 0.900
0.900 0.903
0.894 0.900
0.900 0.897
0.902 0.900
0.900 0.900
0.902 0.946
0.900 0.499
0.894 0.499
0.900 0.708
0.902 0.999
0.900 0.667
0.902 0.900
0.900 0.902
0.894 0.900
0.900 0.897
0.902 0.900
0.900 0.900
0.902 0.900
0.900 0.902
0.894 0.900
0.900 0.897
0.903 0.900
0.900 0.900
0.903 0.900
0.900 0.903
0.894 0.900
0.900 0.897
0.902 0.900
0.900 0.900
0.902 0.900
0.900 0.902
0.894 0.900
0.900 0.897
0.902 0.900
0.900 0.900
0.902 0.900
0.900 0.902
0.894 0.900
0.900 0.897
0.902 0.999
0.900 0.499
0.902 0.499
0.900 0.796
0.894 0.664
0.900 0.897
0.903 0.900
0.900 0.900
0.903 0.900
0.900 0.903
0.894 0.900
0.900 0.897
0.902 0.900
0.900 0.900
0.902 0.900
0.900 0.902
0.894 0.900
0.900 0.897
0.902 0.900
0.900 0.900
0.902 0.900
0.900 0.902
0.894 0.900
0.900 0.897
0.902 0.900
0.900 0.900
0.902 0.900
0.900 0.902
0.894 0.900
0.900 0.897
0.903 0.900
0.900 0.900
0.903 0.900
0.900 0.903
0.894 0.900
0.900 0.897
0.902 0.900
0.900 0.900
0.902 0.900
0.900 0.902
0.894 0.900
0.900 0.897
0.902 0.900
0.900 0.900
0.902 0.900
0.900 0.902
0.894 0.900
0.900 0.897
0.902 0.900
0.900 0.900
0.902 0.900
0.900 0.902
0.894 0.900
0.900 0.897
0.903 0.900
0.900 0.900
0.903 0.900
0.900 0.903
0.894 0.900
0.900 0.897
0.902 0.900
0.900 0.900
0.902 0.900
0.900 0.902
0.894 0.900
0.900 0.897
0.902 0.900
0.900 0.900
0.902 0.900
0.900 0.902
0.894 0.900
0.900 0.897
0.902 0.900
0.900 0.900
0.902 0.900
0.900 0.902
0.894 0.900
0.900 0.897
0.903 0.900
0.900 0.900
0.903 0.997
0.900 0.500
0.894 0.499
0.900 0.708
0.902 0.998
0.900 0.681
0.902 0.900
0.900 0.902
0.894 0.900
0.900 0.897
0.902 0.900
0.900 0.900
0.902 0.900
0.900 0.902
0.894 0.900
0.900 0.897
0.902 0.900
0.900 0.900
0.902 0.900
0.900 0.902
0.894 0.900
0.900 0.897
0.903 0.900
0.900 0.900
0.903 0.900
0.900 0.903
0.900 0.900
0.894 0.897
0.900 0.900
0.902 0.900
0.900 0.900
0.902 0.900
0.900 0.902
0.894 0.900
0.900 0.963
0.903 0.499
0.900 0.500
0.903 0.796
0.900 0.677
0.894 0.900
0.900 0.897
0.902 0.900
0.900 0.900
0.902 0.900
0.900 0.902
0.894 0.900
0.900 0.897
0.902 0.900
0.900 0.900
0.902 0.900
0.900 0.902
0.894 0.900
0.900 0.897
0.902 0.900
0.900 0.900
0.902 0.900
0.900 0.902
0.894 0.900
0.900 0.897
0.903 0.900
0.900 0.900
0.903 0.900
0.900 0.903
0.894 0.900
0.900 0.897
0.902 0.900
0.900 0.900
0.902 0.900
0.900 0.902
0.894 0.900
0.900 0.897
0.902 0.900
0.900 0.900
0.902 0.900
0.900 0.902
0.894 0.900
0.900 0.897
0.902 0.900
0.900 0.900
0.902 0.900
0.900 0.902
0.894 0.900
0.900 0.897
0.903 0.900
0.900 0.900
0.903 0.900
0.900 0.903
0.894 0.900
0.900 0.897
0.902 0.900
0.900 0.900
0.902 0.900
0.900 0.902
0.894 0.900
0.900 0.897
0.902 0.900
0.900 0.900
0.902 0.900
0.900 0.902
0.894 0.900
0.900 0.897
0.902 0.900
0.900 0.900
0.902 0.900
0.900 0.902
0.894 0.900
0.900 0.897
0.903 0.900
0.900 0.900
0.903 0.900
0.900 0.903
0.894 0.900
0.900 0.897
0.902 0.900
0.900 0.952
0.902 0.499
0.900 0.499
0.894 0.852
0.900 0.888
0.902 0.665
0.900 0.900
0.902 0.900
0.900 0.902
0.894 0.900
0.900 0.897
0.902 0.900
0.900 0.900
0.902 0.900
0.900 0.902
0.894 0.900
0.900 0.897
0.903 0.900
0.900 0.900
0.903 0.900
0.900 0.903
0.894 0.900
0.900 0.897
0.902 0.900
0.900 0.900
0.902 0.900
0.900 0.902
0.894 0.900
0.900 0.897
0.902 0.900
0.900 0.900
0.902 0.900
0.900 0.902
0.894 0.900
0.900 0.903
0.902 0.499
0.900 0.499
0.902 0.499
0.900 0.623
0.894 0.900
0.900 0.897
0.903 0.900
0.900 0.900
0.903 0.900
0.900 0.903
0.894 0.900
0.900 0.897
0.902 0.900
0.900 0.900
0.902 0.900
0.900 0.902
0.894 0.900
0.900 0.897
0.902 0.900
0.900 0.900
0.902 0.900
0.900 0.902
0.894 0.900
0.900 0.897
0.902 0.900
0.900 0.900
0.902 0.900
0.900 0.902
0.894 0.900
0.900 0.897
0.903 0.900
0.900 0.900
0.903 0.900
0.900 0.903
0.894 0.900
0.900 0.897
0.902 0.900
0.900 0.900
0.902 0.900
0.900 0.902
0.894 0.900
0.900 0.897
0.902 0.900
0.900 0.900
0.902 0.900
0.900 0.902
0.894 0.900
0.900 0.897
0.902 0.900
0.900 0.900
0.902 0.900
0.900 0.902
0.894 0.900
0.900 0.897
0.903 0.900
0.900 0.900
0.903 0.900
0.900 0.903
0.894 0.900
0.900 0.897
0.902 0.900
0.900 0.900
0.902 0.900
0.900 0.902
0.894 0.900
0.900 0.897
0.902 0.900
0.900 0.900
0.902 0.900
0.900 0.902
0.894 0.900
0.900 0.897
0.902 0.900
0.900 0.900
0.902 0.900
0.900 0.902
0.894 0.900
0.900 0.897
0.903 0.900
0.900 0.900
0.903 0.546
0.900 0.500
0.894 0.499
0.900 0.708
0.902 0.678
0.900 0.900
0.902 0.900
0.900 0.902
0.894 0.900
0.900 0.897
0.902 0.900
0.900 0.900
0.902 0.900
0.900 0.902
0.894 0.900
0.900 0.897
0.902 0.900
0.900 0.900
0.902 0.900
0.900 0.902
0.894 0.900
0.900 0.897
0.903 0.900
0.900 0.900
0.903 0.900
0.900 0.903
0.894 0.900
0.900 0.897
0.902 0.900
0.900 0.900
0.902 0.900
0.900 0.902
0.894 0.900
0.900 0.897
0.902 0.862
0.900 0.499
0.902 0.500
0.900 0.630
0.894 0.900
0.900 0.897
0.902 0.900
0.900 0.900
0.902 0.900
0.900 0.902
0.894 0.900
0.900 0.897
0.900 0.900
0.902 0.900
0.900 0.900
0.902 0.903
0.900 0.900
0.894 0.900
0.900 0.897
0.902 0.900
0.900 0.900
0.902 0.900
0.900 0.902
0.894 0.900
0.900 0.897
0.903 0.900
0.900 0.900
0.903 0.900
0.900 0.903
0.894 0.900
0.900 0.897
0.902 0.900
0.900 0.900
0.902 0.900
0.900 0.902
0.894 0.900
0.900 0.897
0.902 0.900
0.900 0.900
0.902 0.900
0.900 0.902
0.894 0.900
0.900 0.897
0.902 0.900
0.900 0.900
0.902 0.900
0.900 0.902
0.894 0.900
0.900 0.897
0.903 0.900
0.900 0.900
0.903 0.900
0.900 0.903
0.894 0.900
0.900 0.897
0.902 0.900
0.900 0.900
0.902 0.900
0.900 0.902
0.894 0.900
0.900 0.897
0.902 0.900
0.900 0.900
0.902 0.900
0.900 0.902
0.894 0.900
0.900 0.897
0.902 0.900
0.900 0.900
0.902 0.900
0.900 0.902
0.894 0.900
0.900 0.897
0.903 0.900
0.900 0.900
0.903 0.900
0.900 0.903
0.894 0.900
0.900 0.897
0.902 0.900
0.900 0.909
0.902 0.499
0.900 0.499
0.894 0.713
0.900 0.998
0.902 0.665
0.900 0.900
0.902 0.900
0.900 0.902
0.894 0.900
0.900 0.897
0.902 0.900
0.900 0.900
0.902 0.900
0.900 0.902
0.894 0.900
0.900 0.897
0.903 0.900
0.900 0.900
0.903 0.900
0.900 0.903
0.894 0.900
0.900 0.897
0.902 0.900
0.900 0.900
0.902 0.900
0.900 0.902
0.894 0.900
0.900 0.897
0.902 0.900
0.900 0.900
0.902 0.900
0.900 0.902
0.894 0.900
0.900 0.997
0.902 0.499
0.900 0.499
0.902 0.796
0.900 0.662
0.894 0.900
0.900 0.897
0.903 0.900
0.900 0.900
0.903 0.900
0.900 0.903
0.894 0.900
0.900 0.897
0.902 0.900
0.900 0.900
0.902 0.900
0.900 0.902
0.894 0.900
0.900 0.897
0.902 0.900
0.900 0.900
0.902 0.900
0.900 0.902
0.894 0.900
0.900 0.897
0.902 0.900
0.900 0.900
0.902 0.900
0.900 0.902
0.894 0.900
0.900 0.897
0.903 0.900
0.900 0.900
0.903 0.900
0.900 0.903
0.894 0.900
0.900 0.897
0.902 0.900
0.900 0.900
0.902 0.900
0.900 0.902
0.894 0.900
0.900 0.897
0.902 0.900
0.900 0.900
0.902 0.900
0.900 0.902
0.894 0.900
0.900 0.897
0.902 0.900
0.900 0.900
0.902 0.900
0.900 0.902
0.894 0.900
0.900 0.897
0.903 0.900
0.900 0.900
0.903 0.900
0.900 0.903
0.894 0.900
0.900 0.897
0.902 0.900
0.900 0.900
0.902 0.900
0.900 0.902
0.894 0.900
0.900 0.897
0.902 0.900
0.900 0.900
0.902 0.900
0.900 0.902
0.894 0.900
0.900 0.897
0.902 0.900
0.900 0.900
0.902 0.900
0.900 0.902
0.894 0.900
0.900 0.897
0.903 0.900
0.900 1.000
0.903 0.499
0.900 0.500
0.894 0.713
0.900 0.998
0.902 0.678
0.900 0.900
0.902 0.900
0.900 0.902
0.894 0.900
0.900 0.897
0.902 0.900
0.900 0.900
0.902 0.900
0.900 0.902
0.894 0.900
0.900 0.897
0.902 0.900
0.900 0.900
0.902 0.900
0.900 0.902
0.894 0.900
0.900 0.897
0.903 0.900
0.900 0.900
0.903 0.900
0.900 0.903
0.894 0.900
0.900 0.897
0.902 0.900
0.900 0.900
0.902 0.900
0.900 0.902
0.894 0.900
0.900 0.974
0.902 0.500
0.900 0.499
0.902 0.796
0.900 0.675
0.894 0.900
0.900 0.897
0.902 0.900
0.900 0.900
0.902 0.900
0.900 0.902
0.894 0.900
0.900 0.897
0.903 0.900
0.900 0.900
0.903 0.900
0.900 0.903
0.894 0.900
0.900 0.897
0.902 0.900
0.900 0.900
0.902 0.900
0.900 0.902
0.894 0.900
0.900 0.897
0.902 0.900
0.900 0.900
0.902 0.900
0.900 0.902
0.894 0.900
0.900 0.897
0.902 0.900
0.900 0.900
0.900 0.900
0.902 0.902
0.900 0.900
0.894 0.897
0.900 0.900
0.902 0.900
0.900 0.900
0.902 0.900
0.900 0.902
0.894 0.900
0.900 0.897
0.902 0.900
0.900 0.900
0.902 0.900
0.900 0.902
0.894 0.900
0.900 0.897
0.903 0.900
0.900 0.900
0.903 0.900
0.900 0.903
0.894 0.900
0.900 0.897
0.902 0.900
0.900 0.900
0.902 0.900
0.900 0.902
0.894 0.900
0.900 0.897
0.902 0.900
0.900 0.900
0.902 0.900
0.900 0.902
0.894 0.900
0.900 0.897
0.902 0.900
0.900 0.900
0.902 0.900
0.900 0.902
0.894 0.900
0.900 0.897
0.903 0.900
0.900 0.900
0.903 0.900
0.900 0.903
0.894 0.900
0.900 0.897
0.902 0.964
0.900 0.499
0.902 0.499
0.900 0.852
0.894 0.894
0.900 0.658
0.902 0.900
0.900 0.900
0.902 0.900
0.900 0.902
0.894 0.900
0.900 0.897
0.902 0.900
0.900 0.900
0.902 0.900
0.900 0.902
0.894 0.900
0.900 0.897
0.903 0.900
0.900 0.900
0.903 0.900
0.900 0.903
0.894 0.900
0.900 0.897
0.902 0.900
0.900 0.900
0.902 0.900
0.900 0.902
0.894 0.900
0.900 0.897
0.902 0.900
0.900 0.900
0.902 0.900
0.900 0.902
0.894 0.920
0.900 0.500
0.902 0.499
0.900 0.796
0.902 0.689
0.900 0.902
0.894 0.900
0.900 0.897
0.903 0.900
0.900 0.900
0.903 0.900
0.900 0.903
0.894 0.900
0.900 0.897
0.902 0.900
0.900 0.900
0.902 0.900
0.900 0.902
0.894 0.900
0.900 0.897
0.902 0.900
0.900 0.900
0.902 0.900
0.900 0.902
0.894 0.900
0.900 0.897
0.902 0.900
0.900 0.900
0.902 0.900
0.900 0.902
0.894 0.900
0.900 0.897
0.903 0.900
0.900 0.900
0.903 0.900
0.900 0.903
0.894 0.900
0.900 0.897
0.902 0.900
0.900 0.900
0.902 0.900
0.900 0.902
0.894 0.900
0.900 0.897
0.902 0.900
0.900 0.900
0.902 0.900
0.900 0.902
0.894 0.900
0.900 0.897
0.902 0.900
0.900 0.900
0.902 0.900
0.900 0.902
0.894 0.900
0.900 0.897
0.903 0.900
0.900 0.900
0.903 0.900
0.900 0.903
0.894 0.900
0.900 0.897
0.902 0.900
0.900 0.900
0.902 0.900
0.900 0.902
0.894 0.900
0.900 0.897
0.902 0.900
0.900 0.900
0.902 0.900
0.900 0.902
0.894 0.900
0.900 0.897
0.902 0.900
0.900 0.900
0.902 0.900
0.900 0.902
0.894 0.900
0.900 0.897
0.903 0.905
0.900 0.500
0.903 0.499
0.900 0.500
0.894 0.713
0.900 0.671
0.902 0.900
0.900 0.900
0.902 0.900
0.900 0.902
0.894 0.900
0.900 0.897
0.902 0.900
0.900 0.900
0.902 0.900
0.900 0.902
0.894 0.900
0.900 0.897
0.902 0.900
0.900 0.900
0.902 0.900
0.900 0.902
0.894 0.900
0.900 0.897
0.903 0.900
0.900 0.900
0.903 0.900
0.900 0.903
0.894 0.900
0.900 0.897
0.902 0.900
0.900 0.900
0.902 0.900
0.900 0.902
0.894 0.900
0.900 0.787
0.902 0.500
0.900 0.499
0.902 0.628
0.900 0.902
0.894 0.900
0.900 0.897
0.902 0.900
0.900 0.900
0.902 0.900
0.900 0.902
0.894 0.900
0.900 0.897
0.903 0.900
0.900 0.900
0.903 0.900
0.900 0.903
0.894 0.900
0.900 0.897
0.902 0.900
0.900 0.900
0.902 0.900
0.900 0.902
0.894 0.900
0.900 0.897
0.902 0.900
0.900 0.900
0.902 0.900
0.900 0.902
0.894 0.900
0.900 0.897
0.902 0.900
0.900 0.900
0.902 0.900
0.900 0.902
0.894 0.900
0.900 0.897
0.903 0.900
0.900 0.900
0.903 0.900
0.900 0.903
0.894 0.900
0.900 0.897
0.902 0.900
0.900 0.900
0.902 0.900
0.900 0.902
0.894 0.900
0.900 0.897
0.902 0.900
0.900 0.900
0.902 0.900
0.900 0.902
0.900 0.900
0.894 0.897
0.900 0.900
0.902 0.900
0.900 0.900
0.902 0.900
0.900 0.902
0.894 0.900
0.900 0.897
0.902 0.900
0.900 0.900
0.902 0.900
0.900 0.902
0.894 0.900
0.900 0.897
0.902 0.900
0.900 0.900
0.902 0.900
0.900 0.902
0.894 0.900
0.900 0.897
0.903 0.900
0.900 0.900
0.903 0.900
0.900 0.903
0.894 0.900
0.900 0.897
0.902 0.860
0.900 0.499
0.902 0.499
0.900 0.713
0.894 0.998
0.900 0.658
0.902 0.900
0.900 0.900
0.902 0.900
0.900 0.902
0.894 0.900
