0.000 0.000 0.000 0.000 
33933.000 34781.000 35607.000 35348.000 
48248.000 59595.000 60464.000 48933.000 
53475.000 69061.000 69829.000 53493.000 
51424.000 72930.000 73728.000 52022.000 
46055.000 76447.000 77344.000 44915.000 
36003.000 80128.000 80914.000 33760.000 
22488.000 83836.000 84514.000 23609.000 
19504.000 87426.000 88083.000 19384.000 
19152.000 90914.000 91689.000 19121.000 
19152.000 94575.000 95378.000 19201.000 
19209.000 98197.000 99025.000 19094.000 
19130.000 101853.000 102638.000 19159.000 
19192.000 105456.000 106163.000 19087.000 
19170.000 109022.000 109837.000 19101.000 
19051.000 112638.000 113409.000 19183.000 
19088.000 116268.000 117068.000 19130.000 
19075.000 119858.000 120686.000 19131.000 
19100.000 123483.000 124208.000 19183.000 
19140.000 127187.000 127792.000 19130.000 
19076.000 130725.000 131498.000 19192.000 
19101.000 134208.000 135043.000 19170.000 
19183.000 137999.000 138799.000 19045.000 
19114.000 141560.000 142385.000 19088.000 
19115.000 145163.000 145887.000 19075.000 
19183.000 148824.000 149524.000 19088.000 
19130.000 152462.000 153144.000 19122.000 
19192.000 155887.000 156723.000 19076.000 
19148.000 159583.000 160439.000 19101.000 
19055.000 163251.000 164125.000 19183.000 
19089.000 166882.000 167604.000 19099.000 
19075.000 170509.000 171161.000 19101.000 
19077.000 174110.000 174884.000 19099.000 
19122.000 177604.000 178393.000 19134.000 
19076.000 181268.000 182081.000 19168.000 
19101.000 184899.000 185773.000 19130.000 
19160.000 188594.000 189359.000 19055.000 
19087.000 192234.000 192846.000 19089.000 
19101.000 195801.000 196529.000 19065.000 
19099.000 199359.000 200148.000 19077.000 
19134.000 202990.000 203806.000 19107.000 
19147.000 206588.000 207427.000 19076.000 
19113.000 210254.000 211019.000 19101.000 
19055.000 213955.000 214571.000 19140.000 
19107.000 217498.000 218221.000 19076.000 
19066.000 221019.000 221806.000 19101.000 
19067.000 224749.000 225563.000 19099.000 
19107.000 228318.000 229157.000 19033.000 
19076.000 231955.000 232689.000 19132.000 
19088.000 235619.000 236297.000 19114.000 
19122.000 239137.000 239951.000 19055.000 
19076.000 242689.000 243509.000 19107.000 
19101.000 246413.000 247227.000 19058.000 
19099.000 249957.000 250794.000 19059.000 
19154.000 253695.000 254429.000 19107.000 
19115.000 257323.000 257961.000 19076.000 
19114.000 260820.000 261561.000 19077.000 
19055.000 264429.000 265249.000 19122.000 
19093.000 268090.000 268933.000 19076.000 
19051.000 271616.000 272478.000 19112.000 
19059.000 275343.000 276075.000 19212.000 
19107.000 279066.000 279665.000 19135.000 
19066.000 282543.000 283245.000 19161.000 
19077.000 286075.000 286871.000 19117.000 
19107.000 289833.000 290654.000 19055.000 
19076.000 293339.000 294201.000 19082.000 
19112.000 297012.000 297767.000 19169.000 
19186.000 300716.000 301408.000 19059.000 
19118.000 301776.000 302531.000 19107.000 
19171.000 301776.000 302531.000 19066.000 
19169.000 301776.000 302531.000 19075.000 
19051.000 301776.000 302531.000 19150.000 
19196.000 301776.000 302531.000 19119.000 
19169.000 301776.000 302531.000 19140.000 
19059.000 276722.000 276644.000 19174.000 
19107.000 277202.000 277154.000 19119.000 
19058.000 277784.000 277944.000 19161.000 
19059.000 280442.000 280524.000 19169.000 
19107.000 284208.000 284206.000 19170.000 
19076.000 287744.000 287573.000 19172.000 
19086.000 291424.000 291468.000 19169.000 
19172.000 296164.000 296212.000 19059.000 
19119.000 301003.000 301085.000 19094.000 
19161.000 303387.000 303363.000 19051.000 
19272.000 303387.000 303363.000 19066.000 
19149.000 303387.000 303363.000 19150.000 
19172.000 303387.000 303363.000 19112.000 
19169.000 292339.000 292318.000 19123.000 
19059.000 220001.000 220066.000 19152.000 
19082.000 222255.000 222305.000 19128.000 
19169.000 224761.000 224643.000 19161.000 
19059.000 227083.000 226996.000 19238.000 
19142.000 229359.000 229409.000 19130.000 
19068.000 231635.000 231661.000 19172.000 
19075.000 234242.000 234290.000 19169.000 
19150.000 236653.000 236735.000 19051.000 
19128.000 239584.000 239672.000 19196.000 
19141.000 242279.000 241925.000 19169.000 
19208.000 244938.000 244794.000 19059.000 
19130.000 246195.000 246148.000 19142.000 
19172.000 248613.000 248592.000 19060.000 
19169.000 250990.000 250981.000 19066.000 
19170.000 253413.000 253306.000 19150.000 
19172.000 255658.000 255521.000 19128.000 
19169.000 257227.000 257065.000 19131.000 
19059.000 258183.000 258138.000 19209.000 
19124.000 260590.000 260571.000 19130.000 
19079.000 262269.000 262261.000 19172.000 
19067.000 262984.000 262987.000 19273.000 
19150.000 262989.000 262973.000 19149.000 
19112.000 265317.000 265388.000 19172.000 
19131.000 265315.000 265357.000 19169.000 
19183.000 266939.000 266864.000 19059.000 
19130.000 267778.000 267828.000 19108.000 
19172.000 267683.000 267727.000 19194.000 
19239.000 269948.000 270009.000 19067.000 
19130.000 270176.000 270132.000 19150.000 
19172.000 270177.000 270123.000 19112.000 
19169.000 270155.000 270107.000 19115.000 
19057.000 270116.000 270094.000 19183.000 
19220.000 270107.000 270081.000 19130.000 
19194.000 270094.000 270177.000 19150.000 
19094.000 270082.000 270155.000 19209.000 
19152.000 270177.000 270135.000 19130.000 
19098.000 270155.000 270101.000 19172.000 
19100.000 270135.000 270094.000 19169.000 
19183.000 270101.000 270082.000 19175.000 
19130.000 270094.000 270082.000 19192.000 
19131.000 270082.000 270154.000 19194.000 
19209.000 270082.000 270135.000 19094.000 
19130.000 270071.000 270118.000 19133.000 
19172.000 270135.000 270089.000 19085.000 
19148.000 270118.000 270082.000 19100.000 
19044.000 270103.000 270082.000 19183.000 
19197.000 270078.000 270072.000 19114.000 
19194.000 270082.000 270062.000 19131.000 
19094.000 270072.000 270118.000 19183.000 
19139.000 270063.000 270103.000 19130.000 
19076.000 270118.000 270090.000 19172.000 
19101.000 270103.000 270078.000 19130.000 
19183.000 270090.000 270072.000 19038.000 
19114.000 272437.000 272445.000 19197.000 
19115.000 272521.000 272399.000 19194.000 
19183.000 272456.000 272529.000 19082.000 
19130.000 274576.000 274670.000 19122.000 
19150.000 274817.000 274889.000 19076.000 
19113.000 274889.000 274888.000 19101.000 
19038.000 277218.000 277262.000 19183.000 
19088.000 277329.000 277242.000 19099.000 
19200.000 279684.000 279649.000 19101.000 
19072.000 281403.000 281385.000 19183.000 
19107.000 282030.000 282073.000 19130.000 
19076.000 284365.000 284479.000 19147.000 
19101.000 286652.000 286680.000 19114.000 
19160.000 288676.000 288573.000 19038.000 
19087.000 290453.000 290381.000 19088.000 
19101.000 292612.000 292599.000 19175.000 
19183.000 295180.000 294933.000 19063.000 
19114.000 298079.000 298035.000 19107.000 
19147.000 300753.000 300864.000 19076.000 
19152.000 302689.000 302791.000 19101.000 
19057.000 302689.000 302791.000 19140.000 
19107.000 302689.000 302791.000 19076.000 
19058.000 302689.000 302791.000 19112.000 
19059.000 272864.000 281637.000 19113.000 
19107.000 214962.000 215077.000 19118.000 
19076.000 217477.000 217396.000 19129.000 
19088.000 219861.000 219918.000 19113.000 
19122.000 223693.000 223644.000 19039.000 
19076.000 226801.000 226756.000 19077.000 
19101.000 231179.000 231098.000 19050.000 
19183.000 234356.000 234548.000 19059.000 
19099.000 238799.000 238774.000 19107.000 
19112.000 243522.000 243450.000 19076.000 
19113.000 248102.000 248105.000 19077.000 
19039.000 251288.000 250933.000 19107.000 
19067.000 255630.000 255640.000 19076.000 
19050.000 259564.000 259667.000 19101.000 
19059.000 262804.000 262812.000 19212.000 
19107.000 266818.000 266675.000 19090.000 
19066.000 269953.000 269848.000 19113.000 
19067.000 273454.000 273170.000 19113.000 
19107.000 276911.000 277012.000 19048.000 
19076.000 279440.000 279542.000 19068.000 
19101.000 281990.000 281973.000 19169.000 
19185.000 284392.000 284409.000 19059.000 
19078.000 286729.000 286788.000 19107.000 
19113.000 289158.000 289132.000 19058.000 
19113.000 291531.000 291605.000 19059.000 
19048.000 293978.000 293996.000 19107.000 
19184.000 296172.000 296080.000 19076.000 
19169.000 296411.000 296423.000 19088.000 
19059.000 298736.000 298779.000 19162.000 
19094.000 300891.000 300807.000 19118.000 
19051.000 301210.000 301166.000 19161.000 
19059.000 301210.000 301166.000 19169.000 
19142.000 301210.000 301166.000 19170.000 
19118.000 301210.000 301166.000 19172.000 
19088.000 212117.000 212174.000 19169.000 
19142.000 211923.000 211833.000 19059.000 
19118.000 214994.000 215092.000 19082.000 
19115.000 217195.000 217314.000 19051.000 
19224.000 219459.000 219466.000 19059.000 
19146.000 221403.000 221452.000 19107.000 
19172.000 223926.000 224049.000 19066.000 
19169.000 226770.000 226648.000 19067.000 
19051.000 229330.000 229299.000 19142.000 
19082.000 231750.000 231694.000 19118.000 
19169.000 234145.000 234079.000 19161.000 
19059.000 236298.000 236259.000 19199.000 
19107.000 238895.000 238885.000 19128.000 
19058.000 241070.000 240965.000 19172.000 
19066.000 242555.000 242398.000 19169.000 
19142.000 243807.000 243851.000 19051.000 
19118.000 246242.000 246181.000 19196.000 
19140.000 248579.000 248554.000 19169.000 
19174.000 248572.000 248548.000 19059.000 
19128.000 250925.000 250901.000 19094.000 
19172.000 250999.000 250999.000 19051.000 
19169.000 253332.000 253367.000 19066.000 
19170.000 253438.000 253344.000 19142.000 
19172.000 255299.000 255220.000 19118.000 
19169.000 255735.000 255796.000 19123.000 
19059.000 255770.000 255798.000 19182.000 
19082.000 258092.000 258175.000 19130.000 
19051.000 258142.000 258203.000 19172.000 
19066.000 258250.000 258187.000 19273.000 
19150.000 258204.000 258163.000 19149.000 
19104.000 258187.000 258143.000 19172.000 
19107.000 258163.000 258142.000 19169.000 
19182.000 258143.000 258250.000 19051.000 
19130.000 258142.000 258218.000 19082.000 
19172.000 258250.000 258178.000 19169.000 
19239.000 258218.000 258163.000 19066.000 
19130.000 258178.000 258143.000 19150.000 
19172.000 258156.000 258125.000 19091.000 
19169.000 258143.000 258249.000 19094.000 
19051.000 258125.000 258218.000 19182.000 
19220.000 258125.000 258191.000 19130.000 
19171.000 258218.000 258156.000 19150.000 
19066.000 258191.000 258136.000 19209.000 
19131.000 258167.000 258125.000 19130.000 
19085.000 258136.000 258125.000 19172.000 
19094.000 258125.000 258109.000 19169.000 
19182.000 258125.000 258191.000 19170.000 
19130.000 258109.000 258167.000 19192.000 
19131.000 258191.000 258146.000 19171.000 
19183.000 258167.000 258119.000 19066.000 
19130.000 258146.000 258125.000 19115.000 
19172.000 258119.000 258109.000 19085.000 
19273.000 260183.000 260184.000 19094.000 
19149.000 260534.000 260617.000 19182.000 
19192.000 260468.000 260541.000 19114.000 
19194.000 260535.000 260473.000 19115.000 
19059.000 262969.000 262831.000 19183.000 
19100.000 262868.000 262875.000 19130.000 
19075.000 264908.000 264823.000 19172.000 
19100.000 265267.000 265332.000 19239.000 
19183.000 267273.000 267354.000 19130.000 
19099.000 267677.000 267691.000 19192.000 
19101.000 269997.000 270042.000 19194.000 
19183.000 271649.000 271591.000 19051.000 
19130.000 272459.000 272445.000 19100.000 
19150.000 274851.000 274871.000 19075.000 
19209.000 277148.000 277210.000 19100.000 
19130.000 279525.000 279483.000 19160.000 
19192.000 281898.000 281934.000 19087.000 
19170.000 284270.000 284385.000 19101.000 
19072.000 286685.000 286786.000 19183.000 
19089.000 289204.000 289239.000 19130.000 
19075.000 292977.000 292921.000 19131.000 
19100.000 296238.000 296085.000 19099.000 
19140.000 298766.000 298660.000 19134.000 
19076.000 300798.000 300721.000 19192.000 
19101.000 301195.000 301128.000 19060.000 
19099.000 301195.000 301128.000 19067.000 
19117.000 301195.000 301128.000 19107.000 
19129.000 301195.000 301128.000 19076.000 
19113.000 301195.000 301128.000 19088.000 
19151.000 222726.000 223530.000 19122.000 
19194.000 217396.000 217420.000 19076.000 
19148.000 219203.000 219280.000 19101.000 
19055.000 221820.000 221910.000 19183.000 
19107.000 224533.000 224526.000 19099.000 
19076.000 228799.000 228638.000 19101.000 
19077.000 232317.000 231988.000 19099.000 
19122.000 236388.000 236353.000 19038.000 
19076.000 240893.000 240907.000 19172.000 
19101.000 245393.000 245430.000 19130.000 
19160.000 249289.000 249279.000 19055.000 
19087.000 253124.000 253079.000 19107.000 
19101.000 257079.000 256889.000 19066.000 
19099.000 260325.000 260307.000 19077.000 
19038.000 264094.000 264118.000 19107.000 
19151.000 267525.000 267591.000 19076.000 
19114.000 270882.000 270750.000 19101.000 
19055.000 274594.000 274472.000 19140.000 
19107.000 277169.000 277162.000 19076.000 
19066.000 279573.000 279568.000 19112.000 
19067.000 282629.000 282607.000 19100.000 
19107.000 285441.000 285455.000 19034.000 
19076.000 288036.000 287946.000 19184.000 
19088.000 290605.000 290358.000 19117.000 
19122.000 293061.000 292910.000 19055.000 
19076.000 293997.000 294021.000 19107.000 
19112.000 296381.000 296427.000 19058.000 
19100.000 298755.000 298797.000 19059.000 
19154.000 300217.000 300119.000 19107.000 
19161.000 301266.000 301155.000 19076.000 
19169.000 301266.000 301155.000 19086.000 
19059.000 301266.000 301155.000 19172.000 
19094.000 301266.000 301155.000 19119.000 
19051.000 217471.000 217438.000 19115.000 
19059.000 210394.000 210251.000 19224.000 
19107.000 214811.000 214677.000 19136.000 
19066.000 216628.000 216496.000 19161.000 
19077.000 218076.000 218073.000 19169.000 
19107.000 219904.000 219925.000 19059.000 
19076.000 222269.000 222308.000 19082.000 
19112.000 225905.000 225867.000 19169.000 
19196.000 228963.000 228860.000 19059.000 
19119.000 231326.000 231178.000 19107.000 
19161.000 233728.000 233671.000 19066.000 
19169.000 235237.000 235193.000 19067.000 
19051.000 238596.000 238588.000 19107.000 
19196.000 240058.000 239922.000 19076.000 
19169.000 241400.000 241355.000 19098.000 
19059.000 243733.000 243766.000 19172.000 
19107.000 246115.000 246083.000 19128.000 
19058.000 248351.000 248325.000 19161.000 
19059.000 248549.000 248653.000 19169.000 
19142.000 250713.000 250725.000 19170.000 
19078.000 250998.000 250998.000 19172.000 
19086.000 253257.000 253314.000 19169.000 
19172.000 253343.000 253370.000 19059.000 
19128.000 253659.000 253699.000 19094.000 
19161.000 255787.000 255835.000 19051.000 
19272.000 255820.000 255736.000 19059.000 
19149.000 258022.000 257965.000 19142.000 
19172.000 258185.000 258162.000 19068.000 
19169.000 258186.000 258123.000 19086.000 
19059.000 258163.000 258244.000 19150.000 
19082.000 258143.000 258214.000 19128.000 
19169.000 258233.000 258187.000 19172.000 
19059.000 258213.000 258186.000 19239.000 
19142.000 258187.000 258162.000 19130.000 
19103.000 258187.000 258143.000 19172.000 
19077.000 258162.000 258250.000 19169.000 
19150.000 258143.000 258204.000 19051.000 
19128.000 258250.000 258187.000 19196.000 
19150.000 258204.000 258187.000 19169.000 
19209.000 258187.000 258163.000 19059.000 
19130.000 258187.000 258142.000 19142.000 
19172.000 258163.000 258250.000 19090.000 
19169.000 258142.000 258218.000 19067.000 
19170.000 258249.000 258178.000 19150.000 
19172.000 258218.000 258187.000 19128.000 
19169.000 258191.000 258163.000 19131.000 
19066.000 258178.000 258143.000 19209.000 
19124.000 258163.000 258124.000 19130.000 
19079.000 258143.000 258218.000 19172.000 
19094.000 258125.000 258191.000 19273.000 
19152.000 258218.000 258191.000 19149.000 
19112.000 258191.000 258156.000 19172.000 
19131.000 259476.000 259438.000 19169.000 
19183.000 260601.000 260465.000 19066.000 
19130.000 260536.000 260535.000 19109.000 
19172.000 260469.000 260564.000 19194.000 
19239.000 262793.000 262895.000 19094.000 
19130.000 262894.000 262991.000 19152.000 
19172.000 263745.000 263749.000 19112.000 
19169.000 265411.000 265306.000 19115.000 
19057.000 266401.000 266321.000 19183.000 
19225.000 267672.000 267627.000 19130.000 
19194.000 269840.000 269804.000 19150.000 
19094.000 270081.000 270153.000 19209.000 
19182.000 272440.000 272515.000 19130.000 
19099.000 274892.000 274772.000 19172.000 
19101.000 277096.000 277003.000 19169.000 
19183.000 279207.000 279136.000 19050.000 
19130.000 281506.000 281415.000 19197.000 
19131.000 284003.000 284010.000 19194.000 
19209.000 286518.000 286621.000 19094.000 
19130.000 289132.000 289135.000 19159.000 
19172.000 291612.000 291640.000 19087.000 
19148.000 295432.000 295382.000 19101.000 
19044.000 298597.000 298526.000 19183.000 
19088.000 299758.000 299587.000 19114.000 
19075.000 301138.000 301108.000 19131.000 
19100.000 301138.000 301108.000 19099.000 
19140.000 301138.000 301108.000 19038.000 
19076.000 301138.000 301108.000 19088.000 
19101.000 301138.000 301108.000 19153.000 
19183.000 243000.000 247350.000 19055.000 
19114.000 217532.000 217517.000 19089.000 
19115.000 217517.000 217398.000 19200.000 
19183.000 220847.000 220830.000 19082.000 
19130.000 224246.000 224264.000 19122.000 
19168.000 226933.000 226962.000 19076.000 
19114.000 231569.000 231595.000 19101.000 
19038.000 235747.000 235828.000 19183.000 
19088.000 239332.000 239198.000 19099.000 
19075.000 243700.000 243619.000 19101.000 
19077.000 248250.000 248180.000 19183.000 
19107.000 252561.000 252321.000 19130.000 
19076.000 255671.000 255666.000 19147.000 
19101.000 259669.000 259873.000 19130.000 
19160.000 262799.000 262818.000 19039.000 
19087.000 266993.000 266936.000 19088.000 
19101.000 269932.000 269912.000 19065.000 
19183.000 273720.000 273571.000 19067.000 
19114.000 276992.000 277063.000 19107.000 
19147.000 279503.000 279637.000 19076.000 
19113.000 281992.000 282018.000 19101.000 
19039.000 284388.000 284446.000 19140.000 
19088.000 286769.000 286801.000 19076.000 
19057.000 289190.000 289146.000 19101.000 
19059.000 291560.000 291594.000 19099.000 
19107.000 293984.000 293986.000 19117.000 
19076.000 296280.000 296172.000 19129.000 
19088.000 298590.000 298543.000 19113.000 
19122.000 298732.000 298818.000 19055.000 
19076.000 301169.000 301144.000 19078.000 
19112.000 301195.000 301147.000 19050.000 
19113.000 301195.000 301147.000 19059.000 
19167.000 301195.000 301147.000 19107.000 
19116.000 237583.000 237655.000 19076.000 
19114.000 210320.000 210293.000 19077.000 
19055.000 213700.000 213424.000 19107.000 
19068.000 215089.000 215159.000 19076.000 
19050.000 217489.000 217541.000 19101.000 
19059.000 219925.000 219873.000 19212.000 
19107.000 222207.000 222272.000 19135.000 
19066.000 224560.000 224649.000 19115.000 
19067.000 227381.000 226995.000 19114.000 
19107.000 229762.000 229477.000 19048.000 
19076.000 232274.000 232446.000 19082.000 
19101.000 234278.000 234211.000 19169.000 
19185.000 237411.000 237392.000 19059.000 
19118.000 239011.000 239008.000 19107.000 
19115.000 241421.000 241365.000 19058.000 
19114.000 243748.000 243747.000 19059.000 
19048.000 245876.000 245951.000 19107.000 
19196.000 247516.000 247489.000 19076.000 
19169.000 248634.000 248625.000 19088.000 
19059.000 249951.000 249936.000 19162.000 
19094.000 250996.000 250995.000 19118.000 
19051.000 253054.000 253083.000 19161.000 
19059.000 253368.000 253369.000 19117.000 
19107.000 253449.000 253324.000 19167.000 
19076.000 255813.000 255737.000 19172.000 
19086.000 255715.000 255794.000 19169.000 
19142.000 257456.000 257325.000 19059.000 
19118.000 258134.000 258240.000 19082.000 
19161.000 258136.000 258213.000 19051.000 
19227.000 258243.000 258186.000 19059.000 
19146.000 258213.000 258141.000 19107.000 
19172.000 258186.000 258136.000 19066.000 
19169.000 258141.000 258136.000 19075.000 
19051.000 258123.000 258244.000 19142.000 
19082.000 258136.000 258212.000 19118.000 
19169.000 258244.000 258186.000 19161.000 
19059.000 258214.000 258163.000 19238.000 
19107.000 258186.000 258123.000 19130.000 
19058.000 258163.000 258123.000 19172.000 
19066.000 258143.000 258244.000 19169.000 
19150.000 258123.000 258214.000 19051.000 
19119.000 258244.000 258187.000 19196.000 
19140.000 258214.000 258162.000 19169.000 
19208.000 258187.000 258143.000 19059.000 
19130.000 258162.000 258143.000 19094.000 
19172.000 258143.000 258233.000 19051.000 
19169.000 258143.000 258213.000 19066.000 
19170.000 258233.000 258187.000 19150.000 
19172.000 258204.000 258163.000 19119.000 
19169.000 258187.000 258142.000 19123.000 
19059.000 258163.000 258143.000 19182.000 
19108.000 258143.000 258250.000 19130.000 
19052.000 258142.000 258204.000 19172.000 
19066.000 260578.000 260534.000 19273.000 
19150.000 260644.000 260613.000 19149.000 
19112.000 260549.000 260536.000 19172.000 
19108.000 262667.000 262542.000 19169.000 
19182.000 262985.000 262985.000 19051.000 
19130.000 262863.000 262989.000 19108.000 
19172.000 265414.000 265311.000 19171.000 
19239.000 265382.000 265400.000 19066.000 
19130.000 267708.000 267761.000 19150.000 
19172.000 269206.000 269171.000 19098.000 
19169.000 270113.000 270103.000 19094.000 
19051.000 272404.000 272577.000 19182.000 
19220.000 274519.000 274648.000 19130.000 
19194.000 276322.000 276461.000 19150.000 
19067.000 277887.000 277910.000 19209.000 
19131.000 279984.000 280015.000 19130.000 
19085.000 282876.000 282533.000 19172.000 
19100.000 285693.000 285619.000 19169.000 
19183.000 288690.000 288629.000 19170.000 
19130.000 291456.000 291508.000 19192.000 
19131.000 293946.000 294014.000 19194.000 
19183.000 298054.000 297949.000 19067.000 
19130.000 298894.000 298697.000 19115.000 
19172.000 301204.000 301095.000 19075.000 
19168.000 301175.000 301226.000 19100.000 
19063.000 301175.000 301226.000 19183.000 
19089.000 301175.000 301226.000 19114.000 
19075.000 301175.000 301226.000 19115.000 
19088.000 301175.000 301226.000 19099.000 
19102.000 217728.000 217804.000 19134.000 
19075.000 217443.000 217448.000 19172.000 
19100.000 219840.000 219873.000 19130.000 
19183.000 223235.000 223308.000 19134.000 
19099.000 226707.000 226670.000 19192.000 
19101.000 230921.000 230699.000 19194.000 
19183.000 234116.000 234130.000 19072.000 
19130.000 238732.000 238712.000 19102.000 
19150.000 243140.000 243208.000 19075.000 
19113.000 247302.000 247387.000 19100.000 
19134.000 250908.000 250911.000 19160.000 
19192.000 255377.000 255152.000 19087.000 
19170.000 258100.000 258043.000 19101.000 
19072.000 262493.000 262458.000 19183.000 
19107.000 265158.000 265273.000 19130.000 
19076.000 269593.000 269557.000 19131.000 
19101.000 272442.000 272307.000 19099.000 
19140.000 276537.000 276422.000 19038.000 
19076.000 279354.000 279381.000 19197.000 
19101.000 281910.000 281900.000 19170.000 
19183.000 284361.000 284420.000 19063.000 
19114.000 286747.000 286828.000 19107.000 
19115.000 289246.000 289173.000 19076.000 
19099.000 291638.000 291513.000 19088.000 
19038.000 293984.000 293946.000 19122.000 
19197.000 295691.000 295752.000 19076.000 
19149.000 297800.000 297899.000 19101.000 
19055.000 298785.000 298870.000 19183.000 
19107.000 301177.000 301153.000 19099.000 
19076.000 301247.000 301108.000 19158.000 
19077.000 301247.000 301108.000 19117.000 
19122.000 301247.000 301108.000 19055.000 
19076.000 301247.000 301108.000 19093.000 
19101.000 210574.000 210632.000 19134.000 
19160.000 212482.000 212432.000 19055.000 
19087.000 215126.000 215133.000 19107.000 
19112.000 217433.000 217518.000 19066.000 
19100.000 219827.000 219752.000 19077.000 
19038.000 222162.000 222107.000 19107.000 
19067.000 224441.000 224544.000 19076.000 
19117.000 226970.000 226962.000 19101.000 
19055.000 229395.000 229329.000 19140.000 
19107.000 231739.000 231782.000 19076.000 
19066.000 234194.000 234157.000 19112.000 
19067.000 236557.000 236555.000 19113.000 
19107.000 239003.000 238996.000 19034.000 
19076.000 241399.000 241287.000 19184.000 
19088.000 243615.000 243469.000 19169.000 
19122.000 245252.000 245080.000 19059.000 
19076.000 246201.000 246133.000 19107.000 
19112.000 248613.000 248594.000 19058.000 
19113.000 248528.000 248658.000 19059.000 
19155.000 250985.000 250985.000 19107.000 
19161.000 252167.000 251921.000 19076.000 
19169.000 253337.000 253418.000 19077.000 
19059.000 253339.000 253370.000 19122.000 
19094.000 255655.000 255681.000 19076.000 
19051.000 255794.000 255836.000 19112.000 
19059.000 255820.000 255732.000 19224.000 
19107.000 258174.000 258167.000 19146.000 
19066.000 258178.000 258154.000 19161.000 
19077.000 258178.000 258134.000 19169.000 
19142.000 258156.000 258244.000 19059.000 
19078.000 258134.000 258213.000 19082.000 
19113.000 258244.000 258161.000 19169.000 
19196.000 258213.000 258178.000 19059.000 
19128.000 258161.000 258156.000 19107.000 
19161.000 258178.000 258136.000 19066.000 
19169.000 258156.000 258243.000 19067.000 
19051.000 258136.000 258213.000 19142.000 
19196.000 258243.000 258186.000 19078.000 
19169.000 258212.000 258161.000 19098.000 
19059.000 258186.000 258156.000 19172.000 
19107.000 258186.000 258136.000 19128.000 
19058.000 258141.000 258244.000 19172.000 
19059.000 258136.000 258212.000 19169.000 
19142.000 258244.000 258186.000 19170.000 
19118.000 258214.000 258186.000 19172.000 
19088.000 258186.000 258163.000 19169.000 
19172.000 258186.000 258123.000 19059.000 
19128.000 258163.000 258244.000 19094.000 
19172.000 258123.000 258214.000 19051.000 
19273.000 258244.000 258187.000 19059.000 
19149.000 258214.000 258186.000 19142.000 
19172.000 258187.000 258163.000 19103.000 
19169.000 260500.000 260479.000 19088.000 
19059.000 260612.000 260574.000 19150.000 
19082.000 260536.000 260637.000 19128.000 
19169.000 261761.000 261741.000 19172.000 
19066.000 262965.000 262977.000 19239.000 
19142.000 262982.000 262983.000 19130.000 
19103.000 265237.000 265273.000 19172.000 
19107.000 265408.000 265436.000 19169.000 
19152.000 267704.000 267759.000 19051.000 
19128.000 267807.000 267705.000 19196.000 
19150.000 270189.000 270145.000 19169.000 
19209.000 272357.000 272399.000 19066.000 
19130.000 273710.000 273707.000 19142.000 
19172.000 274949.000 274958.000 19090.000 
19169.000 277314.000 277345.000 19094.000 
19170.000 279625.000 279677.000 19152.000 
19172.000 282142.000 282067.000 19128.000 
19169.000 284493.000 284510.000 19131.000 
19066.000 287169.000 287141.000 19209.000 
19131.000 290899.000 290857.000 19130.000 
19079.000 293792.000 293783.000 19172.000 
19094.000 296282.000 296404.000 19273.000 
19182.000 298731.000 298852.000 19149.000 
19114.000 301118.000 301208.000 19172.000 
19131.000 301252.000 301191.000 19193.000 
19183.000 301252.000 301191.000 19094.000 
19130.000 301252.000 301191.000 19139.000 
19172.000 301252.000 301191.000 19076.000 
19130.000 301252.000 301191.000 19101.000 
19134.000 218505.000 218758.000 19183.000 
19172.000 217427.000 217509.000 19114.000 
19169.000 219845.000 219732.000 19115.000 
19057.000 222276.000 222196.000 19183.000 
19100.000 225694.000 225660.000 19130.000 
19200.000 229381.000 229272.000 19150.000 
19094.000 233834.000 233839.000 19209.000 
19182.000 237758.000 237838.000 19130.000 
19099.000 241326.000 241291.000 19192.000 
19101.000 246107.000 246044.000 19171.000 
19183.000 250659.000 250650.000 19050.000 
19130.000 254122.000 253901.000 19088.000 
19131.000 257875.000 257958.000 19200.000 
19209.000 261215.000 261309.000 19094.000 
19130.000 265083.000 265064.000 19159.000 
19192.000 268147.000 268271.000 19087.000 
19149.000 272077.000 272138.000 19101.000 
19044.000 274817.000 274807.000 19183.000 
19088.000 278687.000 278576.000 19114.000 
19075.000 281587.000 281550.000 19131.000 
19100.000 284123.000 284008.000 19183.000 
19140.000 286601.000 286515.000 19130.000 
19076.000 288967.000 288961.000 19192.000 
19101.000 291413.000 291360.000 19148.000 
19183.000 293861.000 293826.000 19039.000 
19114.000 294048.000 293999.000 19088.000 
19115.000 296480.000 296330.000 19075.000 
19183.000 298812.000 298746.000 19088.000 
19130.000 300943.000 300914.000 19122.000 
19072.000 301175.000 301224.000 19076.000 
19050.000 301175.000 301224.000 19101.000 
19059.000 301175.000 301224.000 19099.000 
19107.000 301175.000 301224.000 19102.000 
19076.000 211735.000 211670.000 19101.000 
19077.000 212008.000 211957.000 19099.000 
19107.000 214976.000 214953.000 19134.000 
19076.000 217229.000 217277.000 19147.000 
19101.000 219484.000 219547.000 19130.000 
19160.000 221574.000 221533.000 19055.000 
19087.000 224174.000 224125.000 19089.000 
19101.000 226805.000 226788.000 19065.000 
19099.000 229358.000 229283.000 19067.000 
19117.000 231725.000 231730.000 19107.000 
19147.000 234087.000 234137.000 19076.000 
19113.000 236350.000 236327.000 19101.000 
19055.000 238913.000 238946.000 19140.000 
19089.000 241062.000 241114.000 19076.000 
19057.000 242836.000 242770.000 19101.000 
19059.000 243817.000 243840.000 19099.000 
19107.000 246147.000 246220.000 19033.000 
19076.000 248552.000 248491.000 19132.000 
19088.000 248658.000 248603.000 19114.000 
19122.000 250942.000 250941.000 19055.000 
19076.000 250971.000 250999.000 19093.000 
19101.000 253349.000 253426.000 19051.000 
19099.000 253367.000 253388.000 19059.000 
19154.000 255395.000 255309.000 19107.000 
19115.000 255833.000 255763.000 19076.000 
19114.000 255731.000 255761.000 19077.000 
19055.000 258117.000 258079.000 19107.000 
19082.000 258098.000 258233.000 19076.000 
19051.000 258098.000 258204.000 19101.000 
19059.000 258233.000 258176.000 19212.000 
19107.000 258204.000 258155.000 19135.000 
19066.000 258178.000 258136.000 19161.000 
19067.000 258154.000 258098.000 19117.000 
19107.000 258136.000 258211.000 19048.000 
19076.000 258136.000 258203.000 19082.000 
19112.000 258211.000 258178.000 19169.000 
19186.000 258203.000 258156.000 19059.000 
19118.000 258178.000 258134.000 19107.000 
19161.000 258156.000 258136.000 19058.000 
19117.000 258134.000 258244.000 19059.000 
19048.000 258136.000 258184.000 19107.000 
19196.000 258244.000 258178.000 19076.000 
19169.000 258184.000 258156.000 19098.000 
19059.000 258161.000 258136.000 19162.000 
19094.000 258156.000 258134.000 19118.000 
19051.000 258136.000 258244.000 19161.000 
19059.000 258136.000 258213.000 19169.000 
19107.000 258243.000 258161.000 19170.000 
19076.000 258213.000 258141.000 19172.000 
19086.000 258186.000 258136.000 19169.000 
19150.000 258141.000 258136.000 19059.000 
19119.000 258136.000 258244.000 19082.000 
19161.000 260310.000 260417.000 19051.000 
19272.000 260585.000 260556.000 19059.000 
19149.000 260636.000 260613.000 19107.000 
19172.000 260557.000 260514.000 19066.000 
19169.000 262966.000 262953.000 19075.000 
19051.000 262960.000 262976.000 19150.000 
19082.000 265011.000 265050.000 19119.000 
19169.000 265421.000 265321.000 19161.000 
19059.000 267539.000 267469.000 19238.000 
19142.000 267713.000 267779.000 19130.000 
19060.000 270088.000 270029.000 19172.000 
19066.000 271887.000 271815.000 19169.000 
19150.000 272509.000 272600.000 19051.000 
19128.000 274903.000 274930.000 19196.000 
19141.000 277274.000 277325.000 19169.000 
19208.000 279570.000 279649.000 19059.000 
19130.000 281984.000 281952.000 19124.000 
19172.000 284380.000 284435.000 19052.000 
19169.000 286839.000 286788.000 19066.000 
19170.000 289325.000 289177.000 19150.000 
19172.000 293175.000 293175.000 19128.000 
19169.000 296151.000 296184.000 19123.000 
19059.000 298735.000 298749.000 19182.000 
19108.000 300871.000 300925.000 19130.000 
19069.000 301163.000 301179.000 19172.000 
19100.000 301163.000 301179.000 19273.000 
19183.000 301163.000 301179.000 19149.000 
19114.000 301163.000 301179.000 19192.000 
19115.000 301163.000 301179.000 19194.000 
19183.000 221548.000 222164.000 19059.000 
19130.000 217424.000 217610.000 19109.000 
19172.000 219365.000 219494.000 19194.000 
19239.000 222071.000 222109.000 19067.000 
19130.000 224629.000 224696.000 19150.000 
19172.000 229077.000 228938.000 19098.000 
19169.000 232837.000 232660.000 19100.000 
19051.000 236495.000 236472.000 19183.000 
19220.000 240976.000 241024.000 19130.000 
19194.000 245608.000 245699.000 19150.000 
19094.000 249591.000 249676.000 19209.000 
19133.000 253255.000 253147.000 19130.000 
19085.000 257309.000 257154.000 19172.000 
19100.000 260342.000 260383.000 19148.000 
19183.000 264334.000 264255.000 19175.000 
19130.000 267577.000 267531.000 19192.000 
19131.000 271213.000 271276.000 19194.000 
19183.000 274673.000 274635.000 19094.000 
19130.000 277310.000 277260.000 19116.000 
19172.000 280448.000 280254.000 19075.000 
19148.000 283016.000 282986.000 19100.000 
19153.000 285744.000 285775.000 19183.000 
19192.000 288218.000 288329.000 19114.000 
19194.000 290809.000 290826.000 19115.000 
19082.000 293280.000 293227.000 19183.000 
19122.000 294000.000 294053.000 19130.000 
19076.000 296367.000 296326.000 19172.000 
19101.000 298762.000 298749.000 19130.000 
19183.000 300366.000 300372.000 19038.000 
19099.000 301242.000 301191.000 19088.000 
19101.000 301242.000 301191.000 19075.000 
19099.000 301242.000 301191.000 19077.000 
19038.000 301242.000 301191.000 19122.000 
19172.000 215773.000 215837.000 19076.000 
19114.000 210254.000 210308.000 19101.000 
19038.000 214772.000 214771.000 19160.000 
19197.000 216759.000 216593.000 19087.000 
19170.000 218571.000 218394.000 19101.000 
19072.000 219799.000 219885.000 19183.000 
19107.000 222588.000 222570.000 19130.000 
19076.000 226070.000 226091.000 19147.000 
19101.000 229104.000 228976.000 19100.000 
19140.000 231491.000 231311.000 19038.000 
19076.000 233910.000 233850.000 19088.000 
19101.000 235522.000 235479.000 19175.000 
19183.000 238711.000 238677.000 19063.000 
19114.000 240311.000 240333.000 19107.000 
19129.000 241444.000 241372.000 19076.000 
19100.000 243863.000 243751.000 19088.000 
19038.000 246163.000 246127.000 19122.000 
19088.000 248365.000 248337.000 19076.000 
19153.000 248629.000 248608.000 19101.000 
19055.000 250776.000 250750.000 19183.000 
19107.000 250999.000 250999.000 19099.000 
19076.000 253327.000 253263.000 19112.000 
19077.000 253303.000 253419.000 19113.000 
19122.000 254106.000 254149.000 19039.000 
19076.000 255750.000 255804.000 19077.000 
19101.000 255786.000 255836.000 19050.000 
19160.000 258082.000 258036.000 19059.000 
19087.000 258202.000 258128.000 19107.000 
19112.000 258177.000 258141.000 19066.000 
19113.000 258128.000 258123.000 19077.000 
19039.000 258141.000 258233.000 19107.000 
19067.000 258123.000 258201.000 19076.000 
19169.000 258233.000 258177.000 19101.000 
19059.000 258201.000 258177.000 19140.000 
19107.000 258176.000 258112.000 19076.000 
19066.000 258177.000 258123.000 19112.000 
19067.000 258155.000 258233.000 19113.000 
19107.000 258098.000 258204.000 19048.000 
19076.000 258233.000 258176.000 19184.000 
19088.000 258204.000 258176.000 19169.000 
19162.000 258178.000 258155.000 19059.000 
19078.000 258176.000 258136.000 19107.000 
19113.000 258155.000 258211.000 19058.000 
19113.000 258136.000 258203.000 19059.000 
19167.000 258211.000 258178.000 19107.000 
19161.000 258203.000 258178.000 19076.000 
19169.000 258178.000 258154.000 19077.000 
19059.000 258178.000 258136.000 19162.000 
19094.000 258154.000 258244.000 19078.000 
19051.000 258134.000 258184.000 19113.000 
19059.000 258244.000 258178.000 19224.000 
19107.000 258213.000 258178.000 19146.000 
19066.000 259799.000 259802.000 19172.000 
19077.000 260542.000 260522.000 19169.000 
19142.000 260602.000 260584.000 19059.000 
19118.000 260527.000 260637.000 19082.000 
19115.000 262911.000 262917.000 19169.000 
19196.000 262978.000 262948.000 19059.000 
19128.000 264252.000 264152.000 19107.000 
19172.000 265280.000 265336.000 19066.000 
19169.000 266660.000 266708.000 19067.000 
19051.000 267756.000 267810.000 19142.000 
19196.000 270024.000 269972.000 19118.000 
19169.000 270180.000 270158.000 19101.000 
19059.000 272516.000 272526.000 19172.000 
19107.000 274881.000 274857.000 19128.000 
19058.000 277186.000 277184.000 19172.000 
19066.000 279318.000 279398.000 19169.000 
19142.000 281714.000 281672.000 19170.000 
19118.000 284212.000 284089.000 19172.000 
19123.000 286660.000 286637.000 19169.000 
19174.000 289086.000 289154.000 19059.000 
19128.000 291590.000 291567.000 19094.000 
19172.000 295626.000 295688.000 19051.000 
19273.000 298659.000 298582.000 19066.000 
19149.000 300140.000 299943.000 19142.000 
19172.000 301224.000 301147.000 19103.000 
19169.000 301224.000 301147.000 19131.000 
19066.000 301224.000 301147.000 19183.000 
19115.000 301224.000 301147.000 19130.000 
19194.000 301224.000 301147.000 19172.000 
19094.000 236049.000 239270.000 19239.000 
19152.000 217574.000 217596.000 19130.000 
19104.000 218119.000 218105.000 19172.000 
19107.000 221351.000 221345.000 19169.000 
19182.000 224453.000 224525.000 19051.000 
19130.000 227590.000 227656.000 19196.000 
19150.000 231734.000 231709.000 19169.000 
19209.000 236082.000 236039.000 19066.000 
19130.000 239798.000 239782.000 19150.000 
19172.000 244130.000 243952.000 19091.000 
19169.000 248421.000 248399.000 19094.000 
19170.000 252665.000 252711.000 19182.000 
19172.000 255647.000 255638.000 19130.000 
19169.000 260081.000 260049.000 19131.000 
19066.000 262903.000 262898.000 19209.000 
19131.000 267199.000 267115.000 19130.000 
19085.000 270017.000 269993.000 19172.000 
19094.000 273993.000 274020.000 19273.000 
19182.000 277100.000 277140.000 19149.000 
19114.000 279558.000 279684.000 19192.000 
19131.000 282124.000 282089.000 19171.000 
19183.000 284557.000 284385.000 19066.000 
19130.000 286935.000 286805.000 19115.000 
19172.000 289216.000 289166.000 19200.000 
19239.000 291633.000 291551.000 19094.000 
19130.000 293994.000 294072.000 19182.000 
19192.000 296235.000 296334.000 19114.000 
19171.000 298607.000 298591.000 19115.000 
19058.000 298896.000 298738.000 19183.000 
19100.000 301213.000 301091.000 19130.000 
19075.000 301163.000 301179.000 19168.000 
19100.000 301163.000 301179.000 19130.000 
19183.000 301163.000 301179.000 19039.000 
19099.000 231249.000 231230.000 19197.000 
19101.000 210353.000 210344.000 19194.000 
19183.000 214019.000 213982.000 19052.000 
19130.000 215100.000 215086.000 19088.000 
19131.000 217454.000 217523.000 19075.000 
19209.000 219870.000 219900.000 19100.000 
19130.000 222294.000 222205.000 19160.000 
19192.000 224688.000 224688.000 19087.000 
19170.000 227779.000 227834.000 19101.000 
19045.000 230206.000 230036.000 19183.000 
19088.000 233010.000 232917.000 19114.000 
19075.000 234209.000 234270.000 19131.000 
19100.000 237806.000 237780.000 19099.000 
19140.000 239033.000 238998.000 19134.000 
19076.000 241362.000 241354.000 19192.000 
19101.000 243747.000 243780.000 19148.000 
19183.000 245936.000 246059.000 19055.000 
19114.000 247736.000 247828.000 19089.000 
19115.000 248612.000 248574.000 19075.000 
19099.000 250194.000 250184.000 19088.000 
19134.000 250994.000 250997.000 19122.000 
19168.000 253174.000 253028.000 19076.000 
19130.000 253365.000 253438.000 19101.000 
19055.000 253310.000 253384.000 19183.000 
19089.000 255733.000 255699.000 19099.000 
19075.000 255824.000 255752.000 19101.000 
19077.000 257621.000 257576.000 19099.000 
19107.000 258139.000 258120.000 19038.000 
19076.000 258120.000 258168.000 19151.000 
19101.000 258122.000 258146.000 19130.000 
19160.000 258232.000 258161.000 19055.000 
19087.000 258147.000 258141.000 19107.000 
19101.000 258161.000 258123.000 19066.000 
19099.000 258141.000 258120.000 19067.000 
19033.000 258123.000 258232.000 19107.000 
19151.000 258120.000 258203.000 19076.000 
19114.000 258232.000 258128.000 19101.000 
19055.000 258203.000 258141.000 19140.000 
19107.000 258128.000 258123.000 19076.000 
19058.000 258112.000 258123.000 19101.000 
19059.000 258123.000 258230.000 19099.000 
19107.000 258123.000 258203.000 19033.000 
19076.000 258233.000 258177.000 19184.000 
19088.000 258201.000 258112.000 19117.000 
19122.000 258177.000 258098.000 19055.000 
19076.000 258155.000 258123.000 19093.000 
19112.000 258098.000 258233.000 19051.000 
19100.000 258123.000 258204.000 19059.000 
19154.000 258233.000 258176.000 19107.000 
19161.000 258204.000 258155.000 19076.000 
19117.000 258176.000 258136.000 19077.000 
19055.000 258155.000 258098.000 19107.000 
19082.000 258136.000 258233.000 19076.000 
19051.000 260472.000 260612.000 19112.000 
19059.000 260547.000 260545.000 19212.000 
19107.000 260623.000 260600.000 19135.000 
19066.000 262720.000 262725.000 19161.000 
19067.000 262968.000 262971.000 19169.000 
19107.000 262971.000 262932.000 19051.000 
19076.000 265321.000 265308.000 19082.000 
19112.000 265421.000 265302.000 19169.000 
19196.000 267750.000 267710.000 19059.000 
19119.000 269413.000 269377.000 19107.000 
19161.000 270108.000 270090.000 19058.000 
19169.000 272447.000 272507.000 19059.000 
19051.000 274671.000 274687.000 19107.000 
19196.000 276654.000 276488.000 19076.000 
19169.000 278367.000 278242.000 19098.000 
19059.000 280362.000 280443.000 19172.000 
19094.000 283185.000 282950.000 19119.000 
19051.000 285975.000 285911.000 19161.000 
19059.000 288746.000 288806.000 19169.000 
19142.000 291471.000 291427.000 19170.000 
19078.000 293954.000 293957.000 19172.000 
19086.000 298101.000 298152.000 19169.000 
19150.000 298768.000 298809.000 19059.000 
19128.000 301129.000 301244.000 19082.000 
19172.000 301159.000 301125.000 19051.000 
19273.000 301159.000 301125.000 19066.000 
19149.000 301159.000 301125.000 19150.000 
19172.000 301159.000 301125.000 19112.000 
19169.000 301159.000 301125.000 19108.000 
19051.000 217683.000 217711.000 19152.000 
19082.000 217466.000 217601.000 19128.000 
19169.000 219937.000 219921.000 19161.000 
19059.000 223740.000 223630.000 19238.000 
19142.000 226878.000 226800.000 19130.000 
19090.000 231140.000 231036.000 19172.000 
19067.000 234566.000 234267.000 19169.000 
19150.000 238748.000 238848.000 19051.000 
19128.000 243337.000 243373.000 19196.000 
19150.000 247676.000 247644.000 19169.000 
19209.000 250931.000 250931.000 19059.000 
19130.000 255447.000 255424.000 19124.000 
19172.000 258675.000 258450.000 19079.000 
19169.000 262650.000 262667.000 19067.000 
19170.000 265636.000 265514.000 19150.000 
19172.000 269820.000 269754.000 19128.000 
19169.000 272451.000 272448.000 19131.000 
19059.000 276790.000 276734.000 19183.000 
19108.000 279559.000 279559.000 19130.000 
19079.000 281987.000 282072.000 19172.000 
19094.000 284336.000 284442.000 19273.000 
19152.000 286867.000 286831.000 19149.000 
19112.000 289222.000 289211.000 19172.000 
19115.000 291655.000 291549.000 19169.000 
19183.000 293962.000 293962.000 19057.000 
19130.000 295920.000 295938.000 19109.000 
19172.000 297968.000 298159.000 19194.000 
19239.000 298740.000 298880.000 19094.000 
19130.000 301147.000 301211.000 19152.000 
19192.000 301223.000 301169.000 19098.000 
19194.000 301223.000 301169.000 19100.000 
19072.000 301223.000 301169.000 19183.000 
19247.000 289820.000 289773.000 19130.000 
19196.000 210542.000 210692.000 19150.000 
19094.000 212508.000 212667.000 19209.000 
19159.000 215056.000 215103.000 19130.000 
19087.000 217491.000 217418.000 19172.000 
19101.000 219793.000 219800.000 19148.000 
19183.000 222164.000 222094.000 19050.000 
19130.000 224603.000 224568.000 19197.000 
19131.000 227031.000 226992.000 19194.000 
19183.000 229498.000 229420.000 19094.000 
19130.000 231857.000 231808.000 19139.000 
19172.000 234263.000 234225.000 19076.000 
19148.000 236591.000 236546.000 19101.000 
19044.000 239041.000 239029.000 19183.000 
19197.000 241360.000 241374.000 19114.000 
19194.000 243664.000 243531.000 19115.000 
19082.000 245514.000 245385.000 19183.000 
19122.000 246211.000 246197.000 19130.000 
19076.000 248512.000 248548.000 19192.000 
19101.000 248639.000 248611.000 19131.000 
19183.000 250988.000 250984.000 19038.000 
19099.000 252499.000 252383.000 19088.000 
19101.000 253377.000 253332.000 19200.000 
19183.000 253336.000 253355.000 19072.000 
19130.000 255637.000 255686.000 19122.000 
19168.000 255682.000 255799.000 19076.000 
19114.000 256020.000 256074.000 19101.000 
19038.000 258203.000 258149.000 19160.000 
19088.000 258184.000 258160.000 19087.000 
19175.000 258157.000 258140.000 19101.000 
19072.000 258157.000 258049.000 19183.000 
19107.000 258140.000 258210.000 19130.000 
19076.000 258122.000 258184.000 19147.000 
19101.000 258168.000 258161.000 19113.000 
19140.000 258184.000 258157.000 19039.000 
19076.000 258161.000 258137.000 19088.000 
19101.000 258161.000 258122.000 19065.000 
19183.000 258137.000 258232.000 19067.000 
19114.000 258122.000 258147.000 19107.000 
19129.000 258232.000 258161.000 19076.000 
19113.000 258147.000 258161.000 19088.000 
19039.000 258161.000 258141.000 19122.000 
19088.000 258161.000 258120.000 19076.000 
19057.000 258141.000 258232.000 19101.000 
19059.000 258120.000 258203.000 19183.000 
19107.000 258230.000 258128.000 19099.000 
19076.000 258203.000 258161.000 19112.000 
19077.000 258177.000 258141.000 19113.000 
19122.000 258128.000 258123.000 19055.000 
19076.000 258141.000 258230.000 19078.000 
19101.000 258123.000 258201.000 19050.000 
19212.000 258233.000 258177.000 19059.000 
19090.000 258201.000 258177.000 19107.000 
19113.000 260506.000 260508.000 19066.000 
19113.000 260544.000 260508.000 19077.000 
19055.000 260552.000 260569.000 19107.000 
19068.000 262007.000 262007.000 19076.000 
19169.000 262951.000 262958.000 19101.000 
19059.000 262960.000 262963.000 19185.000 
19107.000 265240.000 265324.000 19078.000 
19066.000 265298.000 265282.000 19113.000 
19067.000 267665.000 267698.000 19113.000 
19107.000 267758.000 267785.000 19048.000 
19076.000 270133.000 270116.000 19196.000 
19088.000 272431.000 272337.000 19169.000 
19162.000 274063.000 273943.000 19059.000 
19118.000 274894.000 274915.000 19107.000 
19115.000 277306.000 277357.000 19058.000 
19114.000 279668.000 279645.000 19059.000 
19167.000 282115.000 282003.000 19107.000 
19172.000 284389.000 284352.000 19076.000 
19169.000 287803.000 287552.000 19077.000 
19059.000 291027.000 290982.000 19162.000 
19094.000 293850.000 293834.000 19118.000 
19051.000 296332.000 296355.000 19115.000 
19059.000 298811.000 298729.000 19224.000 
19107.000 301158.000 301138.000 19146.000 
19101.000 301202.000 301117.000 19172.000 
19123.000 301202.000 301117.000 19169.000 
19152.000 301202.000 301117.000 19059.000 
19128.000 301202.000 301117.000 19082.000 
19172.000 301202.000 301117.000 19169.000 
19199.000 218356.000 218401.000 19066.000 
19128.000 217467.000 217535.000 19107.000 
19172.000 219850.000 219875.000 19066.000 
19169.000 222314.000 222362.000 19075.000 
19051.000 226013.000 226034.000 19142.000 
19196.000 229443.000 229367.000 19118.000 
19169.000 233941.000 233866.000 19140.000 
19059.000 238137.000 238053.000 19174.000 
19107.000 241841.000 241880.000 19128.000 
19058.000 246057.000 246142.000 19172.000 
19066.000 250737.000 250736.000 19169.000 
19150.000 254560.000 254476.000 19170.000 
19119.000 258047.000 257993.000 19172.000 
19123.000 261907.000 261738.000 19169.000 
19208.000 265130.000 265160.000 19059.000 
19130.000 268738.000 268814.000 19094.000 
19172.000 272265.000 272343.000 19051.000 
19273.000 275294.000 275153.000 19066.000 
19149.000 279034.000 278837.000 19150.000 
19172.000 281779.000 281714.000 19104.000 
19169.000 284185.000 284177.000 19123.000 
19059.000 286680.000 286699.000 19182.000 
19082.000 289071.000 289117.000 19130.000 
19169.000 291552.000 291409.000 19172.000 
19066.000 293965.000 293841.000 19239.000 
19150.000 294865.000 294600.000 19130.000 
19112.000 296339.000 296373.000 19172.000 
19108.000 298770.000 298689.000 19169.000 
19182.000 300992.000 301056.000 19051.000 
19130.000 301284.000 301125.000 19095.000 
19150.000 301284.000 301125.000 19199.000 
19209.000 301284.000 301125.000 19094.000 
19130.000 301284.000 301125.000 19182.000 
19172.000 211510.000 211394.000 19099.000 
19169.000 212305.000 212218.000 19094.000 
19170.000 215063.000 215117.000 19182.000 
19192.000 217369.000 217387.000 19130.000 
19171.000 219631.000 219693.000 19131.000 
19066.000 221767.000 221793.000 19209.000 
19131.000 224327.000 224262.000 19130.000 
19085.000 226925.000 226899.000 19172.000 
19100.000 229354.000 229339.000 19273.000 
19183.000 231771.000 231747.000 19149.000 
19114.000 234151.000 234289.000 19192.000 
19131.000 236348.000 236520.000 19194.000 
19183.000 239023.000 239002.000 19067.000 
19130.000 241245.000 241256.000 19115.000 
19172.000 243051.000 243134.000 19075.000 
19239.000 243809.000 243836.000 19100.000 
19130.000 246166.000 246203.000 19183.000 
19192.000 248517.000 248629.000 19114.000 
19194.000 248542.000 248588.000 19115.000 
19059.000 250882.000 250955.000 19183.000 
19100.000 250999.000 250995.000 19130.000 
19075.000 253397.000 253344.000 19150.000 
19100.000 253359.000 253439.000 19113.000 
19183.000 255443.000 255401.000 19134.000 
19099.000 255797.000 255635.000 19192.000 
19101.000 255823.000 255738.000 19194.000 
19183.000 258034.000 258068.000 19072.000 
19130.000 258111.000 258098.000 19089.000 
19131.000 258098.000 258205.000 19075.000 
19113.000 258098.000 258182.000 19100.000 
19134.000 258205.000 258160.000 19160.000 
19192.000 258182.000 258056.000 19087.000 
19170.000 258160.000 258098.000 19101.000 
19063.000 258056.000 258098.000 19183.000 
19089.000 258048.000 258210.000 19114.000 
19075.000 258098.000 258179.000 19131.000 
19100.000 258210.000 258160.000 19099.000 
19140.000 258184.000 258140.000 19038.000 
19076.000 258157.000 258049.000 19197.000 
19101.000 258140.000 258048.000 19149.000 
19183.000 258122.000 258210.000 19055.000 
19114.000 258049.000 258184.000 19107.000 
19115.000 258210.000 258161.000 19076.000 
19099.000 258184.000 258137.000 19088.000 
19038.000 258161.000 258122.000 19122.000 
19172.000 258137.000 258122.000 19076.000 
19130.000 258122.000 258168.000 19101.000 
19055.000 258122.000 258184.000 19183.000 
19107.000 258168.000 258161.000 19099.000 
19076.000 258146.000 258141.000 19101.000 
19077.000 258161.000 258120.000 19099.000 
19107.000 258141.000 258122.000 19038.000 
19076.000 260362.000 260399.000 19067.000 
19101.000 260504.000 260557.000 19134.000 
19160.000 260568.000 260488.000 19055.000 
19087.000 260622.000 260581.000 19107.000 
19112.000 262886.000 262935.000 19066.000 
19100.000 262940.000 262948.000 19067.000 
19034.000 265094.000 265143.000 19107.000 
19067.000 265307.000 265342.000 19076.000 
19117.000 267536.000 267469.000 19101.000 
19055.000 267781.000 267650.000 19140.000 
19107.000 270085.000 270009.000 19076.000 
19058.000 271970.000 271862.000 19112.000 
19059.000 272393.000 272490.000 19100.000 
19107.000 274835.000 274863.000 19034.000 
19076.000 277255.000 277182.000 19184.000 
19088.000 279608.000 279570.000 19169.000 
19122.000 281932.000 281928.000 19059.000 
19076.000 284378.000 284312.000 19094.000 
19112.000 286770.000 286807.000 19051.000 
19113.000 289385.000 289602.000 19059.000 
19155.000 293386.000 293372.000 19107.000 
19161.000 296263.000 296273.000 19076.000 
19169.000 298721.000 298762.000 19077.000 
19059.000 300939.000 300887.000 19107.000 
19082.000 301147.000 301219.000 19116.000 
19051.000 301147.000 301219.000 19160.000 
19059.000 301147.000 301219.000 19272.000 
19142.000 301147.000 301219.000 19149.000 
19068.000 301147.000 301219.000 19172.000 
19075.000 220559.000 221024.000 19169.000 
19142.000 217405.000 217476.000 19051.000 
19078.000 219552.000 219568.000 19082.000 
19113.000 222150.000 222069.000 19169.000 
19196.000 224707.000 224663.000 19059.000 
19128.000 229076.000 229085.000 19107.000 
19161.000 233177.000 232919.000 19058.000 
19169.000 236572.000 236483.000 19059.000 
19051.000 241054.000 241070.000 19142.000 
19196.000 245804.000 245762.000 19078.000 
19169.000 249989.000 250016.000 19098.000 
19059.000 253211.000 253237.000 19172.000 
19094.000 257499.000 257391.000 19128.000 
19051.000 260412.000 260475.000 19161.000 
19059.000 264593.000 264651.000 19169.000 
19142.000 267677.000 267600.000 19170.000 
19118.000 271651.000 271618.000 19172.000 
19088.000 274776.000 274738.000 19169.000 
19150.000 277341.000 277234.000 19059.000 
19128.000 280877.000 280755.000 19082.000 
19172.000 283287.000 283430.000 19051.000 
19273.000 286017.000 286042.000 19059.000 
19149.000 288497.000 288593.000 19142.000 
19172.000 290954.000 291042.000 19103.000 
19169.000 293440.000 293354.000 19077.000 
19051.000 293998.000 293998.000 19150.000 
19082.000 296347.000 296378.000 19128.000 
19169.000 298786.000 298710.000 19172.000 
19059.000 300596.000 300546.000 19239.000 
19142.000 301201.000 301115.000 19130.000 
19097.000 301201.000 301115.000 19172.000 
19100.000 301201.000 301115.000 19169.000 
19183.000 301201.000 301115.000 19057.000 
19130.000 214620.000 214524.000 19197.000 
19150.000 210967.000 210858.000 19169.000 
19209.000 214947.000 214922.000 19066.000 
19130.000 217068.000 216902.000 19124.000 
19172.000 219033.000 218867.000 19079.000 
19169.000 220430.000 220215.000 19094.000 
19170.000 223173.000 223076.000 19152.000 
19172.000 226438.000 226425.000 19128.000 
19169.000 229200.000 229189.000 19131.000 
19066.000 231626.000 231516.000 19183.000 
19109.000 234064.000 233957.000 19130.000 
19079.000 235920.000 235911.000 19172.000 
19094.000 238822.000 238850.000 19273.000 
19182.000 240582.000 240684.000 19149.000 
19114.000 241456.000 241454.000 19172.000 
19115.000 243877.000 243775.000 19169.000 
19183.000 246223.000 246186.000 19057.000 
19130.000 248439.000 248473.000 19115.000 
19172.000 248588.000 248476.000 19194.000 
19239.000 250838.000 250836.000 19094.000 
19130.000 250903.000 250999.000 19182.000 
19172.000 253378.000 253277.000 19099.000 
19169.000 253373.000 253320.000 19101.000 
19050.000 254612.000 254480.000 19183.000 
19225.000 255688.000 255765.000 19130.000 
19194.000 255731.000 255689.000 19150.000 
19094.000 257982.000 258037.000 19209.000 
19159.000 258208.000 258127.000 19130.000 
19087.000 258073.000 258128.000 19192.000 
19101.000 258128.000 258104.000 19149.000 
19183.000 258128.000 258091.000 19050.000 
19130.000 258112.000 258209.000 19088.000 
19131.000 258091.000 258182.000 19200.000 
19183.000 258209.000 258064.000 19094.000 
19130.000 258182.000 258128.000 19139.000 
19192.000 258064.000 258112.000 19076.000 
19149.000 258128.000 258098.000 19101.000 
19044.000 258112.000 258205.000 19183.000 
19088.000 258098.000 258182.000 19114.000 
19200.000 258205.000 258160.000 19115.000 
19082.000 258179.000 258064.000 19183.000 
19122.000 258160.000 258112.000 19130.000 
19076.000 258160.000 258098.000 19192.000 
19101.000 258056.000 258210.000 19148.000 
19183.000 258098.000 258179.000 19039.000 
19099.000 258210.000 258157.000 19088.000 
19101.000 258184.000 258160.000 19075.000 
19183.000 258157.000 258140.000 19077.000 
19130.000 258160.000 258049.000 19122.000 
19168.000 258140.000 258210.000 19076.000 
19130.000 258049.000 258184.000 19101.000 
19039.000 258210.000 258161.000 19160.000 
19088.000 260032.000 259900.000 19087.000 
19065.000 260519.000 260577.000 19101.000 
19077.000 260516.000 260506.000 19183.000 
19107.000 260576.000 260495.000 19130.000 
19076.000 262897.000 262873.000 19147.000 
19101.000 262952.000 262932.000 19113.000 
19140.000 264437.000 264307.000 19055.000 
19076.000 265256.000 265343.000 19089.000 
19101.000 266811.000 266880.000 19065.000 
19099.000 267676.000 267748.000 19067.000 
19117.000 269897.000 269997.000 19107.000 
19129.000 270630.000 270496.000 19076.000 
19113.000 272545.000 272398.000 19088.000 
19055.000 274725.000 274776.000 19122.000 
19089.000 277110.000 277049.000 19076.000 
19057.000 279393.000 279348.000 19101.000 
19059.000 281709.000 281706.000 19099.000 
19107.000 284224.000 284111.000 19102.000 
19076.000 286694.000 286561.000 19113.000 
19077.000 289133.000 289123.000 19113.000 
19122.000 291548.000 291546.000 19055.000 
19076.000 295880.000 295919.000 19093.000 
19101.000 298692.000 298708.000 19051.000 
19212.000 300427.000 300378.000 19059.000 
19135.000 301187.000 301206.000 19107.000 
19171.000 301187.000 301206.000 19066.000 
19169.000 301187.000 301206.000 19077.000 
19059.000 301187.000 301206.000 19142.000 
19082.000 301187.000 301206.000 19118.000 
19169.000 230441.000 230417.000 19115.000 
19059.000 217469.000 217422.000 19186.000 
19107.000 218664.000 218484.000 19118.000 
19066.000 221414.000 221462.000 19115.000 
19067.000 224435.000 224511.000 19114.000 
19107.000 227899.000 228119.000 19048.000 
19076.000 231693.000 231740.000 19196.000 
19098.000 236211.000 236103.000 19169.000 
19162.000 240243.000 240145.000 19059.000 
19118.000 244532.000 244468.000 19107.000 
19161.000 248435.000 248411.000 19058.000 
19117.000 252887.000 252904.000 19059.000 
19167.000 255752.000 255650.000 19107.000 
19172.000 260266.000 260116.000 19076.000 
19169.000 262889.000 262901.000 19086.000 
19059.000 267255.000 267322.000 19162.000 
19094.000 270034.000 270130.000 19118.000 
19051.000 274270.000 274279.000 19161.000 
19059.000 277252.000 277171.000 19227.000 
19107.000 279721.000 279539.000 19146.000 
19066.000 282088.000 282003.000 19172.000 
19086.000 284450.000 284379.000 19169.000 
19150.000 286769.000 286832.000 19059.000 
19119.000 289156.000 289219.000 19082.000 
19161.000 291857.000 291939.000 19169.000 
19238.000 294002.000 293992.000 19059.000 
19130.000 296257.000 296331.000 19107.000 
19172.000 298591.000 298650.000 19066.000 
19169.000 298770.000 298834.000 19075.000 
19051.000 301135.000 301219.000 19150.000 
19196.000 301135.000 301219.000 19128.000 
19169.000 301135.000 301219.000 19150.000 
19066.000 301135.000 301219.000 19209.000 
19150.000 226304.000 226352.000 19130.000 
19060.000 210429.000 210468.000 19172.000 
19066.000 214252.000 214343.000 19169.000 
19150.000 215480.000 215432.000 19170.000 
19128.000 217618.000 217519.000 19172.000 
19123.000 219967.000 219939.000 19169.000 
19208.000 222292.000 222298.000 19059.000 
19130.000 224688.000 224756.000 19124.000 
19172.000 228241.000 228346.000 19052.000 
19273.000 230698.000 230695.000 19066.000 
19149.000 233389.000 233210.000 19150.000 
19172.000 234269.000 234367.000 19112.000 
19169.000 238153.000 238042.000 19123.000 
19059.000 239088.000 239127.000 19182.000 
19108.000 241369.000 241514.000 19130.000 
19171.000 243668.000 243833.000 19172.000 
19066.000 246080.000 246024.000 19239.000 
19150.000 248014.000 247982.000 19130.000 
19112.000 248570.000 248671.000 19172.000 
19115.000 250369.000 250246.000 19169.000 
19183.000 250997.000 250887.000 19051.000 
19130.000 253138.000 253154.000 19220.000 
19150.000 253284.000 253344.000 19194.000 
19209.000 253345.000 253427.000 19067.000 
19130.000 255723.000 255775.000 19150.000 
19172.000 255772.000 255699.000 19098.000 
19169.000 257720.000 257689.000 19100.000 
19170.000 258123.000 258094.000 19183.000 
19192.000 258109.000 258191.000 19130.000 
19194.000 258096.000 258167.000 19131.000 
19067.000 258095.000 258146.000 19209.000 
19131.000 258167.000 258119.000 19130.000 
19085.000 258146.000 258109.000 19172.000 
19100.000 258128.000 258096.000 19148.000 
19183.000 258104.000 258096.000 19153.000 
19114.000 258096.000 258083.000 19192.000 
19131.000 258096.000 258146.000 19194.000 
19183.000 258084.000 258128.000 19094.000 
19130.000 258146.000 258112.000 19116.000 
19172.000 258128.000 258091.000 19075.000 
19130.000 258112.000 258096.000 19100.000 
19134.000 258091.000 258209.000 19183.000 
19192.000 258096.000 258073.000 19114.000 
19194.000 258209.000 258128.000 19115.000 
19082.000 258073.000 258112.000 19183.000 
19102.000 258063.000 258098.000 19130.000 
19075.000 258112.000 258091.000 19150.000 
19100.000 258098.000 258209.000 19113.000 
19183.000 258098.000 258182.000 19038.000 
19099.000 258205.000 258064.000 19197.000 
19101.000 258182.000 258055.000 19194.000 
19183.000 258160.000 258098.000 19072.000 
19130.000 258431.000 258098.000 19107.000 
19131.000 260464.000 260529.000 19076.000 
19113.000 260472.000 260590.000 19101.000 
19038.000 260538.000 260519.000 19160.000 
19197.000 262728.000 262747.000 19087.000 
19170.000 262929.000 262849.000 19101.000 
19063.000 262938.000 262899.000 19183.000 
19107.000 265184.000 265326.000 19114.000 
19076.000 265195.000 265296.000 19131.000 
19101.000 267672.000 267614.000 19099.000 
19140.000 269519.000 269491.000 19038.000 
19076.000 270058.000 270040.000 19088.000 
19101.000 272447.000 272386.000 19153.000 
19183.000 274675.000 274668.000 19055.000 
19114.000 276636.000 276730.000 19107.000 
19129.000 278556.000 278535.000 19076.000 
19100.000 280853.000 280825.000 19088.000 
19038.000 283430.000 283475.000 19122.000 
19077.000 286197.000 286110.000 19076.000 
19134.000 288880.000 288944.000 19101.000 
19055.000 291443.000 291546.000 19183.000 
19107.000 294344.000 294249.000 19099.000 
19076.000 298348.000 298297.000 19112.000 
19077.000 298729.000 298818.000 19100.000 
19107.000 301173.000 301110.000 19038.000 
19076.000 301257.000 301169.000 19081.000 
19112.000 301257.000 301169.000 19051.000 
19224.000 301257.000 301169.000 19059.000 
19136.000 301257.000 301169.000 19107.000 
19161.000 280447.000 280380.000 19066.000 
19117.000 217609.000 217587.000 19067.000 
19035.000 217413.000 217486.000 19107.000 
19067.000 219923.000 219864.000 19076.000 
19169.000 223813.000 223766.000 19101.000 
19059.000 226813.000 226805.000 19140.000 
19107.000 231185.000 231255.000 19076.000 
19058.000 235013.000 234693.000 19112.000 
19059.000 238827.000 238822.000 19113.000 
19107.000 243416.000 243479.000 19034.000 
19076.000 247860.000 247817.000 19184.000 
19088.000 251525.000 251540.000 19169.000 
19162.000 255483.000 255542.000 19059.000 
19078.000 259167.000 258829.000 19094.000 
19113.000 262746.000 262684.000 19051.000 
19113.000 266085.000 266187.000 19059.000 
19167.000 269849.000 269844.000 19107.000 
19161.000 272504.000 272501.000 19076.000 
19169.000 276803.000 276850.000 19077.000 
19059.000 279504.000 279522.000 19142.000 
19082.000 281948.000 282061.000 19078.000 
19051.000 284331.000 284348.000 19113.000 
19059.000 286794.000 286723.000 19224.000 
19107.000 289192.000 289152.000 19146.000 
19066.000 291539.000 291529.000 19161.000 
19067.000 293985.000 293966.000 19169.000 
19142.000 296067.000 296084.000 19051.000 
19118.000 298272.000 298299.000 19082.000 
19115.000 298818.000 298736.000 19169.000 
19196.000 301180.000 301131.000 19059.000 
19128.000 301187.000 301202.000 19142.000 
19172.000 301187.000 301202.000 19090.000 
19169.000 301187.000 301202.000 19067.000 
19051.000 271197.000 271207.000 19150.000 
19196.000 210594.000 210505.000 19119.000 
19169.000 212670.000 212612.000 19101.000 
19059.000 215149.000 215109.000 19172.000 
19094.000 217558.000 217490.000 19128.000 
19051.000 219909.000 219918.000 19172.000 
19059.000 222215.000 222214.000 19169.000 
19142.000 224704.000 224585.000 19170.000 
19118.000 227143.000 227057.000 19172.000 
19123.000 229451.000 229451.000 19169.000 
19152.000 231877.000 231884.000 19059.000 
19128.000 234255.000 234340.000 19082.000 
19172.000 236636.000 236716.000 19051.000 
19273.000 239112.000 239091.000 19066.000 
19149.000 241487.000 241391.000 19142.000 
19172.000 243727.000 243666.000 19103.000 
19169.000 245612.000 245537.000 19107.000 
19051.000 246401.000 246257.000 19152.000 
19082.000 248539.000 248637.000 19128.000 
19169.000 248605.000 248573.000 19172.000 
19066.000 250981.000 250991.000 19239.000 
19142.000 252608.000 252637.000 19130.000 
19090.000 253423.000 253369.000 19172.000 
19094.000 253372.000 253451.000 19169.000 
19182.000 255642.000 255781.000 19051.000 
19130.000 255823.000 255728.000 19196.000 
19150.000 256615.000 256532.000 19169.000 
19209.000 258185.000 258137.000 19066.000 
19130.000 258156.000 258125.000 19131.000 
19172.000 258143.000 258125.000 19079.000 
19169.000 258125.000 258218.000 19094.000 
19170.000 258125.000 258191.000 19182.000 
19172.000 258218.000 258167.000 19130.000 
19169.000 258191.000 258136.000 19131.000 
19066.000 258167.000 258125.000 19183.000 
19115.000 258136.000 258125.000 19130.000 
19079.000 258119.000 258109.000 19172.000 
19094.000 258125.000 258191.000 19273.000 
19182.000 258109.000 258167.000 19149.000 
19114.000 258096.000 258146.000 19192.000 
19115.000 258167.000 258119.000 19171.000 
19183.000 258146.000 258119.000 19058.000 
19130.000 258128.000 258109.000 19100.000 
19172.000 258119.000 258096.000 19200.000 
19239.000 258109.000 258084.000 19094.000 
19130.000 258096.000 258146.000 19182.000 
19192.000 258084.000 258128.000 19099.000 
19171.000 258146.000 258128.000 19101.000 
19050.000 258128.000 258104.000 19183.000 
19100.000 258128.000 258096.000 19130.000 
19200.000 258104.000 258209.000 19150.000 
19094.000 258091.000 258073.000 19209.000 
19159.000 258209.000 258128.000 19130.000 
19087.000 260564.000 260440.000 19192.000 
19101.000 260409.000 260539.000 19170.000 
19183.000 260473.000 260464.000 19051.000 
19130.000 262156.000 262168.000 19088.000 
19131.000 262896.000 262917.000 19075.000 
19183.000 262904.000 262929.000 19100.000 
19130.000 265250.000 265206.000 19140.000 
19192.000 265255.000 265279.000 19076.000 
19170.000 267586.000 267596.000 19101.000 
19045.000 267980.000 267934.000 19183.000 
19088.000 270083.000 270051.000 19114.000 
19075.000 272434.000 272302.000 19115.000 
19088.000 274260.000 274089.000 19183.000 
19122.000 275381.000 275066.000 19130.000 
19076.000 277234.000 277226.000 19192.000 
19101.000 279646.000 279658.000 19148.000 
19183.000 282011.000 282041.000 19055.000 
19099.000 284503.000 284363.000 19089.000 
19101.000 288177.000 287951.000 19075.000 
19099.000 291231.000 291198.000 19077.000 
19134.000 293873.000 293874.000 19122.000 
19168.000 296861.000 296996.000 19076.000 
19130.000 298782.000 298867.000 19101.000 
19055.000 301191.000 301167.000 19160.000 
19107.000 301183.000 301144.000 19087.000 
19066.000 301183.000 301144.000 19112.000 
19077.000 301183.000 301144.000 19113.000 
19107.000 301183.000 301144.000 19055.000 
19076.000 301183.000 301144.000 19082.000 
19101.000 218104.000 218002.000 19118.000 
19140.000 217417.000 217399.000 19055.000 
19076.000 219829.000 219752.000 19107.000 
19101.000 222208.000 222148.000 19066.000 
19099.000 226212.000 226189.000 19067.000 
19033.000 229710.000 229723.000 19107.000 
19132.000 234057.000 234001.000 19076.000 
19114.000 238383.000 238265.000 19088.000 
19055.000 242471.000 242310.000 19122.000 
19107.000 246088.000 246070.000 19076.000 
19058.000 250797.000 250796.000 19101.000 
19059.000 254828.000 254861.000 19099.000 
19107.000 258104.000 258047.000 19154.000 
19076.000 262131.000 262008.000 19115.000 
19077.000 265168.000 265172.000 19114.000 
19122.000 269049.000 268958.000 19055.000 
19076.000 272357.000 272300.000 19093.000 
19112.000 275545.000 275619.000 19051.000 
19212.000 279083.000 279028.000 19059.000 
19135.000 281776.000 281740.000 19107.000 
19161.000 284180.000 284222.000 19066.000 
19117.000 286590.000 286647.000 19077.000 
19055.000 289033.000 289114.000 19107.000 
19082.000 291426.000 291548.000 19076.000 
19169.000 293889.000 293904.000 19112.000 
19059.000 295186.000 294939.000 19186.000 
19107.000 296934.000 296668.000 19118.000 
19066.000 298746.000 298788.000 19161.000 
19067.000 301032.000 301119.000 19117.000 
19142.000 301235.000 301195.000 19048.000 
19118.000 301235.000 301195.000 19196.000 
19140.000 301235.000 301195.000 19169.000 
19208.000 301235.000 301195.000 19059.000 
19121.000 211073.000 211130.000 19107.000 
19161.000 212357.000 212416.000 19058.000 
19169.000 215051.000 215140.000 19059.000 
19170.000 217438.000 217418.000 19107.000 
19172.000 219751.000 219726.000 19076.000 
19169.000 221915.000 221958.000 19086.000 
19059.000 224345.000 224433.000 19172.000 
19094.000 226959.000 226994.000 19119.000 
19051.000 229411.000 229471.000 19161.000 
19059.000 231777.000 231817.000 19272.000 
19107.000 234186.000 234149.000 19149.000 
19066.000 236435.000 236459.000 19172.000 
19086.000 238960.000 238963.000 19169.000 
19150.000 241268.000 241295.000 19059.000 
19128.000 243261.000 243311.000 19082.000 
19161.000 244209.000 244122.000 19169.000 
19238.000 246222.000 246191.000 19059.000 
19130.000 248544.000 248593.000 19142.000 
19172.000 248572.000 248548.000 19068.000 
19169.000 250965.000 250956.000 19075.000 
19051.000 250999.000 250999.000 19150.000 
19196.000 253428.000 253334.000 19128.000 
19169.000 253393.000 253344.000 19141.000 
19059.000 255521.000 255518.000 19208.000 
19142.000 255736.000 255798.000 19130.000 
19060.000 255769.000 255824.000 19172.000 
19066.000 258119.000 258182.000 19169.000 
19150.000 258250.000 258187.000 19170.000 
19128.000 258218.000 258187.000 19172.000 
19131.000 258178.000 258163.000 19169.000 
19209.000 258187.000 258142.000 19059.000 
19130.000 258163.000 258249.000 19124.000 
19172.000 258143.000 258218.000 19079.000 
19273.000 258249.000 258191.000 19067.000 
19149.000 258218.000 258178.000 19150.000 
19172.000 258191.000 258163.000 19112.000 
19169.000 258178.000 258143.000 19131.000 
19059.000 258163.000 258125.000 19183.000 
19108.000 258143.000 258218.000 19130.000 
19194.000 258125.000 258191.000 19172.000 
19067.000 258109.000 258191.000 19239.000 
19150.000 258191.000 258156.000 19130.000 
19112.000 258191.000 258143.000 19172.000 
19115.000 258167.000 258125.000 19169.000 
19183.000 258136.000 258109.000 19057.000 
19130.000 258125.000 258095.000 19220.000 
19150.000 258109.000 258191.000 19194.000 
19209.000 258096.000 258167.000 19094.000 
19130.000 258191.000 258146.000 19152.000 
19172.000 258167.000 258119.000 19098.000 
19169.000 258146.000 258109.000 19100.000 
19175.000 258119.000 258096.000 19183.000 
19192.000 260423.000 260339.000 19130.000 
19194.000 260468.000 260618.000 19131.000 
19094.000 260468.000 260541.000 19209.000 
19133.000 260534.000 260473.000 19130.000 
19085.000 262982.000 262865.000 19172.000 
19100.000 262868.000 262895.000 19148.000 
19183.000 265115.000 265050.000 19044.000 
19114.000 265234.000 265333.000 19197.000 
19131.000 267468.000 267552.000 19194.000 
19183.000 267678.000 267691.000 19094.000 
19130.000 270034.000 270075.000 19139.000 
19172.000 272090.000 272087.000 19076.000 
19130.000 272528.000 272447.000 19101.000 
19038.000 274881.000 274882.000 19183.000 
19197.000 277186.000 277248.000 19114.000 
19194.000 279602.000 279557.000 19115.000 
19082.000 281976.000 282021.000 19183.000 
19122.000 284329.000 284397.000 19130.000 
19076.000 286763.000 286832.000 19150.000 
19101.000 290218.000 290017.000 19113.000 
19183.000 293561.000 293508.000 19038.000 
19099.000 296374.000 296229.000 19088.000 
19101.000 298799.000 298733.000 19200.000 
19183.000 300996.000 300953.000 19072.000 
19034.000 301232.000 301132.000 19107.000 
19067.000 301232.000 301132.000 19076.000 
19134.000 301232.000 301132.000 19101.000 
19055.000 301232.000 301132.000 19160.000 
19107.000 301232.000 301132.000 19087.000 
19176.000 219820.000 219822.000 19112.000 
19063.000 217465.000 217409.000 19184.000 
19107.000 219595.000 219618.000 19114.000 
19076.000 222015.000 222125.000 19147.000 
19101.000 224586.000 224582.000 19100.000 
19140.000 229154.000 229184.000 19038.000 
19076.000 233406.000 233341.000 19088.000 
19101.000 236570.000 236475.000 19057.000 
19183.000 241172.000 241190.000 19059.000 
19114.000 245812.000 245868.000 19107.000 
19129.000 250261.000 250255.000 19076.000 
19113.000 253245.000 253322.000 19088.000 
19039.000 257665.000 257621.000 19122.000 
19077.000 260507.000 260419.000 19076.000 
19050.000 264803.000 264839.000 19101.000 
19059.000 267627.000 267695.000 19183.000 
19107.000 271754.000 271629.000 19099.000 
19076.000 274749.000 274694.000 19112.000 
19077.000 277447.000 277420.000 19113.000 
19107.000 281088.000 280966.000 19039.000 
19076.000 283673.000 283665.000 19067.000 
19101.000 286198.000 286220.000 19050.000 
19212.000 288744.000 288660.000 19059.000 
19090.000 291178.000 291142.000 19107.000 
19113.000 293571.000 293588.000 19066.000 
19113.000 293999.000 294023.000 19067.000 
19048.000 296354.000 296451.000 19107.000 
19068.000 298790.000 298832.000 19076.000 
19169.000 300788.000 300696.000 19101.000 
19059.000 301183.000 301144.000 19185.000 
19107.000 301183.000 301144.000 19127.000 
19058.000 301183.000 301144.000 19161.000 
19059.000 301183.000 301144.000 19169.000 
19107.000 213505.000 213486.000 19051.000 
19076.000 211317.000 211331.000 19185.000 
19088.000 215029.000 214938.000 19169.000 
19162.000 217124.000 217060.000 19059.000 
19118.000 219180.000 219079.000 19094.000 
19115.000 220856.000 220806.000 19051.000 
19114.000 223459.000 223511.000 19059.000 
19167.000 226575.000 226578.000 19107.000 
19172.000 229285.000 229298.000 19076.000 
19169.000 231647.000 231574.000 19077.000 
19059.000 234131.000 233952.000 19142.000 
19082.000 235998.000 236000.000 19118.000 
19051.000 238822.000 238817.000 19115.000 
19059.000 240819.000 240729.000 19224.000 
19107.000 241778.000 241689.000 19146.000 
19066.000 243730.000 243805.000 19172.000 
19067.000 246135.000 246123.000 19169.000 
19142.000 248439.000 248477.000 19051.000 
19118.000 248549.000 248655.000 19082.000 
19161.000 250875.000 250874.000 19169.000 
19199.000 250998.000 250984.000 19059.000 
19128.000 253306.000 253320.000 19107.000 
19172.000 253425.000 253370.000 19058.000 
19169.000 254943.000 254902.000 19066.000 
19051.000 255791.000 255839.000 19142.000 
19196.000 255820.000 255736.000 19118.000 
19169.000 258130.000 258079.000 19140.000 
19059.000 258185.000 258142.000 19174.000 
19094.000 258163.000 258123.000 19128.000 
19051.000 258143.000 258244.000 19172.000 
19066.000 258123.000 258214.000 19169.000 
19142.000 258233.000 258187.000 19170.000 
19118.000 258213.000 258162.000 19172.000 
19123.000 258187.000 258143.000 19169.000 
19182.000 258163.000 258143.000 19059.000 
19130.000 258142.000 258233.000 19082.000 
19172.000 258143.000 258204.000 19051.000 
19273.000 258250.000 258187.000 19066.000 
19149.000 258204.000 258163.000 19150.000 
19172.000 258187.000 258143.000 19104.000 
19169.000 258163.000 258142.000 19107.000 
19051.000 258143.000 258250.000 19182.000 
19082.000 258142.000 258218.000 19130.000 
19169.000 258250.000 258178.000 19172.000 
19066.000 258218.000 258163.000 19239.000 
19150.000 258178.000 258143.000 19130.000 
19091.000 258156.000 258125.000 19172.000 
19094.000 258143.000 258249.000 19169.000 
19182.000 258125.000 258218.000 19051.000 
19130.000 258125.000 258191.000 19220.000 
19150.000 258218.000 258156.000 19171.000 
19209.000 258191.000 258136.000 19066.000 
19130.000 260207.000 260053.000 19131.000 
19172.000 260528.000 260467.000 19085.000 
19169.000 260469.000 260535.000 19094.000 
19170.000 260469.000 260564.000 19182.000 
19192.000 262842.000 262953.000 19130.000 
19171.000 262989.000 262992.000 19131.000 
19066.000 264781.000 264665.000 19183.000 
19115.000 265363.000 265310.000 19130.000 
19085.000 267122.000 267081.000 19172.000 
19094.000 267675.000 267630.000 19273.000 
19182.000 269984.000 270044.000 19149.000 
19114.000 271019.000 271156.000 19192.000 
19115.000 272516.000 272457.000 19194.000 
19183.000 274945.000 274795.000 19059.000 
19130.000 277209.000 277134.000 19100.000 
19172.000 279461.000 279392.000 19075.000 
19239.000 281805.000 281806.000 19100.000 
19130.000 284230.000 284238.000 19183.000 
19192.000 286732.000 286707.000 19099.000 
19194.000 289190.000 289213.000 19101.000 
19051.000 292410.000 292244.000 19183.000 
19100.000 295981.000 295935.000 19130.000 
19075.000 298714.000 298704.000 19150.000 
19100.000 300453.000 300570.000 19209.000 
19160.000 301154.000 301252.000 19034.000 
19087.000 301154.000 301252.000 19087.000 
19101.000 301154.000 301252.000 19065.000 
19099.000 301154.000 301252.000 19077.000 
19134.000 301154.000 301252.000 19107.000 
19147.000 226629.000 226616.000 19076.000 
19100.000 217550.000 217411.000 19101.000 
19134.000 218951.000 218694.000 19140.000 
19192.000 221707.000 221580.000 19076.000 
19170.000 224463.000 224461.000 19101.000 
19063.000 228365.000 228411.000 19183.000 
19089.000 231756.000 231785.000 19114.000 
19075.000 236312.000 236281.000 19115.000 
19088.000 240566.000 240379.000 19099.000 
19122.000 245085.000 244887.000 19134.000 
19076.000 248428.000 248359.000 19192.000 
19101.000 253047.000 253063.000 19148.000 
19183.000 256202.000 256352.000 19055.000 
19099.000 260208.000 260232.000 19107.000 
19101.000 263455.000 263124.000 19076.000 
19099.000 267341.000 267335.000 19077.000 
19038.000 270002.000 269982.000 19122.000 
19172.000 274314.000 274380.000 19076.000 
19130.000 277096.000 277166.000 19101.000 
19055.000 279602.000 279596.000 19160.000 
19107.000 282008.000 282036.000 19087.000 
19066.000 284635.000 284459.000 19101.000 
19077.000 287154.000 287062.000 19099.000 
19107.000 289794.000 289730.000 19038.000 
19076.000 292427.000 292408.000 19151.000 
19101.000 293994.000 293995.000 19114.000 
19140.000 296328.000 296301.000 19055.000 
19076.000 298634.000 298685.000 19107.000 
19112.000 299327.000 299288.000 19066.000 
19100.000 301231.000 301132.000 19067.000 
19047.000 301231.000 301132.000 19107.000 
19196.000 301231.000 301132.000 19076.000 
19169.000 301231.000 301132.000 19098.000 
19059.000 220958.000 222570.000 19123.000 
19107.000 210265.000 210238.000 19076.000 
19058.000 214458.000 214575.000 19112.000 
19059.000 215887.000 215928.000 19100.000 
19107.000 217560.000 217480.000 19154.000 
19076.000 219874.000 219888.000 19161.000 
19077.000 222206.000 222301.000 19117.000 
19122.000 224956.000 224921.000 19055.000 
19076.000 228504.000 228526.000 19093.000 
19112.000 230879.000 230921.000 19051.000 
19224.000 233548.000 233496.000 19059.000 
19136.000 234622.000 234214.000 19107.000 
19161.000 238373.000 238270.000 19066.000 
19169.000 239015.000 239011.000 19077.000 
19059.000 241432.000 241454.000 19107.000 
19082.000 243783.000 243814.000 19076.000 
19169.000 246150.000 246091.000 19112.000 
19059.000 248210.000 248106.000 19196.000 
19107.000 248574.000 248627.000 19119.000 
19066.000 250521.000 250513.000 19161.000 
19067.000 250998.000 250998.000 19169.000 
19107.000 253224.000 253246.000 19051.000 
19076.000 253447.000 253324.000 19196.000 
19098.000 253393.000 253341.000 19169.000 
19172.000 255726.000 255752.000 19059.000 
19128.000 255715.000 255794.000 19107.000 
19161.000 257835.000 257920.000 19058.000 
19169.000 258135.000 258211.000 19059.000 
19170.000 258244.000 258186.000 19142.000 
19172.000 258212.000 258186.000 19078.000 
19169.000 258186.000 258141.000 19086.000 
19059.000 258186.000 258136.000 19172.000 
19094.000 258141.000 258244.000 19128.000 
19051.000 258136.000 258214.000 19161.000 
19059.000 258244.000 258186.000 19272.000 
19142.000 258214.000 258186.000 19149.000 
19068.000 258186.000 258163.000 19172.000 
19086.000 258186.000 258123.000 19169.000 
19150.000 258163.000 258244.000 19059.000 
19128.000 258143.000 258214.000 19082.000 
19172.000 258233.000 258187.000 19169.000 
19239.000 258213.000 258186.000 19059.000 
19130.000 258187.000 258162.000 19142.000 
19172.000 258187.000 258143.000 19103.000 
19169.000 258162.000 258250.000 19077.000 
19051.000 258143.000 258204.000 19150.000 
19196.000 258250.000 258187.000 19128.000 
19169.000 258204.000 258187.000 19150.000 
19059.000 258187.000 258163.000 19209.000 
19142.000 258187.000 258142.000 19130.000 
19090.000 258163.000 258250.000 19172.000 
19067.000 258142.000 258218.000 19169.000 
19150.000 259005.000 258948.000 19170.000 
19128.000 260639.000 260551.000 19172.000 
19131.000 260564.000 260613.000 19169.000 
19209.000 260549.000 260536.000 19066.000 
19130.000 262839.000 262715.000 19124.000 
19172.000 262985.000 262988.000 19079.000 
19273.000 262863.000 262990.000 19094.000 
19149.000 265373.000 265324.000 19152.000 
19172.000 265584.000 265400.000 19112.000 
19169.000 267718.000 267772.000 19131.000 
19066.000 269711.000 269679.000 19183.000 
19109.000 270121.000 270092.000 19130.000 
19194.000 272430.000 272528.000 19172.000 
19094.000 274731.000 274823.000 19239.000 
19152.000 276847.000 276971.000 19130.000 
19112.000 278873.000 278904.000 19172.000 
19115.000 281201.000 281137.000 19169.000 
19183.000 283802.000 283775.000 19057.000 
19130.000 286314.000 286362.000 19225.000 
19150.000 288987.000 288924.000 19194.000 
19209.000 291488.000 291612.000 19094.000 
19130.000 294748.000 294817.000 19182.000 
19172.000 298503.000 298401.000 19099.000 
19169.000 298895.000 298737.000 19101.000 
19050.000 301215.000 301093.000 19183.000 
19106.000 301215.000 301093.000 19130.000 
19076.000 301215.000 301093.000 19131.000 
19101.000 301215.000 301093.000 19113.000 
19160.000 301215.000 301093.000 19038.000 
19087.000 264614.000 264529.000 19197.000 
19101.000 217569.000 217574.000 19150.000 
19183.000 217512.000 217452.000 19044.000 
19114.000 220127.000 219892.000 19088.000 
19131.000 223991.000 224057.000 19200.000 
19183.000 226904.000 226869.000 19094.000 
19130.000 231479.000 231425.000 19139.000 
19192.000 235327.000 235336.000 19076.000 
19131.000 238924.000 238904.000 19101.000 
19038.000 243581.000 243560.000 19183.000 
19088.000 247983.000 248081.000 19114.000 
19200.000 252004.000 251882.000 19115.000 
19082.000 255631.000 255488.000 19183.000 
19122.000 259419.000 259357.000 19130.000 
19076.000 262664.000 262708.000 19168.000 
19101.000 266465.000 266452.000 19114.000 
19183.000 269875.000 269843.000 19038.000 
19099.000 273070.000 272939.000 19088.000 
19101.000 276963.000 276885.000 19075.000 
19183.000 279499.000 279466.000 19077.000 
19130.000 281982.000 281969.000 19107.000 
19147.000 284361.000 284472.000 19076.000 
19130.000 286790.000 286868.000 19101.000 
19039.000 289281.000 289208.000 19160.000 
19088.000 291669.000 291607.000 19087.000 
19065.000 294010.000 293979.000 19101.000 
19067.000 296174.000 296086.000 19183.000 
19107.000 298426.000 298396.000 19114.000 
19076.000 298787.000 298872.000 19147.000 
19101.000 301209.000 301185.000 19113.000 
19185.000 301155.000 301252.000 19055.000 
19078.000 301155.000 301252.000 19107.000 
19113.000 301155.000 301252.000 19058.000 
19113.000 250983.000 256929.000 19059.000 
19118.000 210364.000 210422.000 19107.000 
19129.000 212568.000 212526.000 19076.000 
19113.000 215137.000 215127.000 19088.000 
19055.000 217460.000 217482.000 19122.000 
19078.000 219897.000 219804.000 19076.000 
19050.000 222229.000 222209.000 19101.000 
19059.000 224524.000 224621.000 19099.000 
19107.000 227005.000 226998.000 19102.000 
19076.000 229413.000 229430.000 19113.000 
19077.000 231754.000 231826.000 19113.000 
19107.000 234170.000 234171.000 19055.000 
19076.000 236522.000 236595.000 19068.000 
19101.000 239015.000 239009.000 19050.000 
19212.000 241439.000 241328.000 19059.000 
19135.000 243749.000 243677.000 19107.000 
19115.000 245793.000 245724.000 19066.000 
19114.000 247059.000 246714.000 19067.000 
19048.000 248544.000 248602.000 19107.000 
19082.000 249122.000 249127.000 19076.000 
19169.000 250993.000 250993.000 19101.000 
19059.000 252831.000 252886.000 19185.000 
19107.000 253339.000 253368.000 19118.000 
19058.000 253422.000 253370.000 19115.000 
19059.000 255751.000 255741.000 19114.000 
19107.000 255794.000 255836.000 19048.000 
19076.000 256974.000 256927.000 19196.000 
19088.000 258180.000 258151.000 19169.000 
19162.000 258178.000 258134.000 19059.000 
19118.000 258156.000 258136.000 19094.000 
19161.000 258136.000 258244.000 19051.000 
19117.000 258134.000 258184.000 19059.000 
19167.000 258244.000 258161.000 19107.000 
19172.000 258213.000 258156.000 19076.000 
19169.000 258161.000 258136.000 19086.000 
19059.000 258156.000 258136.000 19142.000 
19082.000 258136.000 258243.000 19118.000 
19051.000 258136.000 258213.000 19161.000 
19059.000 258243.000 258186.000 19227.000 
19107.000 258213.000 258141.000 19146.000 
19066.000 258186.000 258136.000 19172.000 
19075.000 258141.000 258136.000 19169.000 
19142.000 258123.000 258244.000 19051.000 
19118.000 258136.000 258212.000 19082.000 
19161.000 258244.000 258186.000 19169.000 
19238.000 258214.000 258163.000 19059.000 
19130.000 258186.000 258123.000 19107.000 
19172.000 258163.000 258123.000 19058.000 
19169.000 258143.000 258244.000 19066.000 
19051.000 258123.000 258214.000 19150.000 
19196.000 258244.000 258187.000 19119.000 
19169.000 258214.000 258162.000 19140.000 
19059.000 258187.000 258143.000 19208.000 
19094.000 260589.000 260510.000 19130.000 
19051.000 260536.000 260574.000 19172.000 
19066.000 260536.000 260637.000 19169.000 
19150.000 262406.000 262446.000 19170.000 
19119.000 262967.000 262982.000 19172.000 
19123.000 262982.000 262985.000 19169.000 
19182.000 265375.000 265318.000 19059.000 
19130.000 265357.000 265436.000 19108.000 
19172.000 267747.000 267773.000 19052.000 
19273.000 268592.000 268586.000 19066.000 
19149.000 270196.000 270134.000 19150.000 
19172.000 272445.000 272438.000 19112.000 
19169.000 274460.000 274367.000 19108.000 
19051.000 275895.000 275841.000 19182.000 
19108.000 277281.000 277352.000 19130.000 
19171.000 279764.000 279692.000 19172.000 
19066.000 282158.000 282074.000 19239.000 
19150.000 285100.000 285052.000 19130.000 
19098.000 288458.000 288385.000 19172.000 
19094.000 291380.000 291275.000 19169.000 
19182.000 293920.000 294011.000 19051.000 
19130.000 297247.000 297468.000 19220.000 
19150.000 298738.000 298877.000 19194.000 
19209.000 301158.000 301113.000 19067.000 
19130.000 301152.000 301195.000 19158.000 
19192.000 301152.000 301195.000 19087.000 
19170.000 301152.000 301195.000 19101.000 
19051.000 301152.000 301195.000 19183.000 
19088.000 301152.000 301195.000 19130.000 
19200.000 217901.000 217952.000 19131.000 
19068.000 217580.000 217443.000 19183.000 
19115.000 219929.000 219799.000 19130.000 
19075.000 222526.000 222239.000 19172.000 
19100.000 226457.000 226430.000 19273.000 
19183.000 230207.000 230204.000 19149.000 
