0.000 0.000 0.000 0.000 
6750.000 6000.000 6000.000 6000.000 
6750.000 6000.000 6000.000 6000.000 
6750.000 6000.000 6000.000 6000.000 
6750.000 6000.000 6000.000 6000.000 
6750.000 6000.000 6000.000 6000.000 
6750.000 6000.000 6000.000 6000.000 
6750.000 6000.000 6000.000 6000.000 
6750.000 6000.000 6000.000 6000.000 
6750.000 6000.000 6000.000 6000.000 
6750.000 6000.000 6000.000 6000.000 
6750.000 6000.000 6000.000 6000.000 
6750.000 6000.000 6000.000 6000.000 
6750.000 6000.000 6000.000 6000.000 
6750.000 6000.000 6000.000 6000.000 
6750.000 6000.000 6000.000 6000.000 
6750.000 6000.000 6000.000 6000.000 
6750.000 6000.000 6000.000 6000.000 
6750.000 6000.000 6000.000 6000.000 
6750.000 6000.000 6000.000 6000.000 
6750.000 6000.000 6000.000 6000.000 
6750.000 10080.000 6000.000 6000.000 
6750.000 11749.000 6000.000 6000.000 
6750.000 11792.000 6000.000 6000.000 
6750.000 11716.000 6000.000 6000.000 
6750.000 11763.000 6000.000 6000.000 
6750.000 11690.000 6000.000 6000.000 
6750.000 11759.000 6000.000 6000.000 
6750.000 11848.000 6000.000 6000.000 
6750.000 11795.000 6000.000 6000.000 
6750.000 11732.000 6000.000 6000.000 
6750.000 11754.000 6000.000 6000.000 
6750.000 11754.000 6000.000 6000.000 
6750.000 11754.000 6000.000 6000.000 
6750.000 11754.000 6000.000 6000.000 
6750.000 11754.000 6000.000 6000.000 
6750.000 11754.000 6000.000 6000.000 
6750.000 11754.000 6000.000 6000.000 
6750.000 11754.000 6000.000 6000.000 
6750.000 11754.000 6000.000 6000.000 
6750.000 11754.000 6000.000 6000.000 
6750.000 11982.000 6000.000 6000.000 
6750.000 11754.000 6000.000 6000.000 
6750.000 11629.000 6000.000 6000.000 
6750.000 11678.000 6000.000 6000.000 
6750.000 11707.000 6000.000 6000.000 
6750.000 11808.000 6000.000 6000.000 
6750.000 11877.000 6000.000 6000.000 
6750.000 11854.000 6000.000 6000.000 
6750.000 11783.000 6000.000 6000.000 
6750.000 11752.000 6000.000 6000.000 
6750.000 11826.000 10187.000 6000.000 
6750.000 11826.000 10187.000 6000.000 
6750.000 11826.000 10187.000 6000.000 
6750.000 11826.000 10187.000 6000.000 
6750.000 11826.000 10187.000 6000.000 
6750.000 11826.000 10187.000 6000.000 
6750.000 11826.000 10187.000 6000.000 
6750.000 11826.000 10187.000 6000.000 
6750.000 11826.000 10187.000 6000.000 
6750.000 11826.000 10187.000 6000.000 
6750.000 11826.000 10187.000 6000.000 
6750.000 11826.000 11716.000 6000.000 
6750.000 11826.000 11799.000 6000.000 
6750.000 11826.000 11737.000 6000.000 
6750.000 11826.000 11878.000 6000.000 
6750.000 11826.000 11839.000 6000.000 
6750.000 11826.000 11790.000 6000.000 
6750.000 11826.000 11726.000 6000.000 
6750.000 11826.000 11785.000 6000.000 
6750.000 11826.000 11846.000 6000.000 
6750.000 11826.000 12158.000 6000.000 
6750.000 11826.000 12061.000 6000.000 
6750.000 11826.000 11848.000 6000.000 
6750.000 11826.000 11783.000 6000.000 
6750.000 11826.000 11716.000 6000.000 
6750.000 11826.000 11773.000 6000.000 
6750.000 11826.000 11776.000 6000.000 
6750.000 11826.000 11707.000 6000.000 
6750.000 11826.000 11780.000 6000.000 
6750.000 11826.000 11859.000 6000.000 
6750.000 11826.000 11686.000 6000.000 
6750.000 12231.000 11686.000 6000.000 
6750.000 11681.000 11686.000 6000.000 
6750.000 11716.000 11686.000 6000.000 
6750.000 11792.000 11686.000 6000.000 
6750.000 11729.000 11686.000 6000.000 
6750.000 11789.000 11686.000 6000.000 
6750.000 11862.000 11686.000 6000.000 
6750.000 11820.000 11686.000 6000.000 
6750.000 11765.000 11686.000 6000.000 
6750.000 11751.000 11686.000 6000.000 
6750.000 11751.000 11686.000 6000.000 
6750.000 11751.000 11686.000 6000.000 
6750.000 11751.000 11686.000 6000.000 
6750.000 11751.000 11686.000 6000.000 
6750.000 11751.000 11686.000 6000.000 
6750.000 11751.000 11686.000 6000.000 
6750.000 11751.000 11686.000 6000.000 
6750.000 11751.000 11686.000 6000.000 
6750.000 11751.000 11686.000 6000.000 
6750.000 11751.000 11686.000 6000.000 
6750.000 11751.000 12212.000 6000.000 
6750.000 11751.000 11797.000 6000.000 
6750.000 11751.000 11862.000 6000.000 
6750.000 11751.000 11820.000 6000.000 
6750.000 11751.000 11765.000 6000.000 
6750.000 11751.000 11693.000 6000.000 
6750.000 11751.000 11716.000 6000.000 
6750.000 11751.000 11763.000 6000.000 
6750.000 11751.000 11729.000 6000.000 
6750.000 11751.000 11773.000 6000.000 
6750.000 11991.000 11773.000 6000.000 
6750.000 11766.000 11773.000 6000.000 
6750.000 11729.000 11773.000 6000.000 
6750.000 11759.000 11773.000 6000.000 
6750.000 11867.000 11773.000 6000.000 
6750.000 11799.000 11773.000 6000.000 
6750.000 11765.000 11773.000 6000.000 
6750.000 11793.000 11773.000 6000.000 
6750.000 11763.000 11773.000 6000.000 
6750.000 11803.000 11773.000 6000.000 
6750.000 12034.000 12212.000 6000.000 
6750.000 12034.000 12212.000 6000.000 
6750.000 12034.000 12212.000 6000.000 
6750.000 12034.000 12212.000 6000.000 
6750.000 12034.000 12212.000 6000.000 
6750.000 12034.000 12212.000 6000.000 
6750.000 12034.000 12212.000 6000.000 
6750.000 12034.000 12212.000 6000.000 
6750.000 12034.000 12212.000 6000.000 
6750.000 12034.000 12212.000 6000.000 
6750.000 12034.000 12611.000 6000.000 
6750.000 12034.000 12611.000 6000.000 
6750.000 12034.000 12611.000 6000.000 
6750.000 12034.000 12611.000 6000.000 
6750.000 12034.000 12611.000 6000.000 
6750.000 12034.000 12611.000 6000.000 
6750.000 12034.000 12611.000 6000.000 
6750.000 12034.000 12611.000 6000.000 
6750.000 12034.000 12611.000 6000.000 
6750.000 12034.000 12611.000 6000.000 
6750.000 12034.000 12611.000 6000.000 
6750.000 12030.000 12790.000 6000.000 
6750.000 12030.000 11649.000 6000.000 
6750.000 12030.000 11679.000 6000.000 
6750.000 12030.000 11707.000 6000.000 
6750.000 12030.000 11808.000 6000.000 
6750.000 12030.000 11875.000 6000.000 
6750.000 12030.000 11854.000 6000.000 
6750.000 12030.000 11783.000 6000.000 
6750.000 12030.000 11759.000 6000.000 
6750.000 12030.000 11759.000 11734.000 
6750.000 12030.000 11759.000 11859.000 
6750.000 12030.000 11759.000 11798.000 
6750.000 12030.000 11759.000 11729.000 
6750.000 12030.000 11759.000 11759.000 
6750.000 12030.000 11759.000 11867.000 
6750.000 12030.000 11759.000 11802.000 
6750.000 12030.000 11759.000 11770.000 
6750.000 12030.000 11759.000 11793.000 
6750.000 12030.000 11759.000 11892.000 
6750.000 12030.000 11759.000 11892.000 
6750.000 12166.000 11759.000 11892.000 
6750.000 11826.000 11759.000 11892.000 
6750.000 11781.000 11759.000 11892.000 
6750.000 11857.000 11759.000 11892.000 
6750.000 11810.000 11759.000 11892.000 
6750.000 11752.000 11759.000 11892.000 
6750.000 11676.000 11759.000 11892.000 
6750.000 11740.000 11759.000 11892.000 
6750.000 11789.000 11759.000 11892.000 
6750.000 11789.000 11759.000 11892.000 
6750.000 11789.000 11759.000 11892.000 
6750.000 11789.000 11759.000 11892.000 
6750.000 11789.000 11759.000 11892.000 
6750.000 11789.000 11759.000 11892.000 
6750.000 11789.000 11759.000 11892.000 
6750.000 11789.000 11759.000 11892.000 
6750.000 11789.000 11759.000 11892.000 
6750.000 11789.000 11759.000 11892.000 
6750.000 11789.000 11759.000 11892.000 
6750.000 11789.000 11759.000 11892.000 
6750.000 11789.000 11759.000 11892.000 
6750.000 11789.000 11759.000 11892.000 
6750.000 11789.000 11759.000 11892.000 
6750.000 11789.000 11759.000 11892.000 
6750.000 11789.000 11759.000 11892.000 
6750.000 11789.000 11759.000 11892.000 
6750.000 11789.000 11759.000 11892.000 
6750.000 11789.000 11759.000 11892.000 
6750.000 11789.000 11742.000 11892.000 
6750.000 11789.000 11775.000 11892.000 
6750.000 11789.000 11775.000 11892.000 
6750.000 11789.000 11775.000 11892.000 
6750.000 11789.000 11775.000 11892.000 
6750.000 11789.000 11775.000 11892.000 
6750.000 11789.000 11775.000 11892.000 
6750.000 11789.000 11775.000 11892.000 
6750.000 11789.000 11775.000 11892.000 
6750.000 11789.000 11775.000 11892.000 
6750.000 11789.000 11775.000 11892.000 
6750.000 11789.000 11775.000 11892.000 
6750.000 11789.000 11775.000 11892.000 
6750.000 11789.000 11775.000 11892.000 
6750.000 11789.000 11775.000 11892.000 
6750.000 11789.000 11775.000 11892.000 
6750.000 11789.000 11775.000 11892.000 
6750.000 11789.000 11775.000 11892.000 
6750.000 11789.000 11775.000 11892.000 
6750.000 11789.000 11775.000 11892.000 
6750.000 11789.000 11775.000 11892.000 
6750.000 11789.000 11775.000 11892.000 
6750.000 11789.000 11775.000 11892.000 
6750.000 11789.000 11775.000 11892.000 
6750.000 11789.000 11775.000 11892.000 
6750.000 11789.000 11775.000 11892.000 
6750.000 11789.000 11775.000 11892.000 
6750.000 11789.000 11775.000 11892.000 
6750.000 11789.000 11775.000 11892.000 
6750.000 11789.000 11775.000 11892.000 
6750.000 11789.000 11775.000 11892.000 
6750.000 11789.000 11775.000 11892.000 
6750.000 11789.000 11775.000 11892.000 
6750.000 11789.000 11775.000 11892.000 
6750.000 11789.000 11775.000 11892.000 
6750.000 11789.000 11775.000 11892.000 
6750.000 11789.000 11775.000 11892.000 
6750.000 11789.000 11775.000 11892.000 
6750.000 11789.000 11775.000 11892.000 
6750.000 11789.000 11775.000 11892.000 
6750.000 11789.000 11775.000 11892.000 
6750.000 11789.000 11775.000 11892.000 
6750.000 11789.000 11775.000 11892.000 
6750.000 11789.000 11775.000 11892.000 
6750.000 11789.000 11775.000 11892.000 
6750.000 11789.000 11775.000 11892.000 
6750.000 11789.000 11775.000 11892.000 
6750.000 11789.000 11775.000 11892.000 
6750.000 11789.000 11775.000 11892.000 
6750.000 11789.000 11775.000 11892.000 
6750.000 11789.000 11775.000 11892.000 
6750.000 11789.000 11775.000 11892.000 
6750.000 11789.000 11775.000 11892.000 
6750.000 11789.000 11775.000 11892.000 
6750.000 11789.000 11775.000 11892.000 
6750.000 11789.000 11775.000 11892.000 
6750.000 11789.000 11775.000 11892.000 
6750.000 11789.000 11775.000 11892.000 
6750.000 11789.000 11775.000 11892.000 
6750.000 11789.000 11775.000 11892.000 
6750.000 11789.000 11775.000 11892.000 
6750.000 11789.000 11775.000 11892.000 
6750.000 11789.000 11775.000 11892.000 
6750.000 11789.000 11775.000 11892.000 
6750.000 11789.000 11775.000 11892.000 
6750.000 11789.000 11775.000 11892.000 
6750.000 11789.000 11775.000 11892.000 
6750.000 11789.000 11775.000 11892.000 
6750.000 11789.000 11775.000 11892.000 
6750.000 11789.000 11775.000 11892.000 
6750.000 11789.000 11775.000 11892.000 
6750.000 11789.000 11775.000 11892.000 
6750.000 11789.000 11775.000 11892.000 
6750.000 11789.000 11775.000 11892.000 
6750.000 11789.000 11775.000 11892.000 
6750.000 11789.000 11775.000 11892.000 
6750.000 11789.000 11775.000 11892.000 
6750.000 11789.000 11775.000 11892.000 
6750.000 11789.000 11775.000 11892.000 
6750.000 11789.000 11775.000 11892.000 
6750.000 11789.000 11775.000 11892.000 
6750.000 11789.000 11775.000 11892.000 
6750.000 11789.000 11775.000 11892.000 
6750.000 11789.000 11775.000 11892.000 
6750.000 11789.000 11775.000 11892.000 
6750.000 11789.000 11775.000 11892.000 
6750.000 11789.000 11775.000 11892.000 
6750.000 11789.000 11775.000 11892.000 
6750.000 11789.000 11775.000 11892.000 
6750.000 11789.000 11775.000 11892.000 
6750.000 11789.000 11775.000 11892.000 
6750.000 11789.000 11775.000 11892.000 
6750.000 11789.000 11775.000 11892.000 
6750.000 11789.000 11775.000 11892.000 
6750.000 11789.000 11775.000 11892.000 
6750.000 11789.000 11775.000 11892.000 
6750.000 11789.000 11775.000 11892.000 
6750.000 11789.000 11775.000 11892.000 
6750.000 11789.000 11775.000 11892.000 
6750.000 11789.000 11775.000 11892.000 
6750.000 11789.000 11775.000 11892.000 
6750.000 11789.000 11775.000 11892.000 
6750.000 11789.000 11775.000 11892.000 
6750.000 11789.000 11775.000 11892.000 
6750.000 11789.000 11775.000 11892.000 
6750.000 11789.000 11775.000 11892.000 
6750.000 11789.000 11775.000 11892.000 
6750.000 11789.000 11775.000 11892.000 
6750.000 11789.000 11775.000 11892.000 
6750.000 11789.000 11775.000 11892.000 
6750.000 11789.000 11775.000 11892.000 
6750.000 11789.000 11775.000 11892.000 
6750.000 11789.000 11775.000 11892.000 
6750.000 11789.000 11775.000 11892.000 
6750.000 11789.000 11775.000 11892.000 
6750.000 11789.000 11775.000 11892.000 
6750.000 11789.000 11775.000 11892.000 
6750.000 11789.000 11775.000 11892.000 
6750.000 11789.000 11775.000 11892.000 
6750.000 11789.000 11775.000 11892.000 
6750.000 11789.000 11775.000 11892.000 
6750.000 11789.000 11775.000 11892.000 
6750.000 11789.000 11775.000 11892.000 
6750.000 11789.000 11775.000 11892.000 
6750.000 11789.000 11775.000 11892.000 
6750.000 11789.000 11775.000 11892.000 
6750.000 11789.000 11775.000 11892.000 
6750.000 11789.000 11775.000 11892.000 
6750.000 11789.000 11775.000 11892.000 
6750.000 11789.000 11775.000 11892.000 
6750.000 11789.000 11775.000 11892.000 
6750.000 11789.000 11775.000 11892.000 
6750.000 11789.000 11775.000 11892.000 
6750.000 11789.000 11775.000 11892.000 
6750.000 11789.000 11775.000 11892.000 
6750.000 11789.000 11775.000 11892.000 
6750.000 11789.000 11775.000 11892.000 
6750.000 11789.000 11775.000 11892.000 
6750.000 11789.000 11775.000 11892.000 
6750.000 11789.000 11775.000 11892.000 
6750.000 11789.000 11775.000 11892.000 
6750.000 11789.000 11775.000 11892.000 
6750.000 11789.000 11775.000 11892.000 
6750.000 11789.000 11775.000 11892.000 
6750.000 11789.000 11775.000 11892.000 
6750.000 11789.000 11775.000 11892.000 
6750.000 11789.000 11775.000 11892.000 
6750.000 11789.000 11775.000 11892.000 
6750.000 11789.000 11775.000 11892.000 
6750.000 11789.000 11775.000 11892.000 
6750.000 11789.000 11775.000 11892.000 
6750.000 11789.000 11775.000 11892.000 
6750.000 11789.000 11775.000 11892.000 
6750.000 11789.000 11775.000 11892.000 
6750.000 11789.000 11775.000 11892.000 
6750.000 11789.000 11775.000 11892.000 
6750.000 11789.000 11775.000 11892.000 
6750.000 11789.000 11775.000 11892.000 
6750.000 11789.000 11775.000 11892.000 
6750.000 11789.000 11775.000 11892.000 
6750.000 11789.000 11775.000 11892.000 
6750.000 11789.000 11775.000 11892.000 
6750.000 11789.000 11775.000 11892.000 
6750.000 11789.000 11775.000 11892.000 
6750.000 11789.000 11775.000 11892.000 
6750.000 11789.000 11775.000 11892.000 
6750.000 11789.000 11775.000 11892.000 
6750.000 11789.000 11775.000 11892.000 
6750.000 11789.000 11775.000 11892.000 
6750.000 11789.000 11775.000 11892.000 
6750.000 11789.000 11775.000 11892.000 
6750.000 11789.000 11775.000 11892.000 
6750.000 11789.000 11775.000 11892.000 
6750.000 11789.000 11775.000 11892.000 
6750.000 11789.000 11775.000 11892.000 
6750.000 11789.000 11775.000 11892.000 
6750.000 11789.000 11775.000 11892.000 
6750.000 11789.000 11775.000 11892.000 
6750.000 11789.000 11775.000 11892.000 
6750.000 11789.000 11775.000 11892.000 
6750.000 11789.000 11775.000 11892.000 
6750.000 11789.000 11775.000 11892.000 
6750.000 11789.000 11775.000 11892.000 
6750.000 11789.000 11775.000 11892.000 
6750.000 11789.000 11775.000 11892.000 
6750.000 11789.000 11775.000 11892.000 
6750.000 11789.000 11775.000 11892.000 
6750.000 11789.000 11775.000 11892.000 
6750.000 11789.000 11775.000 11892.000 
6750.000 11789.000 11775.000 11892.000 
6750.000 11789.000 11775.000 11892.000 
6750.000 11789.000 11775.000 11892.000 
6750.000 11789.000 11775.000 11892.000 
6750.000 11789.000 11775.000 11892.000 
6750.000 11789.000 11775.000 11892.000 
6750.000 11789.000 11775.000 11892.000 
6750.000 11789.000 11775.000 11892.000 
6750.000 11789.000 11775.000 11892.000 
6750.000 11789.000 11775.000 11892.000 
6750.000 11789.000 11775.000 11892.000 
6750.000 11789.000 11775.000 11892.000 
6750.000 11789.000 11775.000 11892.000 
6750.000 11789.000 11775.000 11892.000 
6750.000 11789.000 11775.000 11892.000 
6750.000 11789.000 11775.000 11892.000 
6750.000 11789.000 11775.000 11892.000 
6750.000 11789.000 11775.000 11892.000 
6750.000 11789.000 11775.000 11892.000 
6750.000 11789.000 11775.000 11892.000 
6750.000 11789.000 11775.000 11892.000 
6750.000 11789.000 11775.000 11892.000 
6750.000 11789.000 11775.000 11892.000 
6750.000 11789.000 11775.000 11892.000 
6750.000 11789.000 11775.000 11892.000 
6750.000 11789.000 11775.000 11892.000 
6750.000 11789.000 11775.000 11892.000 
6750.000 11789.000 11775.000 11892.000 
6750.000 11789.000 11775.000 11892.000 
6750.000 11789.000 11775.000 11892.000 
6750.000 11789.000 11775.000 11892.000 
6750.000 11789.000 11775.000 11892.000 
6750.000 11789.000 11775.000 11892.000 
6750.000 11789.000 11775.000 11892.000 
6750.000 11789.000 11775.000 11892.000 
6750.000 11789.000 11775.000 11892.000 
6750.000 11789.000 11775.000 11892.000 
6750.000 11789.000 11775.000 11892.000 
6750.000 11789.000 11775.000 11892.000 
6750.000 11789.000 11775.000 11892.000 
6750.000 11789.000 11775.000 11892.000 
6750.000 11789.000 11775.000 11892.000 
6750.000 11789.000 11775.000 11892.000 
6750.000 11789.000 11775.000 11892.000 
6750.000 11789.000 11775.000 11892.000 
6750.000 11789.000 11775.000 11892.000 
6750.000 11789.000 11775.000 11892.000 
6750.000 11789.000 11775.000 11892.000 
6750.000 11789.000 11775.000 11892.000 
6750.000 11789.000 11775.000 11892.000 
6750.000 11789.000 11775.000 11892.000 
6750.000 11789.000 11775.000 11892.000 
6750.000 11789.000 11775.000 11892.000 
6750.000 11789.000 11775.000 11892.000 
6750.000 11789.000 11775.000 11892.000 
6750.000 11789.000 11775.000 11892.000 
6750.000 11789.000 11775.000 11892.000 
6750.000 11789.000 11775.000 11892.000 
6750.000 11789.000 11775.000 11892.000 
6750.000 11789.000 11775.000 11892.000 
6750.000 11789.000 11775.000 11892.000 
6750.000 11789.000 11775.000 11892.000 
6750.000 11789.000 11775.000 11892.000 
6750.000 11789.000 11775.000 11892.000 
6750.000 11789.000 11775.000 11892.000 
6750.000 11789.000 11775.000 11892.000 
6750.000 11789.000 11775.000 11892.000 
6750.000 11789.000 11775.000 11892.000 
6750.000 11789.000 11775.000 11892.000 
6750.000 11789.000 11775.000 11892.000 
6750.000 11789.000 11775.000 11892.000 
6750.000 11789.000 11775.000 11892.000 
6750.000 11789.000 11775.000 11892.000 
6750.000 11789.000 11775.000 11892.000 
6750.000 11789.000 11775.000 11892.000 
6750.000 11789.000 11775.000 11892.000 
6750.000 11789.000 11775.000 11892.000 
6750.000 11789.000 11775.000 11892.000 
6750.000 11789.000 11775.000 11892.000 
6750.000 11789.000 11775.000 11892.000 
6750.000 11789.000 11775.000 11892.000 
6750.000 11789.000 11775.000 11892.000 
6750.000 11789.000 11775.000 11892.000 
6750.000 11789.000 11775.000 11892.000 
6750.000 11789.000 11775.000 11892.000 
6750.000 11789.000 11775.000 11892.000 
6750.000 11789.000 11775.000 11892.000 
6750.000 11789.000 11775.000 11892.000 
6750.000 11789.000 11775.000 11892.000 
6750.000 11789.000 11775.000 11892.000 
6750.000 11789.000 11775.000 11892.000 
6750.000 11789.000 11775.000 11892.000 
6750.000 11789.000 11775.000 11892.000 
6750.000 11789.000 11775.000 11892.000 
6750.000 11789.000 11775.000 11892.000 
6750.000 11789.000 11775.000 11892.000 
6750.000 11789.000 11775.000 11892.000 
6750.000 11789.000 11775.000 11892.000 
6750.000 11789.000 11775.000 11892.000 
6750.000 11789.000 11775.000 11892.000 
6750.000 11789.000 11775.000 11892.000 
6750.000 11789.000 11775.000 11892.000 
6750.000 11789.000 11775.000 11892.000 
6750.000 11789.000 11775.000 11892.000 
6750.000 11789.000 11775.000 11892.000 
6750.000 11789.000 11775.000 11892.000 
6750.000 11789.000 11775.000 11892.000 
6750.000 11789.000 11775.000 11892.000 
6750.000 11789.000 11775.000 11892.000 
6750.000 11789.000 11775.000 11892.000 
6750.000 11789.000 11775.000 11892.000 
6750.000 11789.000 11775.000 11892.000 
6750.000 11789.000 11775.000 11892.000 
6750.000 11789.000 11775.000 11892.000 
6750.000 11789.000 11775.000 11892.000 
6750.000 11789.000 11775.000 11892.000 
6750.000 11789.000 11775.000 11892.000 
6750.000 11789.000 11775.000 11892.000 
6750.000 11789.000 11775.000 11892.000 
6750.000 11789.000 11775.000 11892.000 
6750.000 11789.000 11775.000 11892.000 
6750.000 11789.000 11775.000 11892.000 
6750.000 11789.000 11775.000 11892.000 
6750.000 11789.000 11775.000 11892.000 
6750.000 11789.000 11775.000 11892.000 
6750.000 11789.000 11775.000 11892.000 
6750.000 11789.000 11775.000 11892.000 
6750.000 11789.000 11775.000 11892.000 
6750.000 11789.000 11775.000 11892.000 
6750.000 11789.000 11775.000 11892.000 
6750.000 11789.000 11775.000 11892.000 
6750.000 11789.000 11775.000 11892.000 
6750.000 11789.000 11775.000 11892.000 
6750.000 11789.000 11775.000 11892.000 
6750.000 11789.000 11775.000 11892.000 
6750.000 11789.000 11775.000 11892.000 
6750.000 11789.000 11775.000 11892.000 
6750.000 11789.000 11775.000 11892.000 
6750.000 11789.000 11775.000 11892.000 
6750.000 11789.000 11775.000 11892.000 
6750.000 11789.000 11775.000 11892.000 
6750.000 11789.000 11775.000 11892.000 
6750.000 11789.000 11775.000 11892.000 
6750.000 11789.000 11775.000 11892.000 
6750.000 11789.000 11775.000 11892.000 
6750.000 11789.000 11775.000 11892.000 
6750.000 11789.000 11775.000 11892.000 
6750.000 11789.000 11775.000 11892.000 
6750.000 11789.000 11775.000 11892.000 
6750.000 11789.000 11775.000 11892.000 
6750.000 11789.000 11775.000 11892.000 
6750.000 11789.000 11775.000 11892.000 
6750.000 11789.000 11775.000 11892.000 
6750.000 11789.000 11775.000 11892.000 
6750.000 11789.000 11775.000 11892.000 
6750.000 11789.000 11775.000 11892.000 
6750.000 11789.000 11775.000 11892.000 
6750.000 11789.000 11775.000 11892.000 
6750.000 11789.000 11775.000 11892.000 
6750.000 11789.000 11775.000 11892.000 
6750.000 11789.000 11775.000 11892.000 
6750.000 11789.000 11775.000 11892.000 
6750.000 11789.000 11775.000 11892.000 
6750.000 11789.000 11775.000 11892.000 
6750.000 11789.000 11775.000 11892.000 
6750.000 11789.000 11775.000 11892.000 
6750.000 11789.000 11775.000 11892.000 
6750.000 11789.000 11775.000 11892.000 
6750.000 11789.000 11775.000 11892.000 
6750.000 11789.000 11775.000 11892.000 
6750.000 11789.000 11775.000 11892.000 
6750.000 11789.000 11775.000 11892.000 
6750.000 11789.000 11775.000 11892.000 
6750.000 11789.000 11775.000 11892.000 
6750.000 11789.000 11775.000 11892.000 
6750.000 11789.000 11775.000 11892.000 
6750.000 11789.000 11775.000 11892.000 
6750.000 11789.000 11775.000 11892.000 
6750.000 11789.000 11775.000 11892.000 
6750.000 11789.000 11775.000 11892.000 
6750.000 11789.000 11775.000 11892.000 
6750.000 11789.000 11775.000 11892.000 
6750.000 11789.000 11775.000 11892.000 
6750.000 11789.000 11775.000 11892.000 
6750.000 11789.000 11775.000 11892.000 
6750.000 11789.000 11775.000 11892.000 
6750.000 11789.000 11775.000 11892.000 
6750.000 11789.000 11775.000 11892.000 
6750.000 11789.000 11775.000 11892.000 
6750.000 11789.000 11775.000 11892.000 
6750.000 11789.000 11775.000 11892.000 
6750.000 11789.000 11775.000 11892.000 
6750.000 11789.000 11775.000 11892.000 
6750.000 11789.000 11775.000 11892.000 
6750.000 11789.000 11775.000 11892.000 
6750.000 11789.000 11775.000 11892.000 
6750.000 11789.000 11775.000 11892.000 
6750.000 11789.000 11775.000 11892.000 
6750.000 11789.000 11775.000 11892.000 
6750.000 11789.000 11775.000 11892.000 
6750.000 11789.000 11775.000 11892.000 
6750.000 11789.000 11775.000 11892.000 
6750.000 11789.000 11775.000 11892.000 
6750.000 11789.000 11775.000 11892.000 
6750.000 11789.000 11775.000 11892.000 
6750.000 11789.000 11775.000 11892.000 
6750.000 11789.000 11775.000 11892.000 
6750.000 11789.000 11775.000 11892.000 
6750.000 11789.000 11775.000 11892.000 
6750.000 11789.000 11775.000 11892.000 
6750.000 11789.000 11775.000 11892.000 
6750.000 11789.000 11775.000 11892.000 
6750.000 11789.000 11775.000 11892.000 
6750.000 11789.000 11775.000 11892.000 
6750.000 11789.000 11775.000 11892.000 
6750.000 11789.000 11775.000 11892.000 
6750.000 11789.000 11775.000 11892.000 
6750.000 11789.000 11775.000 11892.000 
6750.000 11789.000 11775.000 11892.000 
6750.000 11789.000 11775.000 11892.000 
6750.000 11789.000 11775.000 11892.000 
6750.000 11789.000 11775.000 11892.000 
6750.000 11789.000 11775.000 11892.000 
6750.000 11789.000 11775.000 11892.000 
6750.000 11789.000 11775.000 11892.000 
6750.000 11789.000 11775.000 11892.000 
6750.000 11789.000 11775.000 11892.000 
6750.000 11789.000 11775.000 11892.000 
6750.000 11789.000 11775.000 11892.000 
6750.000 11789.000 11775.000 11892.000 
6750.000 11789.000 11775.000 11892.000 
6750.000 11789.000 11775.000 11892.000 
6750.000 11789.000 11775.000 11892.000 
6750.000 11789.000 11775.000 11892.000 
6750.000 11789.000 11775.000 11892.000 
6750.000 11789.000 11775.000 11892.000 
6750.000 11789.000 11775.000 11892.000 
6750.000 11789.000 11775.000 11892.000 
6750.000 11789.000 11775.000 11892.000 
6750.000 11789.000 11775.000 11892.000 
6750.000 11789.000 11775.000 11892.000 
6750.000 11789.000 11775.000 11892.000 
6750.000 11789.000 11775.000 11892.000 
6750.000 11789.000 11775.000 11892.000 
6750.000 11789.000 11775.000 11892.000 
6750.000 11789.000 11775.000 11892.000 
6750.000 11789.000 11775.000 11892.000 
6750.000 11789.000 11775.000 11892.000 
6750.000 11789.000 11775.000 11892.000 
6750.000 11789.000 11775.000 11892.000 
6750.000 11789.000 11775.000 11892.000 
6750.000 11789.000 11775.000 11892.000 
6750.000 11789.000 11775.000 11892.000 
6750.000 11789.000 11775.000 11892.000 
6750.000 11789.000 11775.000 11892.000 
6750.000 11789.000 11775.000 11892.000 
6750.000 11789.000 11775.000 11892.000 
6750.000 11789.000 11775.000 11892.000 
6750.000 11789.000 11775.000 11892.000 
6750.000 11789.000 11775.000 11892.000 
6750.000 11789.000 11775.000 11892.000 
6750.000 11789.000 11775.000 11892.000 
6750.000 11789.000 11775.000 11892.000 
6750.000 11789.000 11775.000 11892.000 
6750.000 11789.000 11775.000 11892.000 
6750.000 11789.000 11775.000 11892.000 
6750.000 11789.000 11775.000 11892.000 
6750.000 11789.000 11775.000 11892.000 
6750.000 11789.000 11775.000 11892.000 
6750.000 11789.000 11775.000 11892.000 
6750.000 11789.000 11775.000 11892.000 
6750.000 11789.000 11775.000 11892.000 
6750.000 11789.000 11775.000 11892.000 
6750.000 11789.000 11775.000 11892.000 
6750.000 11789.000 11775.000 11892.000 
6750.000 11789.000 11775.000 11892.000 
6750.000 11789.000 11775.000 11892.000 
6750.000 11789.000 11775.000 11892.000 
6750.000 11789.000 11775.000 11892.000 
6750.000 11789.000 11775.000 11892.000 
6750.000 11789.000 11775.000 11892.000 
6750.000 11789.000 11775.000 11892.000 
6750.000 11789.000 11775.000 11892.000 
6750.000 11789.000 11775.000 11892.000 
6750.000 11789.000 11775.000 11892.000 
6750.000 11789.000 11775.000 11892.000 
6750.000 11789.000 11775.000 11892.000 
6750.000 11789.000 11775.000 11892.000 
6750.000 11789.000 11775.000 11892.000 
6750.000 11789.000 11775.000 11892.000 
6750.000 11789.000 11775.000 11892.000 
6750.000 11789.000 11775.000 11892.000 
6750.000 11789.000 11775.000 11892.000 
6750.000 11789.000 11775.000 11892.000 
6750.000 11789.000 11775.000 11892.000 
6750.000 11789.000 11775.000 11892.000 
6750.000 11789.000 11775.000 11892.000 
6750.000 11789.000 11775.000 11892.000 
6750.000 11789.000 11775.000 11892.000 
6750.000 11789.000 11775.000 11892.000 
6750.000 11789.000 11775.000 11892.000 
6750.000 11789.000 11775.000 11892.000 
6750.000 11789.000 11775.000 11892.000 
6750.000 11789.000 11775.000 11892.000 
6750.000 11789.000 11775.000 11892.000 
6750.000 11789.000 11775.000 11892.000 
6750.000 11789.000 11775.000 11892.000 
6750.000 11789.000 11775.000 11892.000 
6750.000 11789.000 11775.000 11892.000 
6750.000 11789.000 11775.000 11892.000 
6750.000 11789.000 11775.000 11892.000 
6750.000 11789.000 11775.000 11892.000 
6750.000 11789.000 11775.000 11892.000 
6750.000 11789.000 11775.000 11892.000 
6750.000 11789.000 11775.000 11892.000 
6750.000 11789.000 11775.000 11892.000 
6750.000 11789.000 11775.000 11892.000 
6750.000 11789.000 11775.000 11892.000 
6750.000 11789.000 11775.000 11892.000 
6750.000 11789.000 11775.000 11892.000 
6750.000 11789.000 11775.000 11892.000 
6750.000 11789.000 11775.000 11892.000 
6750.000 11789.000 11775.000 11892.000 
6750.000 11789.000 11775.000 11892.000 
6750.000 11789.000 11775.000 11892.000 
6750.000 11789.000 11775.000 11892.000 
6750.000 11789.000 11775.000 11892.000 
6750.000 11789.000 11775.000 11892.000 
6750.000 11789.000 11775.000 11892.000 
6750.000 11789.000 11775.000 11892.000 
6750.000 11789.000 11775.000 11892.000 
6750.000 11789.000 11775.000 11892.000 
6750.000 11789.000 11775.000 11892.000 
6750.000 11789.000 11775.000 11892.000 
6750.000 11789.000 11775.000 11892.000 
6750.000 11789.000 11775.000 11892.000 
6750.000 11789.000 11775.000 11892.000 
6750.000 11789.000 11775.000 11892.000 
6750.000 11789.000 11775.000 11892.000 
6750.000 11789.000 11775.000 11892.000 
6750.000 11789.000 11775.000 11892.000 
6750.000 11789.000 11775.000 11892.000 
6750.000 11789.000 11775.000 11892.000 
6750.000 11789.000 11775.000 11892.000 
6750.000 11789.000 11775.000 11892.000 
6750.000 11789.000 11775.000 11892.000 
6750.000 11789.000 11775.000 11892.000 
6750.000 11789.000 11775.000 11892.000 
6750.000 11789.000 11775.000 11892.000 
6750.000 11789.000 11775.000 11892.000 
6750.000 11789.000 11775.000 11892.000 
6750.000 11789.000 11775.000 11892.000 
6750.000 11789.000 11775.000 11892.000 
6750.000 11789.000 11775.000 11892.000 
6750.000 11789.000 11775.000 11892.000 
6750.000 11789.000 11775.000 11892.000 
6750.000 11789.000 11775.000 11892.000 
6750.000 11789.000 11775.000 11892.000 
6750.000 11789.000 11775.000 11892.000 
6750.000 11789.000 11775.000 11892.000 
6750.000 11789.000 11775.000 11892.000 
6750.000 11789.000 11775.000 11892.000 
6750.000 11789.000 11775.000 11892.000 
6750.000 11789.000 11775.000 11892.000 
6750.000 11789.000 11775.000 11892.000 
6750.000 11789.000 11775.000 11892.000 
6750.000 11789.000 11775.000 11892.000 
6750.000 11789.000 11775.000 11892.000 
6750.000 11789.000 11775.000 11892.000 
6750.000 11789.000 11775.000 11892.000 
6750.000 11789.000 11775.000 11892.000 
6750.000 11789.000 11775.000 11892.000 
6750.000 11789.000 11775.000 11892.000 
6750.000 11789.000 11775.000 11892.000 
6750.000 11789.000 11775.000 11892.000 
6750.000 11789.000 11775.000 11892.000 
6750.000 11789.000 11775.000 11892.000 
6750.000 11789.000 11775.000 11892.000 
6750.000 11789.000 11775.000 11892.000 
6750.000 11789.000 11775.000 11892.000 
6750.000 11789.000 11775.000 11892.000 
6750.000 11789.000 11775.000 11892.000 
6750.000 11789.000 11775.000 11892.000 
6750.000 11789.000 11775.000 11892.000 
6750.000 11789.000 11775.000 11892.000 
6750.000 11789.000 11775.000 11892.000 
6750.000 11789.000 11775.000 11892.000 
6750.000 11789.000 11775.000 11892.000 
6750.000 11789.000 11775.000 11892.000 
6750.000 11789.000 11775.000 11892.000 
6750.000 11789.000 11775.000 11892.000 
6750.000 11789.000 11775.000 11892.000 
6750.000 11789.000 11775.000 11892.000 
6750.000 11789.000 11775.000 11892.000 
6750.000 11789.000 11775.000 11892.000 
6750.000 11789.000 11775.000 11892.000 
6750.000 11789.000 11775.000 11892.000 
6750.000 11789.000 11775.000 11892.000 
6750.000 11789.000 11775.000 11892.000 
6750.000 11789.000 11775.000 11892.000 
6750.000 11789.000 11775.000 11892.000 
6750.000 11789.000 11775.000 11892.000 
6750.000 11789.000 11775.000 11892.000 
6750.000 11789.000 11775.000 11892.000 
6750.000 11789.000 11775.000 11892.000 
6750.000 11789.000 11775.000 11892.000 
6750.000 11789.000 11775.000 11892.000 
6750.000 11789.000 11775.000 11892.000 
6750.000 11789.000 11775.000 11892.000 
6750.000 11789.000 11775.000 11892.000 
6750.000 11789.000 11775.000 11892.000 
6750.000 11789.000 11775.000 11892.000 
6750.000 11789.000 11775.000 11892.000 
6750.000 11789.000 11775.000 11892.000 
6750.000 11789.000 11775.000 11892.000 
6750.000 11789.000 11775.000 11892.000 
6750.000 11789.000 11775.000 11892.000 
6750.000 11789.000 11775.000 11892.000 
6750.000 11789.000 11775.000 11892.000 
6750.000 11789.000 11775.000 11892.000 
6750.000 11789.000 11775.000 11892.000 
6750.000 11789.000 11775.000 11892.000 
6750.000 11789.000 11775.000 11892.000 
6750.000 11789.000 11775.000 11892.000 
6750.000 11789.000 11775.000 11892.000 
6750.000 11789.000 11775.000 11892.000 
6750.000 11789.000 11775.000 11892.000 
6750.000 11789.000 11775.000 11892.000 
6750.000 11789.000 11775.000 11892.000 
6750.000 11789.000 11775.000 11892.000 
6750.000 11789.000 11775.000 11892.000 
6750.000 11789.000 11775.000 11892.000 
6750.000 11789.000 11775.000 11892.000 
6750.000 11789.000 11775.000 11892.000 
6750.000 11789.000 11775.000 11892.000 
6750.000 11789.000 11775.000 11892.000 
6750.000 11789.000 11775.000 11892.000 
6750.000 11789.000 11775.000 11892.000 
6750.000 11789.000 11775.000 11892.000 
6750.000 11789.000 11775.000 11892.000 
6750.000 11789.000 11775.000 11892.000 
6750.000 11789.000 11775.000 11892.000 
6750.000 11789.000 11775.000 11892.000 
6750.000 11789.000 11775.000 11892.000 
6750.000 11789.000 11775.000 11892.000 
6750.000 11789.000 11775.000 11892.000 
6750.000 11789.000 11775.000 11892.000 
6750.000 11789.000 11775.000 11892.000 
6750.000 11789.000 11775.000 11892.000 
6750.000 11789.000 11775.000 11892.000 
6750.000 11789.000 11775.000 11892.000 
6750.000 11789.000 11775.000 11892.000 
6750.000 11789.000 11775.000 11892.000 
6750.000 11789.000 11775.000 11892.000 
6750.000 11789.000 11775.000 11892.000 
6750.000 11789.000 11775.000 11892.000 
6750.000 11789.000 11775.000 11892.000 
6750.000 11789.000 11775.000 11892.000 
6750.000 11789.000 11775.000 11892.000 
6750.000 11789.000 11775.000 11892.000 
6750.000 11789.000 11775.000 11892.000 
6750.000 11789.000 11775.000 11892.000 
6750.000 11789.000 11775.000 11892.000 
6750.000 11789.000 11775.000 11892.000 
6750.000 11789.000 11775.000 11892.000 
6750.000 11789.000 11775.000 11892.000 
6750.000 11789.000 11775.000 11892.000 
6750.000 11789.000 11775.000 11892.000 
6750.000 11789.000 11775.000 11892.000 
6750.000 11789.000 11775.000 11892.000 
6750.000 11789.000 11775.000 11892.000 
6750.000 11789.000 11775.000 11892.000 
6750.000 11789.000 11775.000 11892.000 
6750.000 11789.000 11775.000 11892.000 
6750.000 11789.000 11775.000 11892.000 
6750.000 11789.000 11775.000 11892.000 
6750.000 11789.000 11775.000 11892.000 
6750.000 11789.000 11775.000 11892.000 
6750.000 11789.000 11775.000 11892.000 
6750.000 11789.000 11775.000 11892.000 
6750.000 11789.000 11775.000 11892.000 
6750.000 11789.000 11775.000 11892.000 
6750.000 11789.000 11775.000 11892.000 
6750.000 11789.000 11775.000 11892.000 
6750.000 11789.000 11775.000 11892.000 
6750.000 11789.000 11775.000 11892.000 
6750.000 11789.000 11775.000 11892.000 
6750.000 11789.000 11775.000 11892.000 
6750.000 11789.000 11775.000 11892.000 
6750.000 11789.000 11775.000 11892.000 
6750.000 11789.000 11775.000 11892.000 
6750.000 11789.000 11775.000 11892.000 
6750.000 11789.000 11775.000 11892.000 
6750.000 11789.000 11775.000 11892.000 
6750.000 11789.000 11775.000 11892.000 
6750.000 11789.000 11775.000 11892.000 
6750.000 11789.000 11775.000 11892.000 
6750.000 11789.000 11775.000 11892.000 
6750.000 11789.000 11775.000 11892.000 
6750.000 11789.000 11775.000 11892.000 
6750.000 11789.000 11775.000 11892.000 
6750.000 11789.000 11775.000 11892.000 
6750.000 11789.000 11775.000 11892.000 
6750.000 11789.000 11775.000 11892.000 
6750.000 11789.000 11775.000 11892.000 
6750.000 11789.000 11775.000 11892.000 
6750.000 11789.000 11775.000 11892.000 
6750.000 11789.000 11775.000 11892.000 
6750.000 11789.000 11775.000 11892.000 
6750.000 11789.000 11775.000 11892.000 
6750.000 11789.000 11775.000 11892.000 
6750.000 11789.000 11775.000 11892.000 
6750.000 11789.000 11775.000 11892.000 
6750.000 11789.000 11775.000 11892.000 
6750.000 11789.000 11775.000 11892.000 
6750.000 11789.000 11775.000 11892.000 
6750.000 11789.000 11775.000 11892.000 
6750.000 11789.000 11775.000 11892.000 
6750.000 11789.000 11775.000 11892.000 
6750.000 11789.000 11775.000 11892.000 
6750.000 11789.000 11775.000 11892.000 
6750.000 11789.000 11775.000 11892.000 
6750.000 11789.000 11775.000 11892.000 
6750.000 11789.000 11775.000 11892.000 
6750.000 11789.000 11775.000 11892.000 
6750.000 11789.000 11775.000 11892.000 
6750.000 11789.000 11775.000 11892.000 
6750.000 11789.000 11775.000 11892.000 
6750.000 11789.000 11775.000 11892.000 
6750.000 11789.000 11775.000 11892.000 
6750.000 11789.000 11775.000 11892.000 
6750.000 11789.000 11775.000 11892.000 
6750.000 11789.000 11775.000 11892.000 
6750.000 11789.000 11775.000 11892.000 
6750.000 11789.000 11775.000 11892.000 
6750.000 11789.000 11775.000 11892.000 
6750.000 11789.000 11775.000 11892.000 
6750.000 11789.000 11775.000 11892.000 
6750.000 11789.000 11775.000 11892.000 
6750.000 11789.000 11775.000 11892.000 
6750.000 11789.000 11775.000 11892.000 
6750.000 11789.000 11775.000 11892.000 
6750.000 11789.000 11775.000 11892.000 
6750.000 11789.000 11775.000 11892.000 
6750.000 11789.000 11775.000 11892.000 
6750.000 11789.000 11775.000 11892.000 
6750.000 11789.000 11775.000 11892.000 
6750.000 11789.000 11775.000 11892.000 
6750.000 11789.000 11775.000 11892.000 
6750.000 11789.000 11775.000 11892.000 
6750.000 11789.000 11775.000 11892.000 
6750.000 11789.000 11775.000 11892.000 
6750.000 11789.000 11775.000 11892.000 
6750.000 11789.000 11775.000 11892.000 
6750.000 11789.000 11775.000 11892.000 
6750.000 11789.000 11775.000 11892.000 
6750.000 11789.000 11775.000 11892.000 
6750.000 11789.000 11775.000 11892.000 
6750.000 11789.000 11775.000 11892.000 
6750.000 11789.000 11775.000 11892.000 
6750.000 11789.000 11775.000 11892.000 
6750.000 11789.000 11775.000 11892.000 
6750.000 11789.000 11775.000 11892.000 
6750.000 11789.000 11775.000 11892.000 
6750.000 11789.000 11775.000 11892.000 
6750.000 11789.000 11775.000 11892.000 
6750.000 11789.000 11775.000 11892.000 
6750.000 11789.000 11775.000 11892.000 
6750.000 11789.000 11775.000 11892.000 
6750.000 11789.000 11775.000 11892.000 
6750.000 11789.000 11775.000 11892.000 
6750.000 11789.000 11775.000 11892.000 
6750.000 11789.000 11775.000 11892.000 
6750.000 11789.000 11775.000 11892.000 
6750.000 11789.000 11775.000 11892.000 
6750.000 11789.000 11775.000 11892.000 
6750.000 11789.000 11775.000 11892.000 
6750.000 11789.000 11775.000 11892.000 
6750.000 11789.000 11775.000 11892.000 
6750.000 11789.000 11775.000 11892.000 
6750.000 11789.000 11775.000 11892.000 
6750.000 11789.000 11775.000 11892.000 
6750.000 11789.000 11775.000 11892.000 
6750.000 11789.000 11775.000 11892.000 
6750.000 11789.000 11775.000 11892.000 
6750.000 11789.000 11775.000 11892.000 
6750.000 11789.000 11775.000 11892.000 
6750.000 11789.000 11775.000 11892.000 
6750.000 11789.000 11775.000 11892.000 
6750.000 11789.000 11775.000 11892.000 
6750.000 11789.000 11775.000 11892.000 
6750.000 11789.000 11775.000 11892.000 
6750.000 11789.000 11775.000 11892.000 
6750.000 11789.000 11775.000 11892.000 
6750.000 11789.000 11775.000 11892.000 
6750.000 11789.000 11775.000 11892.000 
6750.000 11789.000 11775.000 11892.000 
6750.000 11789.000 11775.000 11892.000 
6750.000 11789.000 11775.000 11892.000 
6750.000 11789.000 11775.000 11892.000 
6750.000 11789.000 11775.000 11892.000 
6750.000 11789.000 11775.000 11892.000 
6750.000 11789.000 11775.000 11892.000 
6750.000 11789.000 11775.000 11892.000 
6750.000 11789.000 11775.000 11892.000 
6750.000 11789.000 11775.000 11892.000 
6750.000 11789.000 11775.000 11892.000 
6750.000 11789.000 11775.000 11892.000 
6750.000 11789.000 11775.000 11892.000 
6750.000 11789.000 11775.000 11892.000 
6750.000 11789.000 11775.000 11892.000 
6750.000 11789.000 11775.000 11892.000 
6750.000 11789.000 11775.000 11892.000 
6750.000 11789.000 11775.000 11892.000 
6750.000 11789.000 11775.000 11892.000 
6750.000 11789.000 11775.000 11892.000 
6750.000 11789.000 11775.000 11892.000 
6750.000 11789.000 11775.000 11892.000 
6750.000 11789.000 11775.000 11892.000 
6750.000 11789.000 11775.000 11892.000 
6750.000 11789.000 11775.000 11892.000 
6750.000 11789.000 11775.000 11892.000 
6750.000 11789.000 11775.000 11892.000 
6750.000 11789.000 11775.000 11892.000 
6750.000 11789.000 11775.000 11892.000 
6750.000 11789.000 11775.000 11892.000 
6750.000 11789.000 11775.000 11892.000 
6750.000 11789.000 11775.000 11892.000 
6750.000 11789.000 11775.000 11892.000 
6750.000 11789.000 11775.000 11892.000 
6750.000 11789.000 11775.000 11892.000 
6750.000 11789.000 11775.000 11892.000 
6750.000 11789.000 11775.000 11892.000 
6750.000 11789.000 11775.000 11892.000 
6750.000 11789.000 11775.000 11892.000 
6750.000 11789.000 11775.000 11892.000 
6750.000 11789.000 11775.000 11892.000 
6750.000 11789.000 11775.000 11892.000 
6750.000 11789.000 11775.000 11892.000 
6750.000 11789.000 11775.000 11892.000 
6750.000 11789.000 11775.000 11892.000 
6750.000 11789.000 11775.000 11892.000 
6750.000 11789.000 11775.000 11892.000 
6750.000 11789.000 11775.000 11892.000 
6750.000 11789.000 11775.000 11892.000 
6750.000 11789.000 11775.000 11892.000 
6750.000 11789.000 11775.000 11892.000 
6750.000 11789.000 11775.000 11892.000 
6750.000 11789.000 11775.000 11892.000 
6750.000 11789.000 11775.000 11892.000 
6750.000 11789.000 11775.000 11892.000 
6750.000 11789.000 11775.000 11892.000 
6750.000 11789.000 11775.000 11892.000 
6750.000 11789.000 11775.000 11892.000 
6750.000 11789.000 11775.000 11892.000 
6750.000 11789.000 11775.000 11892.000 
6750.000 11789.000 11775.000 11892.000 
6750.000 11789.000 11775.000 11892.000 
6750.000 11789.000 11775.000 11892.000 
6750.000 11789.000 11775.000 11892.000 
6750.000 11789.000 11775.000 11892.000 
6750.000 11789.000 11775.000 11892.000 
6750.000 11789.000 11775.000 11892.000 
6750.000 11789.000 11775.000 11892.000 
6750.000 11789.000 11775.000 11892.000 
6750.000 11789.000 11775.000 11892.000 
6750.000 11789.000 11775.000 11892.000 
6750.000 11789.000 11775.000 11892.000 
6750.000 11789.000 11775.000 11892.000 
6750.000 11789.000 11775.000 11892.000 
6750.000 11789.000 11775.000 11892.000 
6750.000 11789.000 11775.000 11892.000 
6750.000 11789.000 11775.000 11892.000 
6750.000 11789.000 11775.000 11892.000 
6750.000 11789.000 11775.000 11892.000 
6750.000 11789.000 11775.000 11892.000 
6750.000 11789.000 11775.000 11892.000 
6750.000 11789.000 11775.000 11892.000 
6750.000 11789.000 11775.000 11892.000 
6750.000 11789.000 11775.000 11892.000 
6750.000 11789.000 11775.000 11892.000 
6750.000 11789.000 11775.000 11892.000 
6750.000 11789.000 11775.000 11892.000 
6750.000 11789.000 11775.000 11892.000 
6750.000 11789.000 11775.000 11892.000 
6750.000 11789.000 11775.000 11892.000 
6750.000 11789.000 11775.000 11892.000 
6750.000 11789.000 11775.000 11892.000 
6750.000 11789.000 11775.000 11892.000 
6750.000 11789.000 11775.000 11892.000 
6750.000 11789.000 11775.000 11892.000 
6750.000 11789.000 11775.000 11892.000 
6750.000 11789.000 11775.000 11892.000 
6750.000 11789.000 11775.000 11892.000 
6750.000 11789.000 11775.000 11892.000 
6750.000 11789.000 11775.000 11892.000 
6750.000 11789.000 11775.000 11892.000 
6750.000 11789.000 11775.000 11892.000 
6750.000 11789.000 11775.000 11892.000 
6750.000 11789.000 11775.000 11892.000 
6750.000 11789.000 11775.000 11892.000 
6750.000 11789.000 11775.000 11892.000 
6750.000 11789.000 11775.000 11892.000 
6750.000 11789.000 11775.000 11892.000 
6750.000 11789.000 11775.000 11892.000 
6750.000 11789.000 11775.000 11892.000 
6750.000 11789.000 11775.000 11892.000 
6750.000 11789.000 11775.000 11892.000 
6750.000 11789.000 11775.000 11892.000 
6750.000 11789.000 11775.000 11892.000 
6750.000 11789.000 11775.000 11892.000 
6750.000 11789.000 11775.000 11892.000 
6750.000 11789.000 11775.000 11892.000 
6750.000 11789.000 11775.000 11892.000 
6750.000 11789.000 11775.000 11892.000 
6750.000 11789.000 11775.000 11892.000 
6750.000 11789.000 11775.000 11892.000 
6750.000 11789.000 11775.000 11892.000 
6750.000 11789.000 11775.000 11892.000 
6750.000 11789.000 11775.000 11892.000 
6750.000 11789.000 11775.000 11892.000 
6750.000 11789.000 11775.000 11892.000 
6750.000 11789.000 11775.000 11892.000 
6750.000 11789.000 11775.000 11892.000 
6750.000 11789.000 11775.000 11892.000 
6750.000 11789.000 11775.000 11892.000 
6750.000 11789.000 11775.000 11892.000 
6750.000 11789.000 11775.000 11892.000 
6750.000 11789.000 11775.000 11892.000 
6750.000 11789.000 11775.000 11892.000 
6750.000 11789.000 11775.000 11892.000 
6750.000 11789.000 11775.000 11892.000 
6750.000 11789.000 11775.000 11892.000 
6750.000 11789.000 11775.000 11892.000 
6750.000 11789.000 11775.000 11892.000 
6750.000 11789.000 11775.000 11892.000 
6750.000 11789.000 11775.000 11892.000 
6750.000 11789.000 11775.000 11892.000 
6750.000 11789.000 11775.000 11892.000 
6750.000 11789.000 11775.000 11892.000 
6750.000 11789.000 11775.000 11892.000 
6750.000 11789.000 11775.000 11892.000 
6750.000 11789.000 11775.000 11892.000 
6750.000 11789.000 11775.000 11892.000 
6750.000 11789.000 11775.000 11892.000 
6750.000 11789.000 11775.000 11892.000 
6750.000 11789.000 11775.000 11892.000 
6750.000 11789.000 11775.000 11892.000 
6750.000 11789.000 11775.000 11892.000 
6750.000 11789.000 11775.000 11892.000 
6750.000 11789.000 11775.000 11892.000 
6750.000 11789.000 11775.000 11892.000 
6750.000 11789.000 11775.000 11892.000 
6750.000 11789.000 11775.000 11892.000 
6750.000 11789.000 11775.000 11892.000 
6750.000 11789.000 11775.000 11892.000 
6750.000 11789.000 11775.000 11892.000 
6750.000 11789.000 11775.000 11892.000 
6750.000 11789.000 11775.000 11892.000 
6750.000 11789.000 11775.000 11892.000 
6750.000 11789.000 11775.000 11892.000 
6750.000 11789.000 11775.000 11892.000 
6750.000 11789.000 11775.000 11892.000 
6750.000 11789.000 11775.000 11892.000 
6750.000 11789.000 11775.000 11892.000 
6750.000 11789.000 11775.000 11892.000 
6750.000 11789.000 11775.000 11892.000 
6750.000 11789.000 11775.000 11892.000 
6750.000 11789.000 11775.000 11892.000 
6750.000 11789.000 11775.000 11892.000 
6750.000 11789.000 11775.000 11892.000 
6750.000 11789.000 11775.000 11892.000 
6750.000 11789.000 11775.000 11892.000 
6750.000 11789.000 11775.000 11892.000 
6750.000 11789.000 11775.000 11892.000 
6750.000 11789.000 11775.000 11892.000 
6750.000 11789.000 11775.000 11892.000 
6750.000 11789.000 11775.000 11892.000 
6750.000 11789.000 11775.000 11892.000 
6750.000 11789.000 11775.000 11892.000 
6750.000 11789.000 11775.000 11892.000 
6750.000 11789.000 11775.000 11892.000 
6750.000 11789.000 11775.000 11892.000 
6750.000 11789.000 11775.000 11892.000 
6750.000 11789.000 11775.000 11892.000 
6750.000 11789.000 11775.000 11892.000 
6750.000 11789.000 11775.000 11892.000 
6750.000 11789.000 11775.000 11892.000 
6750.000 11789.000 11775.000 11892.000 
6750.000 11789.000 11775.000 11892.000 
6750.000 11789.000 11775.000 11892.000 
6750.000 11789.000 11775.000 11892.000 
6750.000 11789.000 11775.000 11892.000 
6750.000 11789.000 11775.000 11892.000 
6750.000 11789.000 11775.000 11892.000 
6750.000 11789.000 11775.000 11892.000 
6750.000 11789.000 11775.000 11892.000 
6750.000 11789.000 11775.000 11892.000 
6750.000 11789.000 11775.000 11892.000 
6750.000 11789.000 11775.000 11892.000 
6750.000 11789.000 11775.000 11892.000 
6750.000 11789.000 11775.000 11892.000 
6750.000 11789.000 11775.000 11892.000 
6750.000 11789.000 11775.000 11892.000 
6750.000 11789.000 11775.000 11892.000 
6750.000 11789.000 11775.000 11892.000 
6750.000 11789.000 11775.000 11892.000 
6750.000 11789.000 11775.000 11892.000 
6750.000 11789.000 11775.000 11892.000 
6750.000 11789.000 11775.000 11892.000 
6750.000 11789.000 11775.000 11892.000 
6750.000 11789.000 11775.000 11892.000 
6750.000 11789.000 11775.000 11892.000 
6750.000 11789.000 11775.000 11892.000 
6750.000 11789.000 11775.000 11892.000 
6750.000 11789.000 11775.000 11892.000 
6750.000 11789.000 11775.000 11892.000 
6750.000 11789.000 11775.000 11892.000 
6750.000 11789.000 11775.000 11892.000 
6750.000 11789.000 11775.000 11892.000 
6750.000 11789.000 11775.000 11892.000 
6750.000 11789.000 11775.000 11892.000 
6750.000 11789.000 11775.000 11892.000 
6750.000 11789.000 11775.000 11892.000 
6750.000 11789.000 11775.000 11892.000 
6750.000 11789.000 11775.000 11892.000 
6750.000 11789.000 11775.000 11892.000 
6750.000 11789.000 11775.000 11892.000 
6750.000 11789.000 11775.000 11892.000 
6750.000 11789.000 11775.000 11892.000 
6750.000 11789.000 11775.000 11892.000 
6750.000 11789.000 11775.000 11892.000 
6750.000 11789.000 11775.000 11892.000 
6750.000 11789.000 11775.000 11892.000 
6750.000 11789.000 11775.000 11892.000 
6750.000 11789.000 11775.000 11892.000 
6750.000 11789.000 11775.000 11892.000 
6750.000 11789.000 11775.000 11892.000 
6750.000 11789.000 11775.000 11892.000 
6750.000 11789.000 11775.000 11892.000 
6750.000 11789.000 11775.000 11892.000 
6750.000 11789.000 11775.000 11892.000 
6750.000 11789.000 11775.000 11892.000 
6750.000 11789.000 11775.000 11892.000 
6750.000 11789.000 11775.000 11892.000 
6750.000 11789.000 11775.000 11892.000 
6750.000 11789.000 11775.000 11892.000 
6750.000 11789.000 11775.000 11892.000 
6750.000 11789.000 11775.000 11892.000 
6750.000 11789.000 11775.000 11892.000 
6750.000 11789.000 11775.000 11892.000 
6750.000 11789.000 11775.000 11892.000 
6750.000 11789.000 11775.000 11892.000 
6750.000 11789.000 11775.000 11892.000 
6750.000 11789.000 11775.000 11892.000 
6750.000 11789.000 11775.000 11892.000 
6750.000 11789.000 11775.000 11892.000 
6750.000 11789.000 11775.000 11892.000 
6750.000 11789.000 11775.000 11892.000 
6750.000 11789.000 11775.000 11892.000 
6750.000 11789.000 11775.000 11892.000 
6750.000 11789.000 11775.000 11892.000 
6750.000 11789.000 11775.000 11892.000 
6750.000 11789.000 11775.000 11892.000 
6750.000 11789.000 11775.000 11892.000 
6750.000 11789.000 11775.000 11892.000 
6750.000 11789.000 11775.000 11892.000 
6750.000 11789.000 11775.000 11892.000 
6750.000 11789.000 11775.000 11892.000 
6750.000 11789.000 11775.000 11892.000 
6750.000 11789.000 11775.000 11892.000 
6750.000 11789.000 11775.000 11892.000 
6750.000 11789.000 11775.000 11892.000 
6750.000 11789.000 11775.000 11892.000 
6750.000 11789.000 11775.000 11892.000 
6750.000 11789.000 11775.000 11892.000 
6750.000 11789.000 11775.000 11892.000 
6750.000 11789.000 11775.000 11892.000 
6750.000 11789.000 11775.000 11892.000 
6750.000 11789.000 11775.000 11892.000 
6750.000 11789.000 11775.000 11892.000 
6750.000 11789.000 11775.000 11892.000 
6750.000 11789.000 11775.000 11892.000 
6750.000 11789.000 11775.000 11892.000 
6750.000 11789.000 11775.000 11892.000 
6750.000 11789.000 11775.000 11892.000 
6750.000 11789.000 11775.000 11892.000 
6750.000 11789.000 11775.000 11892.000 
6750.000 11789.000 11775.000 11892.000 
6750.000 11789.000 11775.000 11892.000 
6750.000 11789.000 11775.000 11892.000 
6750.000 11789.000 11775.000 11892.000 
6750.000 11789.000 11775.000 11892.000 
6750.000 11789.000 11775.000 11892.000 
6750.000 11789.000 11775.000 11892.000 
6750.000 11789.000 11775.000 11892.000 
6750.000 11789.000 11775.000 11892.000 
6750.000 11789.000 11775.000 11892.000 
6750.000 11789.000 11775.000 11892.000 
6750.000 11789.000 11775.000 11892.000 
6750.000 11789.000 11775.000 11892.000 
6750.000 11789.000 11775.000 11892.000 
6750.000 11789.000 11775.000 11892.000 
6750.000 11789.000 11775.000 11892.000 
6750.000 11789.000 11775.000 11892.000 
6750.000 11789.000 11775.000 11892.000 
6750.000 11789.000 11775.000 11892.000 
6750.000 11789.000 11775.000 11892.000 
6750.000 11789.000 11775.000 11892.000 
6750.000 11789.000 11775.000 11892.000 
6750.000 11789.000 11775.000 11892.000 
6750.000 11789.000 11775.000 11892.000 
6750.000 11789.000 11775.000 11892.000 
6750.000 11789.000 11775.000 11892.000 
6750.000 11789.000 11775.000 11892.000 
6750.000 11789.000 11775.000 11892.000 
6750.000 11789.000 11775.000 11892.000 
6750.000 11789.000 11775.000 11892.000 
6750.000 11789.000 11775.000 11892.000 
6750.000 11789.000 11775.000 11892.000 
6750.000 11789.000 11775.000 11892.000 
6750.000 11789.000 11775.000 11892.000 
6750.000 11789.000 11775.000 11892.000 
6750.000 11789.000 11775.000 11892.000 
6750.000 11789.000 11775.000 11892.000 
6750.000 11789.000 11775.000 11892.000 
6750.000 11789.000 11775.000 11892.000 
6750.000 11789.000 11775.000 11892.000 
6750.000 11789.000 11775.000 11892.000 
6750.000 11789.000 11775.000 11892.000 
6750.000 11789.000 11775.000 11892.000 
6750.000 11789.000 11775.000 11892.000 
6750.000 11789.000 11775.000 11892.000 
6750.000 11789.000 11775.000 11892.000 
6750.000 11789.000 11775.000 11892.000 
6750.000 11789.000 11775.000 11892.000 
6750.000 11789.000 11775.000 11892.000 
6750.000 11789.000 11775.000 11892.000 
6750.000 11789.000 11775.000 11892.000 
6750.000 11789.000 11775.000 11892.000 
6750.000 11789.000 11775.000 11892.000 
6750.000 11789.000 11775.000 11892.000 
6750.000 11789.000 11775.000 11892.000 
6750.000 11789.000 11775.000 11892.000 
6750.000 11789.000 11775.000 11892.000 
6750.000 11789.000 11775.000 11892.000 
6750.000 11789.000 11775.000 11892.000 
6750.000 11789.000 11775.000 11892.000 
6750.000 11789.000 11775.000 11892.000 
6750.000 11789.000 11775.000 11892.000 
6750.000 11789.000 11775.000 11892.000 
6750.000 11789.000 11775.000 11892.000 
6750.000 11789.000 11775.000 11892.000 
6750.000 11789.000 11775.000 11892.000 
6750.000 11789.000 11775.000 11892.000 
6750.000 11789.000 11775.000 11892.000 
6750.000 11789.000 11775.000 11892.000 
6750.000 11789.000 11775.000 11892.000 
6750.000 11789.000 11775.000 11892.000 
6750.000 11789.000 11775.000 11892.000 
6750.000 11789.000 11775.000 11892.000 
6750.000 11789.000 11775.000 11892.000 
6750.000 11789.000 11775.000 11892.000 
6750.000 11789.000 11775.000 11892.000 
6750.000 11789.000 11775.000 11892.000 
6750.000 11789.000 11775.000 11892.000 
6750.000 11789.000 11775.000 11892.000 
6750.000 11789.000 11775.000 11892.000 
6750.000 11789.000 11775.000 11892.000 
6750.000 11789.000 11775.000 11892.000 
6750.000 11789.000 11775.000 11892.000 
6750.000 11789.000 11775.000 11892.000 
6750.000 11789.000 11775.000 11892.000 
6750.000 11789.000 11775.000 11892.000 
6750.000 11789.000 11775.000 11892.000 
6750.000 11789.000 11775.000 11892.000 
6750.000 11789.000 11775.000 11892.000 
6750.000 11789.000 11775.000 11892.000 
6750.000 11789.000 11775.000 11892.000 
6750.000 11789.000 11775.000 11892.000 
6750.000 11789.000 11775.000 11892.000 
6750.000 11789.000 11775.000 11892.000 
6750.000 11789.000 11775.000 11892.000 
6750.000 11789.000 11775.000 11892.000 
6750.000 11789.000 11775.000 11892.000 
6750.000 11789.000 11775.000 11892.000 
6750.000 11789.000 11775.000 11892.000 
6750.000 11789.000 11775.000 11892.000 
6750.000 11789.000 11775.000 11892.000 
6750.000 11789.000 11775.000 11892.000 
6750.000 11789.000 11775.000 11892.000 
6750.000 11789.000 11775.000 11892.000 
6750.000 11789.000 11775.000 11892.000 
6750.000 11789.000 11775.000 11892.000 
6750.000 11789.000 11775.000 11892.000 
6750.000 11789.000 11775.000 11892.000 
6750.000 11789.000 11775.000 11892.000 
6750.000 11789.000 11775.000 11892.000 
6750.000 11789.000 11775.000 11892.000 
6750.000 11789.000 11775.000 11892.000 
6750.000 11789.000 11775.000 11892.000 
6750.000 11789.000 11775.000 11892.000 
6750.000 11789.000 11775.000 11892.000 
6750.000 11789.000 11775.000 11892.000 
6750.000 11789.000 11775.000 11892.000 
6750.000 11789.000 11775.000 11892.000 
6750.000 11789.000 11775.000 11892.000 
6750.000 11789.000 11775.000 11892.000 
6750.000 11789.000 11775.000 11892.000 
6750.000 11789.000 11775.000 11892.000 
6750.000 11789.000 11775.000 11892.000 
6750.000 11789.000 11775.000 11892.000 
6750.000 11789.000 11775.000 11892.000 
6750.000 11789.000 11775.000 11892.000 
6750.000 11789.000 11775.000 11892.000 
6750.000 11789.000 11775.000 11892.000 
6750.000 11789.000 11775.000 11892.000 
6750.000 11789.000 11775.000 11892.000 
6750.000 11789.000 11775.000 11892.000 
6750.000 11789.000 11775.000 11892.000 
6750.000 11789.000 11775.000 11892.000 
6750.000 11789.000 11775.000 11892.000 
6750.000 11789.000 11775.000 11892.000 
6750.000 11789.000 11775.000 11892.000 
6750.000 11789.000 11775.000 11892.000 
6750.000 11789.000 11775.000 11892.000 
6750.000 11789.000 11775.000 11892.000 
6750.000 11789.000 11775.000 11892.000 
6750.000 11789.000 11775.000 11892.000 
6750.000 11789.000 11775.000 11892.000 
6750.000 11789.000 11775.000 11892.000 
6750.000 11789.000 11775.000 11892.000 
6750.000 11789.000 11775.000 11892.000 
6750.000 11789.000 11775.000 11892.000 
6750.000 11789.000 11775.000 11892.000 
6750.000 11789.000 11775.000 11892.000 
6750.000 11789.000 11775.000 11892.000 
6750.000 11789.000 11775.000 11892.000 
6750.000 11789.000 11775.000 11892.000 
6750.000 11789.000 11775.000 11892.000 
6750.000 11789.000 11775.000 11892.000 
6750.000 11789.000 11775.000 11892.000 
6750.000 11789.000 11775.000 11892.000 
6750.000 11789.000 11775.000 11892.000 
6750.000 11789.000 11775.000 11892.000 
6750.000 11789.000 11775.000 11892.000 
6750.000 11789.000 11775.000 11892.000 
6750.000 11789.000 11775.000 11892.000 
6750.000 11789.000 11775.000 11892.000 
6750.000 11789.000 11775.000 11892.000 
6750.000 11789.000 11775.000 11892.000 
6750.000 11789.000 11775.000 11892.000 
6750.000 11789.000 11775.000 11892.000 
6750.000 11789.000 11775.000 11892.000 
6750.000 11789.000 11775.000 11892.000 
6750.000 11789.000 11775.000 11892.000 
6750.000 11789.000 11775.000 11892.000 
6750.000 11789.000 11775.000 11892.000 
6750.000 11789.000 11775.000 11892.000 
6750.000 11789.000 11775.000 11892.000 
6750.000 11789.000 11775.000 11892.000 
6750.000 11789.000 11775.000 11892.000 
6750.000 11789.000 11775.000 11892.000 
6750.000 11789.000 11775.000 11892.000 
6750.000 11789.000 11775.000 11892.000 
6750.000 11789.000 11775.000 11892.000 
6750.000 11789.000 11775.000 11892.000 
6750.000 11789.000 11775.000 11892.000 
6750.000 11789.000 11775.000 11892.000 
6750.000 11789.000 11775.000 11892.000 
6750.000 11789.000 11775.000 11892.000 
6750.000 11789.000 11775.000 11892.000 
6750.000 11789.000 11775.000 11892.000 
6750.000 11789.000 11775.000 11892.000 
6750.000 11789.000 11775.000 11892.000 
6750.000 11789.000 11775.000 11892.000 
6750.000 11789.000 11775.000 11892.000 
6750.000 11789.000 11775.000 11892.000 
6750.000 11789.000 11775.000 11892.000 
6750.000 11789.000 11775.000 11892.000 
6750.000 11789.000 11775.000 11892.000 
6750.000 11789.000 11775.000 11892.000 
6750.000 11789.000 11775.000 11892.000 
6750.000 11789.000 11775.000 11892.000 
6750.000 11789.000 11775.000 11892.000 
6750.000 11789.000 11775.000 11892.000 
6750.000 11789.000 11775.000 11892.000 
6750.000 11789.000 11775.000 11892.000 
6750.000 11789.000 11775.000 11892.000 
6750.000 11789.000 11775.000 11892.000 
6750.000 11789.000 11775.000 11892.000 
6750.000 11789.000 11775.000 11892.000 
6750.000 11789.000 11775.000 11892.000 
6750.000 11789.000 11775.000 11892.000 
6750.000 11789.000 11775.000 11892.000 
6750.000 11789.000 11775.000 11892.000 
6750.000 11789.000 11775.000 11892.000 
6750.000 11789.000 11775.000 11892.000 
6750.000 11789.000 11775.000 11892.000 
6750.000 11789.000 11775.000 11892.000 
6750.000 11789.000 11775.000 11892.000 
6750.000 11789.000 11775.000 11892.000 
6750.000 11789.000 11775.000 11892.000 
6750.000 11789.000 11775.000 11892.000 
6750.000 11789.000 11775.000 11892.000 
6750.000 11789.000 11775.000 11892.000 
6750.000 11789.000 11775.000 11892.000 
6750.000 11789.000 11775.000 11892.000 
6750.000 11789.000 11775.000 11892.000 
6750.000 11789.000 11775.000 11892.000 
6750.000 11789.000 11775.000 11892.000 
6750.000 11789.000 11775.000 11892.000 
6750.000 11789.000 11775.000 11892.000 
6750.000 11789.000 11775.000 11892.000 
6750.000 11789.000 11775.000 11892.000 
6750.000 11789.000 11775.000 11892.000 
6750.000 11789.000 11775.000 11892.000 
6750.000 11789.000 11775.000 11892.000 
6750.000 11789.000 11775.000 11892.000 
6750.000 11789.000 11775.000 11892.000 
6750.000 11789.000 11775.000 11892.000 
6750.000 11789.000 11775.000 11892.000 
6750.000 11789.000 11775.000 11892.000 
6750.000 11789.000 11775.000 11892.000 
6750.000 11789.000 11775.000 11892.000 
6750.000 11789.000 11775.000 11892.000 
6750.000 11789.000 11775.000 11892.000 
6750.000 11789.000 11775.000 11892.000 
6750.000 11789.000 11775.000 11892.000 
6750.000 11789.000 11775.000 11892.000 
6750.000 11789.000 11775.000 11892.000 
6750.000 11789.000 11775.000 11892.000 
6750.000 11789.000 11775.000 11892.000 
6750.000 11789.000 11775.000 11892.000 
6750.000 11789.000 11775.000 11892.000 
6750.000 11789.000 11775.000 11892.000 
6750.000 11789.000 11775.000 11892.000 
6750.000 11789.000 11775.000 11892.000 
6750.000 11789.000 11775.000 11892.000 
6750.000 11789.000 11775.000 11892.000 
6750.000 11789.000 11775.000 11892.000 
6750.000 11789.000 11775.000 11892.000 
6750.000 11789.000 11775.000 11892.000 
6750.000 11789.000 11775.000 11892.000 
6750.000 11789.000 11775.000 11892.000 
6750.000 11789.000 11775.000 11892.000 
6750.000 11789.000 11775.000 11892.000 
6750.000 11789.000 11775.000 11892.000 
6750.000 11789.000 11775.000 11892.000 
6750.000 11789.000 11775.000 11892.000 
6750.000 11789.000 11775.000 11892.000 
6750.000 11789.000 11775.000 11892.000 
6750.000 11789.000 11775.000 11892.000 
6750.000 11789.000 11775.000 11892.000 
6750.000 11789.000 11775.000 11892.000 
6750.000 11789.000 11775.000 11892.000 
6750.000 11789.000 11775.000 11892.000 
6750.000 11789.000 11775.000 11892.000 
6750.000 11789.000 11775.000 11892.000 
6750.000 11789.000 11775.000 11892.000 
6750.000 11789.000 11775.000 11892.000 
6750.000 11789.000 11775.000 11892.000 
6750.000 11789.000 11775.000 11892.000 
6750.000 11789.000 11775.000 11892.000 
6750.000 11789.000 11775.000 11892.000 
6750.000 11789.000 11775.000 11892.000 
6750.000 11789.000 11775.000 11892.000 
6750.000 11789.000 11775.000 11892.000 
6750.000 11789.000 11775.000 11892.000 
6750.000 11789.000 11775.000 11892.000 
6750.000 11789.000 11775.000 11892.000 
6750.000 11789.000 11775.000 11892.000 
6750.000 11789.000 11775.000 11892.000 
6750.000 11789.000 11775.000 11892.000 
6750.000 11789.000 11775.000 11892.000 
6750.000 11789.000 11775.000 11892.000 
6750.000 11789.000 11775.000 11892.000 
6750.000 11789.000 11775.000 11892.000 
6750.000 11789.000 11775.000 11892.000 
6750.000 11789.000 11775.000 11892.000 
6750.000 11789.000 11775.000 11892.000 
6750.000 11789.000 11775.000 11892.000 
6750.000 11789.000 11775.000 11892.000 
6750.000 11789.000 11775.000 11892.000 
6750.000 11789.000 11775.000 11892.000 
6750.000 11789.000 11775.000 11892.000 
6750.000 11789.000 11775.000 11892.000 
6750.000 11789.000 11775.000 11892.000 
6750.000 11789.000 11775.000 11892.000 
6750.000 11789.000 11775.000 11892.000 
6750.000 11789.000 11775.000 11892.000 
6750.000 11789.000 11775.000 11892.000 
6750.000 11789.000 11775.000 11892.000 
6750.000 11789.000 11775.000 11892.000 
6750.000 11789.000 11775.000 11892.000 
6750.000 11789.000 11775.000 11892.000 
6750.000 11789.000 11775.000 11892.000 
6750.000 11789.000 11775.000 11892.000 
6750.000 11789.000 11775.000 11892.000 
6750.000 11789.000 11775.000 11892.000 
6750.000 11789.000 11775.000 11892.000 
6750.000 11789.000 11775.000 11892.000 
6750.000 11789.000 11775.000 11892.000 
6750.000 11789.000 11775.000 11892.000 
6750.000 11789.000 11775.000 11892.000 
6750.000 11789.000 11775.000 11892.000 
6750.000 11789.000 11775.000 11892.000 
6750.000 11789.000 11775.000 11892.000 
6750.000 11789.000 11775.000 11892.000 
6750.000 11789.000 11775.000 11892.000 
6750.000 11789.000 11775.000 11892.000 
6750.000 11789.000 11775.000 11892.000 
6750.000 11789.000 11775.000 11892.000 
6750.000 11789.000 11775.000 11892.000 
6750.000 11789.000 11775.000 11892.000 
6750.000 11789.000 11775.000 11892.000 
6750.000 11789.000 11775.000 11892.000 
6750.000 11789.000 11775.000 11892.000 
6750.000 11789.000 11775.000 11892.000 
6750.000 11789.000 11775.000 11892.000 
6750.000 11789.000 11775.000 11892.000 
6750.000 11789.000 11775.000 11892.000 
6750.000 11789.000 11775.000 11892.000 
6750.000 11789.000 11775.000 11892.000 
6750.000 11789.000 11775.000 11892.000 
6750.000 11789.000 11775.000 11892.000 
6750.000 11789.000 11775.000 11892.000 
6750.000 11789.000 11775.000 11892.000 
6750.000 11789.000 11775.000 11892.000 
6750.000 11789.000 11775.000 11892.000 
6750.000 11789.000 11775.000 11892.000 
6750.000 11789.000 11775.000 11892.000 
6750.000 11789.000 11775.000 11892.000 
6750.000 11789.000 11775.000 11892.000 
6750.000 11789.000 11775.000 11892.000 
6750.000 11789.000 11775.000 11892.000 
6750.000 11789.000 11775.000 11892.000 
6750.000 11789.000 11775.000 11892.000 
6750.000 11789.000 11775.000 11892.000 
6750.000 11789.000 11775.000 11892.000 
6750.000 11789.000 11775.000 11892.000 
6750.000 11789.000 11775.000 11892.000 
6750.000 11789.000 11775.000 11892.000 
6750.000 11789.000 11775.000 11892.000 
6750.000 11789.000 11775.000 11892.000 
6750.000 11789.000 11775.000 11892.000 
6750.000 11789.000 11775.000 11892.000 
6750.000 11789.000 11775.000 11892.000 
6750.000 11789.000 11775.000 11892.000 
6750.000 11789.000 11775.000 11892.000 
6750.000 11789.000 11775.000 11892.000 
6750.000 11789.000 11775.000 11892.000 
6750.000 11789.000 11775.000 11892.000 
6750.000 11789.000 11775.000 11892.000 
6750.000 11789.000 11775.000 11892.000 
6750.000 11789.000 11775.000 11892.000 
6750.000 11789.000 11775.000 11892.000 
6750.000 11789.000 11775.000 11892.000 
6750.000 11789.000 11775.000 11892.000 
6750.000 11789.000 11775.000 11892.000 
6750.000 11789.000 11775.000 11892.000 
6750.000 11789.000 11775.000 11892.000 
6750.000 11789.000 11775.000 11892.000 
6750.000 11789.000 11775.000 11892.000 
6750.000 11789.000 11775.000 11892.000 
6750.000 11789.000 11775.000 11892.000 
6750.000 11789.000 11775.000 11892.000 
6750.000 11789.000 11775.000 11892.000 
6750.000 11789.000 11775.000 11892.000 
6750.000 11789.000 11775.000 11892.000 
6750.000 11789.000 11775.000 11892.000 
6750.000 11789.000 11775.000 11892.000 
6750.000 11789.000 11775.000 11892.000 
6750.000 11789.000 11775.000 11892.000 
6750.000 11789.000 11775.000 11892.000 
6750.000 11789.000 11775.000 11892.000 
6750.000 11789.000 11775.000 11892.000 
6750.000 11789.000 11775.000 11892.000 
6750.000 11789.000 11775.000 11892.000 
6750.000 11789.000 11775.000 11892.000 
6750.000 11789.000 11775.000 11892.000 
6750.000 11789.000 11775.000 11892.000 
6750.000 11789.000 11775.000 11892.000 
6750.000 11789.000 11775.000 11892.000 
6750.000 11789.000 11775.000 11892.000 
6750.000 11789.000 11775.000 11892.000 
6750.000 11789.000 11775.000 11892.000 
6750.000 11789.000 11775.000 11892.000 
6750.000 11789.000 11775.000 11892.000 
6750.000 11789.000 11775.000 11892.000 
6750.000 11789.000 11775.000 11892.000 
6750.000 11789.000 11775.000 11892.000 
6750.000 11789.000 11775.000 11892.000 
6750.000 11789.000 11775.000 11892.000 
6750.000 11789.000 11775.000 11892.000 
6750.000 11789.000 11775.000 11892.000 
6750.000 11789.000 11775.000 11892.000 
6750.000 11789.000 11775.000 11892.000 
6750.000 11789.000 11775.000 11892.000 
6750.000 11789.000 11775.000 11892.000 
6750.000 11789.000 11775.000 11892.000 
6750.000 11789.000 11775.000 11892.000 
6750.000 11789.000 11775.000 11892.000 
6750.000 11789.000 11775.000 11892.000 
6750.000 11789.000 11775.000 11892.000 
6750.000 11789.000 11775.000 11892.000 
6750.000 11789.000 11775.000 11892.000 
6750.000 11789.000 11775.000 11892.000 
6750.000 11789.000 11775.000 11892.000 
6750.000 11789.000 11775.000 11892.000 
6750.000 11789.000 11775.000 11892.000 
6750.000 11789.000 11775.000 11892.000 
6750.000 11789.000 11775.000 11892.000 
6750.000 11789.000 11775.000 11892.000 
6750.000 11789.000 11775.000 11892.000 
6750.000 11789.000 11775.000 11892.000 
6750.000 11789.000 11775.000 11892.000 
6750.000 11789.000 11775.000 11892.000 
6750.000 11789.000 11775.000 11892.000 
6750.000 11789.000 11775.000 11892.000 
6750.000 11789.000 11775.000 11892.000 
6750.000 11789.000 11775.000 11892.000 
6750.000 11789.000 11775.000 11892.000 
6750.000 11789.000 11775.000 11892.000 
6750.000 11789.000 11775.000 11892.000 
6750.000 11789.000 11775.000 11892.000 
6750.000 11789.000 11775.000 11892.000 
6750.000 11789.000 11775.000 11892.000 
6750.000 11789.000 11775.000 11892.000 
6750.000 11789.000 11775.000 11892.000 
6750.000 11789.000 11775.000 11892.000 
6750.000 11789.000 11775.000 11892.000 
6750.000 11789.000 11775.000 11892.000 
6750.000 11789.000 11775.000 11892.000 
6750.000 11789.000 11775.000 11892.000 
6750.000 11789.000 11775.000 11892.000 
6750.000 11789.000 11775.000 11892.000 
6750.000 11789.000 11775.000 11892.000 
6750.000 11789.000 11775.000 11892.000 
6750.000 11789.000 11775.000 11892.000 
6750.000 11789.000 11775.000 11892.000 
6750.000 11789.000 11775.000 11892.000 
6750.000 11789.000 11775.000 11892.000 
6750.000 11789.000 11775.000 11892.000 
6750.000 11789.000 11775.000 11892.000 
6750.000 11789.000 11775.000 11892.000 
6750.000 11789.000 11775.000 11892.000 
6750.000 11789.000 11775.000 11892.000 
6750.000 11789.000 11775.000 11892.000 
6750.000 11789.000 11775.000 11892.000 
6750.000 11789.000 11775.000 11892.000 
6750.000 11789.000 11775.000 11892.000 
6750.000 11789.000 11775.000 11892.000 
6750.000 11789.000 11775.000 11892.000 
6750.000 11789.000 11775.000 11892.000 
6750.000 11789.000 11775.000 11892.000 
6750.000 11789.000 11775.000 11892.000 
6750.000 11789.000 11775.000 11892.000 
6750.000 11789.000 11775.000 11892.000 
6750.000 11789.000 11775.000 11892.000 
6750.000 11789.000 11775.000 11892.000 
6750.000 11789.000 11775.000 11892.000 
6750.000 11789.000 11775.000 11892.000 
6750.000 11789.000 11775.000 11892.000 
6750.000 11789.000 11775.000 11892.000 
6750.000 11789.000 11775.000 11892.000 
6750.000 11789.000 11775.000 11892.000 
6750.000 11789.000 11775.000 11892.000 
6750.000 11789.000 11775.000 11892.000 
6750.000 11789.000 11775.000 11892.000 
6750.000 11789.000 11775.000 11892.000 
6750.000 11789.000 11775.000 11892.000 
6750.000 11789.000 11775.000 11892.000 
6750.000 11789.000 11775.000 11892.000 
6750.000 11789.000 11775.000 11892.000 
6750.000 11789.000 11775.000 11892.000 
6750.000 11789.000 11775.000 11892.000 
6750.000 11789.000 11775.000 11892.000 
6750.000 11789.000 11775.000 11892.000 
6750.000 11789.000 11775.000 11892.000 
6750.000 11789.000 11775.000 11892.000 
6750.000 11789.000 11775.000 11892.000 
6750.000 11789.000 11775.000 11892.000 
6750.000 11789.000 11775.000 11892.000 
6750.000 11789.000 11775.000 11892.000 
6750.000 11789.000 11775.000 11892.000 
6750.000 11789.000 11775.000 11892.000 
6750.000 11789.000 11775.000 11892.000 
6750.000 11789.000 11775.000 11892.000 
6750.000 11789.000 11775.000 11892.000 
6750.000 11789.000 11775.000 11892.000 
6750.000 11789.000 11775.000 11892.000 
6750.000 11789.000 11775.000 11892.000 
6750.000 11789.000 11775.000 11892.000 
6750.000 11789.000 11775.000 11892.000 
6750.000 11789.000 11775.000 11892.000 
6750.000 11789.000 11775.000 11892.000 
6750.000 11789.000 11775.000 11892.000 
6750.000 11789.000 11775.000 11892.000 
6750.000 11789.000 11775.000 11892.000 
6750.000 11789.000 11775.000 11892.000 
6750.000 11789.000 11775.000 11892.000 
6750.000 11789.000 11775.000 11892.000 
6750.000 11789.000 11775.000 11892.000 
6750.000 11789.000 11775.000 11892.000 
6750.000 11789.000 11775.000 11892.000 
6750.000 11789.000 11775.000 11892.000 
6750.000 11789.000 11775.000 11892.000 
6750.000 11789.000 11775.000 11892.000 
6750.000 11789.000 11775.000 11892.000 
6750.000 11789.000 11775.000 11892.000 
6750.000 11789.000 11775.000 11892.000 
6750.000 11789.000 11775.000 11892.000 
6750.000 11789.000 11775.000 11892.000 
6750.000 11789.000 11775.000 11892.000 
6750.000 11789.000 11775.000 11892.000 
6750.000 11789.000 11775.000 11892.000 
6750.000 11789.000 11775.000 11892.000 
6750.000 11789.000 11775.000 11892.000 
6750.000 11789.000 11775.000 11892.000 
6750.000 11789.000 11775.000 11892.000 
6750.000 11789.000 11775.000 11892.000 
6750.000 11789.000 11775.000 11892.000 
6750.000 11789.000 11775.000 11892.000 
6750.000 11789.000 11775.000 11892.000 
6750.000 11789.000 11775.000 11892.000 
6750.000 11789.000 11775.000 11892.000 
6750.000 11789.000 11775.000 11892.000 
6750.000 11789.000 11775.000 11892.000 
6750.000 11789.000 11775.000 11892.000 
6750.000 11789.000 11775.000 11892.000 
6750.000 11789.000 11775.000 11892.000 
6750.000 11789.000 11775.000 11892.000 
6750.000 11789.000 11775.000 11892.000 
6750.000 11789.000 11775.000 11892.000 
6750.000 11789.000 11775.000 11892.000 
6750.000 11789.000 11775.000 11892.000 
6750.000 11789.000 11775.000 11892.000 
6750.000 11789.000 11775.000 11892.000 
6750.000 11789.000 11775.000 11892.000 
6750.000 11789.000 11775.000 11892.000 
6750.000 11789.000 11775.000 11892.000 
6750.000 11789.000 11775.000 11892.000 
6750.000 11789.000 11775.000 11892.000 
6750.000 11789.000 11775.000 11892.000 
6750.000 11789.000 11775.000 11892.000 
6750.000 11789.000 11775.000 11892.000 
6750.000 11789.000 11775.000 11892.000 
6750.000 11789.000 11775.000 11892.000 
6750.000 11789.000 11775.000 11892.000 
6750.000 11789.000 11775.000 11892.000 
6750.000 11789.000 11775.000 11892.000 
6750.000 11789.000 11775.000 11892.000 
6750.000 11789.000 11775.000 11892.000 
6750.000 11789.000 11775.000 11892.000 
6750.000 11789.000 11775.000 11892.000 
6750.000 11789.000 11775.000 11892.000 
6750.000 11789.000 11775.000 11892.000 
6750.000 11789.000 11775.000 11892.000 
6750.000 11789.000 11775.000 11892.000 
6750.000 11789.000 11775.000 11892.000 
6750.000 11789.000 11775.000 11892.000 
6750.000 11789.000 11775.000 11892.000 
6750.000 11789.000 11775.000 11892.000 
6750.000 11789.000 11775.000 11892.000 
6750.000 11789.000 11775.000 11892.000 
6750.000 11789.000 11775.000 11892.000 
6750.000 11789.000 11775.000 11892.000 
6750.000 11789.000 11775.000 11892.000 
6750.000 11789.000 11775.000 11892.000 
6750.000 11789.000 11775.000 11892.000 
6750.000 11789.000 11775.000 11892.000 
6750.000 11789.000 11775.000 11892.000 
6750.000 11789.000 11775.000 11892.000 
6750.000 11789.000 11775.000 11892.000 
6750.000 11789.000 11775.000 11892.000 
6750.000 11789.000 11775.000 11892.000 
6750.000 11789.000 11775.000 11892.000 
6750.000 11789.000 11775.000 11892.000 
6750.000 11789.000 11775.000 11892.000 
6750.000 11789.000 11775.000 11892.000 
6750.000 11789.000 11775.000 11892.000 
6750.000 11789.000 11775.000 11892.000 
6750.000 11789.000 11775.000 11892.000 
6750.000 11789.000 11775.000 11892.000 
6750.000 11789.000 11775.000 11892.000 
6750.000 11789.000 11775.000 11892.000 
6750.000 11789.000 11775.000 11892.000 
6750.000 11789.000 11775.000 11892.000 
6750.000 11789.000 11775.000 11892.000 
6750.000 11789.000 11775.000 11892.000 
6750.000 11789.000 11775.000 11892.000 
6750.000 11789.000 11775.000 11892.000 
6750.000 11789.000 11775.000 11892.000 
6750.000 11789.000 11775.000 11892.000 
6750.000 11789.000 11775.000 11892.000 
6750.000 11789.000 11775.000 11892.000 
6750.000 11789.000 11775.000 11892.000 
6750.000 11789.000 11775.000 11892.000 
6750.000 11789.000 11775.000 11892.000 
6750.000 11789.000 11775.000 11892.000 
6750.000 11789.000 11775.000 11892.000 
6750.000 11789.000 11775.000 11892.000 
6750.000 11789.000 11775.000 11892.000 
6750.000 11789.000 11775.000 11892.000 
6750.000 11789.000 11775.000 11892.000 
6750.000 11789.000 11775.000 11892.000 
6750.000 11789.000 11775.000 11892.000 
6750.000 11789.000 11775.000 11892.000 
6750.000 11789.000 11775.000 11892.000 
6750.000 11789.000 11775.000 11892.000 
6750.000 11789.000 11775.000 11892.000 
6750.000 11789.000 11775.000 11892.000 
6750.000 11789.000 11775.000 11892.000 
6750.000 11789.000 11775.000 11892.000 
6750.000 11789.000 11775.000 11892.000 
6750.000 11789.000 11775.000 11892.000 
6750.000 11789.000 11775.000 11892.000 
6750.000 11789.000 11775.000 11892.000 
6750.000 11789.000 11775.000 11892.000 
6750.000 11789.000 11775.000 11892.000 
6750.000 11789.000 11775.000 11892.000 
6750.000 11789.000 11775.000 11892.000 
6750.000 11789.000 11775.000 11892.000 
6750.000 11789.000 11775.000 11892.000 
6750.000 11789.000 11775.000 11892.000 
6750.000 11789.000 11775.000 11892.000 
6750.000 11789.000 11775.000 11892.000 
6750.000 11789.000 11775.000 11892.000 
6750.000 11789.000 11775.000 11892.000 
6750.000 11789.000 11775.000 11892.000 
6750.000 11789.000 11775.000 11892.000 
6750.000 11789.000 11775.000 11892.000 
6750.000 11789.000 11775.000 11892.000 
6750.000 11789.000 11775.000 11892.000 
6750.000 11789.000 11775.000 11892.000 
6750.000 11789.000 11775.000 11892.000 
6750.000 11789.000 11775.000 11892.000 
6750.000 11789.000 11775.000 11892.000 
6750.000 11789.000 11775.000 11892.000 
6750.000 11789.000 11775.000 11892.000 
6750.000 11789.000 11775.000 11892.000 
6750.000 11789.000 11775.000 11892.000 
6750.000 11789.000 11775.000 11892.000 
6750.000 11789.000 11775.000 11892.000 
6750.000 11789.000 11775.000 11892.000 
6750.000 11789.000 11775.000 11892.000 
6750.000 11789.000 11775.000 11892.000 
6750.000 11789.000 11775.000 11892.000 
6750.000 11789.000 11775.000 11892.000 
6750.000 11789.000 11775.000 11892.000 
6750.000 11789.000 11775.000 11892.000 
6750.000 11789.000 11775.000 11892.000 
6750.000 11789.000 11775.000 11892.000 
6750.000 11789.000 11775.000 11892.000 
6750.000 11789.000 11775.000 11892.000 
6750.000 11789.000 11775.000 11892.000 
6750.000 11789.000 11775.000 11892.000 
6750.000 11789.000 11775.000 11892.000 
6750.000 11789.000 11775.000 11892.000 
6750.000 11789.000 11775.000 11892.000 
6750.000 11789.000 11775.000 11892.000 
6750.000 11789.000 11775.000 11892.000 
6750.000 11789.000 11775.000 11892.000 
6750.000 11789.000 11775.000 11892.000 
6750.000 11789.000 11775.000 11892.000 
6750.000 11789.000 11775.000 11892.000 
6750.000 11789.000 11775.000 11892.000 
6750.000 11789.000 11775.000 11892.000 
6750.000 11789.000 11775.000 11892.000 
6750.000 11789.000 11775.000 11892.000 
6750.000 11789.000 11775.000 11892.000 
6750.000 11789.000 11775.000 11892.000 
6750.000 11789.000 11775.000 11892.000 
6750.000 11789.000 11775.000 11892.000 
6750.000 11789.000 11775.000 11892.000 
6750.000 11789.000 11775.000 11892.000 
6750.000 11789.000 11775.000 11892.000 
6750.000 11789.000 11775.000 11892.000 
6750.000 11789.000 11775.000 11892.000 
6750.000 11789.000 11775.000 11892.000 
6750.000 11789.000 11775.000 11892.000 
6750.000 11789.000 11775.000 11892.000 
6750.000 11789.000 11775.000 11892.000 
6750.000 11789.000 11775.000 11892.000 
6750.000 11789.000 11775.000 11892.000 
6750.000 11789.000 11775.000 11892.000 
6750.000 11789.000 11775.000 11892.000 
6750.000 11789.000 11775.000 11892.000 
6750.000 11789.000 11775.000 11892.000 
6750.000 11789.000 11775.000 11892.000 
6750.000 11789.000 11775.000 11892.000 
6750.000 11789.000 11775.000 11892.000 
6750.000 11789.000 11775.000 11892.000 
6750.000 11789.000 11775.000 11892.000 
6750.000 11789.000 11775.000 11892.000 
6750.000 11789.000 11775.000 11892.000 
6750.000 11789.000 11775.000 11892.000 
6750.000 11789.000 11775.000 11892.000 
6750.000 11789.000 11775.000 11892.000 
6750.000 11789.000 11775.000 11892.000 
6750.000 11789.000 11775.000 11892.000 
6750.000 11789.000 11775.000 11892.000 
6750.000 11789.000 11775.000 11892.000 
6750.000 11789.000 11775.000 11892.000 
6750.000 11789.000 11775.000 11892.000 
6750.000 11789.000 11775.000 11892.000 
6750.000 11789.000 11775.000 11892.000 
6750.000 11789.000 11775.000 11892.000 
6750.000 11789.000 11775.000 11892.000 
6750.000 11789.000 11775.000 11892.000 
6750.000 11789.000 11775.000 11892.000 
6750.000 11789.000 11775.000 11892.000 
6750.000 11789.000 11775.000 11892.000 
6750.000 11789.000 11775.000 11892.000 
6750.000 11789.000 11775.000 11892.000 
6750.000 11789.000 11775.000 11892.000 
6750.000 11789.000 11775.000 11892.000 
6750.000 11789.000 11775.000 11892.000 
