0 0 0 0
38 38 38 38
80 80 80 75
120 121 120 97
157 158 158 105
197 200 200 116
236 239 239 127
276 277 277 137
316 310 318 148
354 354 352 158
399 389 387 168
442 433 415 179
482 470 456 186
520 504 504 192
555 551 540 199
588 595 583 205
617 638 630 211
644 682 672 217
672 724 713 224
704 766 755 232
737 808 797 240
772 850 839 247
807 891 881 253
842 933 923 260
878 975 964 267
913 1017 1006 273
949 1059 1048 280
986 1101 1090 285
1022 1142 1132 292
1058 1184 1174 299
1093 1226 1215 305
1129 1268 1257 311
1165 1310 1299 317
1201 1352 1341 323
1236 1393 1383 329
1272 1435 1425 335
1308 1477 1466 341
1344 1519 1508 348
1379 1561 1550 354
1415 1603 1592 360
1450 1644 1634 366
1486 1686 1676 372
1522 1728 1717 379
1557 1770 1759 385
1593 1812 1801 391
1629 1854 1843 397
1664 1895 1885 403
1700 1937 1927 409
1736 1979 1968 415
1772 2021 2010 422
1807 2063 2052 428
1805 2067 2056 396
1798 2066 2056 365
1795 2067 2058 349
1795 2072 2061 347
1791 2072 2061 343
1788 2075 2064 337
1786 2079 2068 333
1783 2087 2069 328
1782 2085 2077 324
1774 2092 2083 320
1768 2090 2097 315
1766 2095 2098 313
1766 2103 2092 313
1769 2097 2097 312
1773 2095 2096 311
1783 2091 2091 310
1796 2089 2087 310
1807 2090 2084 308
1816 2091 2079 305
1825 2090 2073 303
1832 2086 2072 301
1838 2088 2066 300
1845 2087 2061 299
1851 2077 2066 297
1856 2076 2064 296
1864 2071 2061 294
1867 2070 2058 295
1875 2068 2053 293
1880 2063 2053 292
1887 2022 2089 291
1893 1982 2092 290
1899 1944 2092 291
1905 1934 2092 293
1912 1935 2091 296
1918 1935 2091 299
1923 1935 2092 301
1929 1935 2092 303
1936 1934 2092 305
1942 1934 2092 307
1949 1935 2091 309
1954 1935 2091 309
1952 1935 2092 309
1953 1935 2092 309
1952 1934 2092 310
1953 1934 2092 309
1954 1935 2091 309
1954 1935 2091 308
1950 1935 2092 308
1946 1935 2092 306
1945 1934 2092 306
1944 1934 2092 305
1945 1935 2091 304
1944 1935 2091 304
1938 1935 2092 304
1917 1935 2092 303
1916 1934 2092 306
1920 1934 2092 309
1924 1935 2091 312
1929 1935 2091 316
1933 1935 2092 321
1926 1935 2092 327
1917 1934 2092 335
1906 1934 2092 344
1895 1935 2092 353
1886 1935 2092 362
1880 1936 2087 372
1879 1930 2084 382
1873 1918 2094 390
1874 1901 2096 404
1877 1890 2094 414
1873 1893 2084 425
1872 1884 2082 437
1874 1880 2071 450
1862 1884 2064 465
1832 1889 2077 477
1808 1896 2080 491
1807 1898 2066 504
1803 1898 2055 519
1806 1887 2047 535
1809 1913 2000 553
1811 1940 1985 571
1808 1967 1975 587
1805 1967 1966 601
1802 1964 1950 614
1800 1945 1943 633
1802 1937 1928 646
1796 1925 1923 660
1790 1920 1912 674
1792 1910 1893 693
1792 1897 1878 713
1799 1878 1866 732
1801 1868 1856 750
1808 1849 1846 772
1810 1845 1829 791
1811 1837 1815 812
1817 1823 1804 831
1817 1816 1795 848
1825 1798 1791 865
1834 1790 1776 884
1845 1773 1766 902
1853 1756 1757 922
1860 1743 1745 941
1868 1731 1730 960
1874 1713 1728 978
1897 1709 1714 994
1886 1693 1711 1023
1884 1683 1700 1037
1874 1679 1695 1048
1875 1670 1673 1068
1873 1663 1657 1082
1876 1655 1649 1095
1890 1646 1632 1107
1881 1640 1626 1128
1882 1631 1619 1143
1882 1627 1610 1156
1880 1629 1595 1171
1857 1630 1607 1181
1844 1623 1607 1201
1822 1631 1610 1212
1797 1627 1623 1228
1778 1609 1640 1248
1756 1620 1640 1259
1732 1624 1641 1278
1720 1626 1638 1291
1729 1615 1619 1312
1712 1612 1618 1333
1675 1614 1635 1351
1643 1615 1646 1371
1626 1627 1643 1379
1615 1629 1639 1392
1600 1629 1649 1397
1588 1634 1652 1401
1584 1629 1659 1403
1577 1628 1667 1403
1579 1638 1657 1401
1576 1640 1652 1407
1580 1635 1649 1411
1584 1622 1657 1412
1571 1631 1667 1406
1567 1632 1675 1401
1561 1634 1681 1399
1565 1632 1680 1398
1561 1643 1680 1391
1555 1633 1685 1402
1552 1641 1689 1393
1554 1634 1701 1386
1544 1631 1708 1392
1544 1633 1709 1389
1534 1633 1723 1385
1522 1641 1729 1383
1519 1647 1726 1383
1520 1648 1722 1385
1520 1647 1730 1378
1524 1658 1717 1376
1531 1648 1721 1375
1548 1657 1710 1360
1551 1659 1708 1357
1580 1654 1696 1345
1591 1660 1705 1319
1594 1666 1717 1298
1601 1668 1715 1291
1600 1665 1719 1291
1611 1671 1720 1273
1625 1670 1713 1267
1637 1664 1710 1264
1638 1664 1719 1254
1657 1656 1708 1254
1684 1656 1692 1244
1706 1656 1674 1239
1723 1668 1656 1229
1744 1677 1638 1216
1770 1660 1632 1214
1792 1648 1633 1202
1820 1635 1624 1197
1836 1624 1629 1186
1876 1617 1617 1166
1909 1602 1613 1151
1937 1595 1608 1136
1946 1589 1612 1128
1950 1589 1619 1118
1952 1585 1614 1124
1962 1588 1605 1121
1954 1590 1597 1134
1960 1589 1588 1139
1946 1592 1595 1142
1940 1584 1609 1143
1929 1592 1611 1143
1918 1600 1609 1149
1920 1589 1609 1157
1907 1592 1615 1162
1894 1601 1609 1171
1893 1593 1609 1181
1883 1583 1620 1189
1888 1583 1620 1185
1886 1571 1618 1200
1877 1581 1606 1212
1883 1576 1599 1217
1879 1572 1592 1233
1876 1568 1586 1245
1875 1576 1580 1245
1856 1584 1586 1249
1842 1581 1598 1255
1826 1588 1588 1273
1814 1588 1590 1284
1792 1600 1593 1290
1782 1597 1594 1303
1764 1595 1599 1317
1740 1595 1599 1342
1718 1584 1594 1379
1710 1577 1582 1407
1697 1579 1579 1420
1689 1579 1579 1429
1688 1564 1576 1447
1675 1563 1584 1454
1665 1556 1584 1470
1667 1546 1580 1483
1658 1542 1587 1488
1647 1543 1580 1505
1634 1545 1581 1515
1627 1543 1581 1524
1615 1541 1582 1537
1597 1548 1590 1540
1578 1559 1589 1549
1566 1558 1595 1556
1559 1563 1583 1570
1546 1561 1590 1578
1535 1563 1588 1589
1531 1552 1592 1600
1526 1549 1582 1618
1520 1550 1576 1629
1519 1554 1576 1626
1515 1548 1576 1636
1518 1548 1575 1634
1512 1542 1577 1644
1515 1528 1579 1653
1514 1526 1574 1661
1514 1523 1573 1665
1518 1516 1565 1676
1517 1514 1561 1683
1529 1505 1548 1693
1530 1499 1552 1694
1521 1514 1550 1690
1524 1514 1539 1698
1519 1516 1542 1698
1519 1511 1544 1701
1515 1516 1537 1707
1519 1524 1530 1702
1515 1536 1526 1698
1512 1545 1523 1695
1514 1536 1525 1700
1525 1523 1522 1705
1526 1535 1514 1700
1532 1530 1522 1691
1525 1527 1521 1702
1532 1535 1508 1700
1539 1538 1515 1683
1539 1539 1518 1679
1530 1550 1519 1676
1528 1557 1519 1671
1524 1557 1521 1673
1526 1556 1523 1670
1517 1563 1524 1671
1526 1560 1524 1665
1564 1549 1520 1642
1583 1562 1524 1606
1591 1569 1538 1577
1597 1577 1524 1577
1595 1585 1524 1571
1598 1585 1528 1564
1604 1586 1524 1561
1605 1589 1528 1553
1610 1585 1526 1554
1618 1578 1531 1548
1607 1591 1529 1548
1611 1596 1528 1540
1609 1597 1521 1548
1609 1592 1516 1558
1608 1604 1511 1552
1604 1607 1526 1538
1608 1614 1531 1522
1601 1627 1523 1524
1600 1628 1526 1521
1597 1626 1524 1528
1593 1624 1529 1529
1586 1634 1529 1526
1584 1630 1532 1529
1580 1631 1527 1537
1578 1641 1528 1528
1573 1642 1530 1530
1559 1654 1537 1525
1558 1655 1533 1529
1560 1643 1530 1542
1553 1652 1535 1535
1551 1644 1536 1544
1537 1647 1541 1550
1539 1636 1551 1549
1534 1626 1562 1553
1534 1629 1560 1552
1535 1622 1564 1554
1536 1617 1554 1568
1532 1627 1544 1572
1526 1616 1556 1577
1519 1610 1560 1586
1524 1606 1561 1584
1520 1584 1572 1599
1507 1584 1571 1613
1506 1586 1562 1621
1499 1580 1568 1628
1497 1574 1576 1628
1492 1570 1570 1643
1496 1551 1571 1657
1497 1544 1568 1666
1489 1546 1567 1673
1452 1559 1564 1700
1425 1562 1560 1728
1412 1555 1547 1761
1402 1550 1550 1773
1390 1549 1564 1772
1381 1545 1568 1781
1370 1530 1579 1796
1368 1526 1573 1808
1363 1521 1570 1821
1352 1521 1565 1837
1365 1506 1574 1830
1357 1503 1578 1837
1359 1500 1585 1831
1364 1497 1587 1827
1361 1491 1586 1837
1361 1489 1575 1850
1351 1486 1572 1866
1354 1473 1579 1869
1344 1478 1581 1872
1342 1489 1572 1872
1337 1485 1582 1871
1335 1482 1589 1869
1327 1483 1589 1876
1332 1456 1601 1886
1330 1450 1596 1899
1335 1445 1595 1900
1338 1444 1593 1900
1332 1455 1598 1890
1331 1463 1598 1883
1344 1458 1595 1878
1345 1463 1592 1875
1355 1465 1589 1866
1351 1472 1582 1870
1342 1476 1587 1870
1333 1470 1599 1873
1330 1474 1593 1878
1317 1481 1599 1878
1314 1474 1610 1877
1310 1476 1604 1885
1300 1480 1604 1891
1293 1488 1604 1890
1301 1493 1606 1875
1298 1497 1603 1877
1300 1492 1607 1876
1304 1495 1602 1874
1302 1499 1598 1876
1301 1502 1606 1866
1291 1515 1610 1859
1289 1521 1615 1850
1285 1524 1612 1854
1275 1530 1617 1853
1279 1516 1615 1865
1273 1516 1622 1864
1278 1517 1622 1858
1278 1518 1611 1868
1286 1520 1611 1858
1315 1540 1601 1819
1329 1548 1615 1783
1338 1555 1631 1751
1349 1549 1639 1738
1344 1561 1629 1741
1348 1566 1631 1730
1348 1564 1622 1741
1345 1569 1619 1742
1342 1577 1623 1733
1340 1587 1618 1730
1339 1583 1617 1736
1336 1584 1610 1745
1336 1584 1609 1746
1332 1578 1622 1743
1331 1590 1610 1744
1331 1593 1604 1747
1330 1606 1600 1739
1316 1641 1593 1725
1305 1644 1602 1724
1287 1656 1605 1727
1281 1658 1605 1731
1275 1648 1603 1749
1272 1640 1616 1747
1262 1643 1615 1755
1259 1646 1623 1747
1257 1638 1624 1756
1249 1646 1630 1750
1256 1645 1613 1761
1255 1646 1606 1768
1259 1639 1604 1773
1260 1634 1608 1773
1261 1638 1602 1774
1263 1639 1597 1776
1271 1647 1584 1773
1274 1640 1586 1775
1267 1647 1571 1790
1269 1642 1569 1795
1267 1645 1565 1798
1266 1626 1580 1803
1261 1621 1594 1799
1258 1617 1603 1797
1257 1618 1595 1805
1260 1613 1591 1811
1255 1621 1591 1808
1259 1611 1580 1825
1254 1619 1581 1821
1269 1612 1582 1812
1264 1614 1593 1805
1272 1606 1602 1795
1267 1608 1592 1809
1241 1596 1595 1843
1226 1589 1583 1878
1218 1588 1561 1908
1215 1586 1556 1919
1210 1582 1559 1924
1208 1573 1561 1934
1203 1577 1563 1932
1220 1577 1561 1918
1220 1586 1548 1921
1223 1584 1555 1914
1225 1591 1547 1912
1227 1593 1554 1902
1228 1593 1551 1903
1234 1589 1544 1909
1239 1581 1538 1917
1239 1587 1538 1912
1242 1590 1532 1911
1251 1583 1521 1921
1254 1582 1525 1914
1265 1576 1522 1913
1265 1563 1534 1913
1268 1569 1537 1902
1271 1565 1530 1909
1263 1567 1526 1920
1264 1568 1519 1924
1253 1577 1525 1921
1251 1566 1528 1930
1242 1575 1533 1926
1254 1571 1532 1918
1253 1570 1534 1919
1258 1573 1533 1911
1257 1572 1539 1908
1257 1574 1545 1899
1253 1569 1559 1895
1252 1571 1563 1889
1249 1562 1576 1889
1246 1562 1585 1882
1243 1559 1593 1881
1257 1574 1578 1866
1256 1568 1587 1865
1266 1564 1586 1859
1265 1567 1588 1856
1276 1570 1587 1842
1291 1561 1587 1837
1297 1562 1597 1819
1304 1557 1608 1807
1293 1568 1598 1816
1296 1572 1586 1821
1293 1575 1578 1829
1293 1571 1583 1828
1287 1564 1601 1823
1285 1572 1601 1817
1281 1565 1614 1815
1280 1564 1614 1817
1280 1569 1604 1822
1299 1578 1610 1788
1309 1590 1623 1753
1308 1601 1632 1734
1320 1592 1642 1721
1327 1588 1634 1726
1328 1587 1648 1712
1334 1579 1645 1717
1343 1573 1638 1721
1349 1572 1640 1714
1352 1568 1649 1706
1357 1559 1648 1711
1360 1556 1649 1710
1360 1552 1661 1702
1363 1564 1653 1695
1365 1565 1652 1693
1369 1575 1633 1698
1374 1571 1630 1700
1368 1578 1631 1698
1368 1585 1638 1684
1372 1580 1635 1688
1373 1590 1626 1686
1384 1594 1620 1677
1385 1589 1622 1679
1380 1591 1622 1682
1381 1592 1619 1683
1381 1586 1618 1690
1387 1577 1618 1693
1394 1575 1612 1694
1401 1571 1607 1696
1404 1568 1608 1695
1402 1578 1607 1688
1411 1567 1604 1693
1415 1558 1603 1699
1410 1548 1606 1711
1413 1562 1590 1710
1410 1567 1590 1708
1411 1560 1600 1704
1402 1561 1597 1715
1391 1575 1594 1715
1389 1576 1586 1724
1387 1577 1579 1732
1386 1568 1587 1734
1389 1561 1591 1734
1388 1563 1598 1726
1389 1558 1603 1725
1392 1570 1590 1723
1391 1568 1590 1726
1395 1570 1585 1725
1392 1574 1590 1719
1391 1571 1604 1709
1372 1568 1593 1742
1364 1565 1578 1768
1349 1555 1569 1802
1335 1560 1571 1809
1331 1558 1572 1814
1332 1545 1571 1827
1329 1552 1574 1820
1328 1545 1581 1821
1328 1542 1586 1819
1326 1552 1587 1810
1330 1551 1586 1808
1327 1544 1596 1808
1332 1547 1592 1804
1335 1538 1589 1813
1335 1541 1593 1806
1337 1543 1602 1793
1342 1545 1594 1794
1345 1545 1603 1782
1346 1539 1608 1782
1342 1545 1616 1772
1353 1533 1620 1769
1357 1521 1627 1770
1364 1515 1622 1774
1359 1519 1629 1768
1357 1527 1637 1754
1370 1532 1632 1741
1365 1546 1626 1738
1370 1541 1626 1738
1369 1550 1619 1737
1377 1552 1611 1735
1382 1541 1615 1737
1380 1549 1611 1735
1386 1564 1598 1727
1383 1570 1600 1722
1383 1572 1599 1721
1387 1568 1593 1727
1390 1577 1582 1726
1394 1573 1586 1722
1392 1564 1592 1727
1389 1565 1594 1727
1399 1574 1593 1709
1398 1588 1584 1705
1400 1589 1584 1702
1404 1591 1572 1708
1403 1593 1572 1707
1402 1594 1576 1703
1406 1590 1573 1706
1404 1597 1566 1708
1403 1612 1561 1699
1408 1617 1545 1705
1406 1611 1553 1705
1409 1595 1555 1716
1408 1597 1556 1714
1412 1592 1549 1722
1408 1587 1556 1724
1404 1598 1555 1718
1430 1604 1554 1687
1445 1611 1567 1652
1451 1626 1578 1620
1449 1617 1593 1616
1451 1618 1593 1613
1461 1616 1586 1612
1459 1614 1585 1617
1458 1610 1595 1612
1463 1602 1592 1618
1461 1597 1589 1628
1461 1604 1583 1627
1455 1613 1572 1635
1461 1615 1558 1641
1451 1618 1562 1644
1450 1620 1549 1656
1439 1629 1540 1667
1434 1643 1540 1658
1433 1643 1528 1671
1427 1636 1525 1687
1423 1638 1528 1686
1428 1632 1522 1693
1429 1638 1509 1699
1433 1632 1512 1698
1428 1628 1522 1697
1428 1634 1518 1695
1424 1639 1515 1697
1419 1634 1526 1696
1412 1632 1533 1698
1410 1632 1532 1701
1397 1644 1535 1699
1394 1644 1535 1702
1380 1644 1542 1709
1379 1647 1538 1711
1371 1656 1539 1709
1355 1650 1530 1740
1348 1635 1541 1751
1355 1635 1531 1754
1357 1634 1528 1756
1360 1641 1524 1750
1365 1634 1514 1762
1366 1631 1522 1756
1362 1625 1538 1750
1364 1608 1544 1759
1353 1606 1556 1760
1351 1614 1552 1758
1340 1628 1548 1759
1335 1629 1555 1756
1329 1617 1564 1765
1320 1624 1571 1760
1315 1627 1566 1767
1283 1619 1565 1808
1255 1625 1551 1844
1236 1623 1536 1880
1229 1625 1523 1898
1214 1640 1519 1902
1200 1644 1516 1915
1195 1651 1514 1915
1188 1658 1505 1924
1177 1665 1509 1924
1187 1667 1511 1910
1183 1661 1518 1913
1184 1652 1524 1915
1182 1646 1532 1915
1186 1635 1532 1922
1184 1642 1529 1920
1183 1641 1534 1917
1183 1636 1539 1917
1180 1641 1543 1911
1186 1636 1541 1912
1171 1636 1537 1931
1163 1644 1543 1925
1149 1644 1555 1927
1139 1646 1558 1932
1131 1649 1561 1934
1124 1650 1558 1943
1122 1644 1559 1950
1117 1650 1552 1956
1117 1646 1550 1962
1127 1634 1551 1963
1136 1624 1552 1963
1144 1610 1559 1962
1149 1609 1556 1961
1156 1607 1558 1954
1162 1597 1559 1957
1168 1599 1565 1943
1175 1602 1557 1942
1163 1609 1556 1947
1155 1611 1568 1942
1162 1601 1583 1929
1158 1590 1593 1935
1160 1593 1590 1932
1167 1593 1577 1939
1182 1600 1568 1925
1196 1589 1572 1919
1224 1584 1568 1899
1235 1574 1577 1890
1263 1575 1568 1869
1269 1589 1568 1850
1299 1574 1557 1845
1327 1563 1564 1822
1333 1570 1566 1806
1343 1561 1580 1792
1350 1552 1594 1779
1364 1559 1589 1764
1371 1543 1595 1766
1380 1548 1598 1750
1406 1552 1601 1716
1432 1554 1612 1678
1447 1562 1622 1644
1454 1567 1618 1637
1460 1563 1629 1623
1474 1571 1616 1615
1479 1572 1620 1604
1489 1583 1613 1591
1492 1571 1630 1582
1505 1573 1628 1570
1511 1569 1629 1566
1526 1560 1629 1561
1529 1577 1624 1545
1532 1587 1631 1526
1538 1577 1639 1521
1545 1574 1643 1514
1554 1580 1635 1506
1563 1584 1629 1500
1570 1581 1631 1493
1570 1589 1630 1487
1576 1593 1631 1475
1578 1601 1630 1467
1571 1607 1636 1461
1570 1610 1634 1462
1566 1611 1636 1462
1568 1616 1633 1459
1572 1611 1630 1462
1578 1608 1637 1453
1578 1606 1646 1445
1578 1611 1652 1434
1581 1609 1654 1431
1590 1577 1664 1444
1592 1553 1660 1470
1606 1539 1659 1471
1620 1515 1655 1485
1631 1502 1667 1475
1626 1486 1680 1483
1625 1489 1676 1485
1601 1489 1684 1501
1599 1487 1683 1506
1570 1492 1688 1525
1572 1479 1687 1537
1549 1487 1689 1550
1527 1489 1685 1574
1526 1486 1682 1581
1516 1492 1676 1591
1510 1489 1665 1611
1517 1485 1662 1611
1509 1494 1662 1610
1509 1486 1673 1607
1484 1478 1668 1645
1467 1469 1662 1677
1455 1456 1648 1716
1444 1442 1650 1739
1435 1443 1644 1753
1426 1433 1653 1763
1418 1433 1648 1776
1411 1433 1643 1788
1408 1435 1635 1797
1396 1442 1637 1800
1390 1453 1625 1807
1376 1452 1635 1812
1375 1435 1650 1815
1375 1423 1640 1837
1373 1426 1630 1846
1372 1429 1628 1846
1366 1410 1644 1855
1363 1412 1637 1863
1361 1411 1634 1869
1366 1405 1634 1870
1364 1394 1641 1876
1366 1378 1651 1880
1364 1374 1651 1886
1355 1376 1661 1883
1352 1383 1660 1880
1352 1376 1666 1881
1345 1375 1669 1886
1334 1386 1669 1886
1330 1377 1661 1907
1327 1373 1663 1912
1334 1376 1664 1901
1330 1409 1649 1887
1317 1437 1645 1876
1304 1467 1642 1862
1284 1499 1638 1854
1273 1519 1620 1863
1262 1533 1609 1871
1256 1536 1609 1874
1250 1543 1608 1874
1248 1545 1608 1874
1252 1538 1607 1878
1244 1544 1609 1878
1242 1545 1618 1870
1238 1553 1618 1866
1232 1564 1616 1863
1235 1563 1612 1865
1233 1573 1618 1851
1220 1572 1626 1857
1219 1566 1619 1871
1210 1574 1610 1881
1218 1578 1617 1862
1209 1582 1624 1860
1213 1583 1627 1852
1209 1586 1627 1853
1212 1583 1623 1857
1221 1594 1616 1844
1241 1596 1628 1810
1258 1599 1642 1776
1275 1604 1659 1737
1292 1596 1656 1731
1302 1583 1665 1725
1313 1582 1660 1720
1311 1591 1653 1720
1314 1594 1661 1706
1309 1598 1666 1702
1304 1603 1669 1699
1302 1612 1662 1699
1296 1608 1673 1698
1296 1605 1671 1703
1292 1608 1671 1704
1292 1614 1662 1707
1286 1631 1649 1709
1290 1630 1645 1710
1293 1630 1632 1720
1295 1634 1619 1727
1290 1649 1613 1723
1290 1650 1612 1723
1298 1634 1607 1736
1298 1642 1613 1722
1301 1643 1606 1725
1293 1630 1612 1740
1288 1629 1615 1743
1288 1636 1606 1745
1283 1632 1613 1747
1283 1626 1617 1749
1276 1618 1630 1751
1280 1614 1631 1750
1276 1618 1625 1756
1285 1614 1617 1759
1285 1614 1611 1765
1282 1630 1608 1755
1286 1632 1601 1756
1286 1634 1593 1762
1292 1628 1589 1766
1295 1611 1593 1776
1295 1608 1604 1768
1304 1601 1599 1771
1299 1605 1594 1777
1310 1600 1600 1765
1312 1597 1600 1766
1308 1586 1596 1785
1313 1585 1592 1785
1310 1584 1592 1789
1307 1594 1589 1785
1309 1599 1592 1775
1297 1593 1593 1792
1282 1597 1576 1820
1269 1589 1560 1857
1251 1591 1545 1888
1237 1596 1552 1890
1228 1602 1553 1892
1221 1609 1553 1892
1225 1598 1561 1891
1222 1597 1558 1898
1221 1594 1560 1900
1228 1594 1549 1904
1243 1598 1540 1894
1249 1598 1541 1887
1255 1597 1549 1874
1256 1601 1546 1872
1258 1601 1555 1861
1260 1609 1550 1856
1256 1620 1548 1851
1256 1622 1552 1845
1262 1611 1555 1847
1263 1603 1553 1856
1259 1613 1551 1852
1269 1628 1550 1828
1290 1627 1517 1841
1291 1630 1529 1825
1299 1635 1521 1820
1303 1631 1528 1813
1305 1620 1536 1814
1314 1621 1522 1818
1315 1617 1528 1815
1324 1624 1516 1811
1327 1626 1509 1813
1330 1618 1525 1802
1326 1616 1531 1802
1323 1621 1536 1795
1329 1607 1533 1806
1331 1604 1531 1809
1335 1601 1528 1811
1335 1602 1534 1804
1335 1612 1530 1798
1336 1612 1530 1797
1334 1617 1520 1804
1336 1615 1517 1807
1333 1628 1510 1804
1333 1619 1517 1806
1326 1631 1521 1797
1325 1630 1518 1802
1326 1631 1512 1806
1331 1614 1517 1813
1329 1613 1510 1823
1332 1613 1509 1821
1328 1604 1516 1827
1325 1608 1518 1824
1326 1598 1518 1833
1331 1589 1511 1844
1328 1588 1516 1843
1333 1581 1514 1847
1355 1592 1509 1819
1372 1604 1517 1782
1388 1606 1527 1754
1392 1594 1537 1752
1390 1586 1544 1755
1389 1586 1543 1757
1385 1593 1539 1758
1386 1589 1540 1760
1385 1587 1532 1771
1391 1568 1531 1785
1394 1561 1529 1791
1399 1556 1525 1795
1388 1564 1538 1785
1388 1559 1549 1779
1388 1555 1557 1775
1369 1548 1565 1793
1350 1548 1589 1789
1346 1542 1580 1807
1327 1552 1586 1811
1318 1560 1573 1824
1309 1567 1567 1833
1299 1572 1567 1837
1306 1580 1563 1827
1298 1576 1575 1826
1295 1577 1583 1821
1295 1583 1568 1829
1293 1579 1576 1828
1293 1580 1576 1826
1289 1569 1589 1829
1283 1575 1591 1826
1281 1578 1594 1823
1270 1581 1598 1826
1271 1581 1597 1827
1269 1582 1588 1836
1261 1591 1600 1824
1259 1594 1603 1819
1262 1576 1603 1835
1263 1589 1592 1831
1256 1598 1594 1828
1250 1600 1597 1828
1244 1600 1600 1832
1251 1606 1599 1819
1247 1611 1602 1816
1255 1613 1605 1802
1263 1615 1603 1795
1268 1608 1607 1792
1275 1604 1609 1788
1269 1608 1615 1783
1277 1596 1614 1789
1275 1591 1615 1794
1249 1589 1611 1827
1234 1578 1605 1858
1221 1575 1588 1892
1211 1589 1583 1892
1203 1599 1571 1903
1201 1600 1566 1908
1198 1604 1561 1913
1208 1603 1567 1897
1212 1595 1570 1899
1214 1599 1573 1889
1220 1595 1570 1891
1217 1606 1567 1885
1223 1600 1564 1889
1225 1601 1557 1892
1227 1601 1554 1894
1230 1608 1547 1890
1226 1618 1547 1884
1226 1621 1545 1883
1227 1622 1545 1881
1234 1608 1556 1877
1234 1605 1562 1874
1242 1593 1562 1878
1232 1592 1556 1895
1237 1590 1545 1903
1233 1586 1549 1907
1230 1582 1562 1901
1233 1584 1546 1912
1247 1581 1545 1902
1248 1597 1534 1896
1257 1594 1537 1887
1256 1597 1537 1885
1267 1586 1535 1887
1272 1573 1533 1897
1279 1578 1524 1894
1285 1578 1513 1899
1288 1571 1515 1901
1285 1584 1527 1879
1298 1576 1535 1866
1312 1562 1523 1878
1326 1559 1517 1873
1331 1566 1518 1860
1323 1571 1516 1865
1322 1568 1523 1862
1311 1572 1521 1871
1302 1582 1515 1876
1297 1580 1517 1881
1289 1597 1508 1881
1289 1599 1497 1890
1286 1604 1495 1890
1286 1609 1493 1887
1281 1617 1493 1884
1281 1618 1491 1885
1286 1613 1491 1885
1289 1613 1484 1889
1295 1604 1498 1878
1321 1610 1501 1843
1338 1603 1528 1806
1345 1614 1533 1783
1356 1627 1546 1746
1361 1629 1541 1744
1361 1633 1547 1734
1366 1628 1552 1729
1372 1639 1537 1727
1372 1635 1547 1721
1381 1633 1544 1717
1389 1619 1556 1711
1405 1612 1557 1701
1413 1614 1556 1692
1432 1596 1560 1687
1435 1605 1553 1682
1447 1613 1544 1671
1445 1620 1547 1663
1461 1610 1554 1650
1460 1614 1565 1636
1468 1619 1564 1624
1476 1625 1549 1625
1482 1624 1553 1616
1470 1630 1555 1620
1476 1620 1561 1618
1478 1614 1560 1623
1483 1618 1555 1619
1495 1599 1554 1627
1491 1615 1559 1610
1497 1611 1564 1603
1499 1596 1577 1603
1501 1599 1577 1598
1509 1598 1559 1609
1505 1596 1556 1618
1505 1591 1572 1607
1505 1595 1565 1610
1505 1604 1561 1605
1501 1600 1571 1603
1512 1586 1566 1611
1513 1585 1564 1613
1516 1576 1566 1617
1513 1576 1563 1623
1511 1571 1573 1620
1512 1572 1584 1607
1515 1583 1586 1591
1512 1588 1585 1590
1518 1580 1591 1586
1511 1583 1593 1588
1511 1591 1594 1579
1503 1582 1609 1581
1499 1585 1610 1581
1473 1582 1600 1620
1455 1584 1579 1657
1437 1571 1575 1692
1416 1570 1560 1729
1401 1570 1570 1734
1400 1571 1564 1740
1398 1575 1558 1744
1389 1580 1568 1738
1390 1588 1558 1739
1381 1588 1556 1750
1382 1587 1542 1764
1374 1583 1546 1772
1373 1575 1545 1782
1361 1584 1549 1781
1356 1590 1550 1779
1349 1590 1556 1780
1348 1585 1558 1784
1333 1589 1554 1799
1329 1595 1547 1804
1318 1604 1545 1808
1311 1604 1547 1813
1301 1607 1546 1821
1299 1607 1537 1832
1289 1604 1544 1838
1279 1610 1543 1843
1272 1613 1544 1846
1253 1642 1540 1840
1249 1634 1535 1857
1239 1630 1537 1869
1229 1636 1544 1866
1227 1639 1536 1873
1213 1639 1547 1876
1203 1647 1539 1886
1195 1655 1525 1900
1178 1656 1536 1905
1174 1636 1544 1921
1168 1641 1530 1936
1158 1650 1535 1932
1169 1646 1543 1917
1167 1655 1542 1911
1172 1660 1544 1899
1172 1663 1542 1898
1173 1655 1539 1908
1168 1645 1538 1924
1170 1640 1537 1928
1167 1636 1531 1941
1173 1620 1539 1943
1169 1613 1545 1948
1173 1612 1544 1946
1171 1610 1537 1957
1170 1611 1536 1958
1170 1616 1538 1951
1171 1607 1544 1953
1172 1601 1549 1953
1172 1605 1546 1952
1168 1604 1538 1965
1163 1590 1545 1977
1163 1588 1537 1987
1181 1590 1527 1977
1186 1596 1514 1979
1197 1612 1487 1979
1207 1623 1457 1988
1218 1642 1433 1982
1228 1658 1402 1987
1237 1655 1388 1995
1244 1658 1377 1996
1261 1668 1365 1981
1264 1657 1382 1972
1277 1642 1385 1971
1285 1629 1384 1977
1287 1641 1382 1965
1303 1644 1385 1943
1305 1637 1392 1941
1326 1643 1385 1921
1351 1632 1383 1909
1374 1623 1382 1896
1395 1618 1383 1879
1416 1615 1385 1859
1425 1617 1392 1841
1438 1620 1379 1838
1442 1619 1390 1824
1455 1609 1389 1822
1459 1603 1400 1813
1466 1599 1408 1802
1479 1597 1404 1795
1483 1611 1397 1784
1490 1613 1402 1770
1487 1624 1406 1758
1479 1620 1401 1775
1484 1604 1405 1782
1479 1603 1412 1781
1488 1599 1412 1776
1486 1607 1408 1774
1488 1612 1407 1768
1488 1618 1408 1761
1489 1629 1407 1750
1490 1645 1395 1745
1489 1651 1397 1738
1495 1654 1390 1736
1498 1654 1399 1724
1500 1650 1411 1714
1501 1645 1421 1708
1503 1657 1412 1703
1514 1648 1412 1701
1522 1645 1413 1695
1525 1647 1416 1687
1532 1653 1411 1679
1550 1643 1416 1666
1540 1641 1425 1669
1541 1632 1451 1651
1530 1628 1481 1637
1517 1627 1508 1623
1507 1615 1532 1622
1498 1604 1551 1622
1505 1591 1560 1620
1505 1577 1572 1621
1494 1571 1588 1623
1498 1585 1570 1622
1492 1597 1565 1622
1492 1606 1562 1615
1497 1590 1564 1625
1488 1592 1563 1632
1492 1593 1570 1621
1479 1596 1567 1633
1457 1610 1572 1637
1444 1610 1581 1640
1429 1607 1588 1652
1421 1601 1596 1657
1419 1598 1588 1671
1418 1598 1590 1669
1423 1596 1587 1670
1424 1606 1578 1667
1431 1607 1575 1663
1432 1606 1575 1662
1433 1610 1574 1659
1438 1606 1577 1654
1440 1603 1585 1648
1456 1597 1568 1654
1454 1603 1576 1643
1456 1611 1575 1633
1462 1618 1568 1628
1458 1622 1570 1625
1467 1620 1572 1617
1468 1626 1567 1614
1470 1632 1565 1609
1479 1626 1561 1609
1484 1622 1564 1606
1491 1621 1557 1606
1492 1632 1556 1596
1498 1636 1540 1601
1501 1640 1539 1596
1510 1642 1523 1600
1518 1631 1519 1608
1524 1637 1518 1596
1529 1636 1516 1595
1532 1636 1526 1581
1537 1636 1522 1581
1527 1638 1526 1584
1526 1643 1524 1583
1522 1652 1516 1585
1521 1658 1516 1580
1533 1649 1513 1580
1534 1656 1509 1576
1544 1644 1519 1568
1537 1648 1531 1559
1540 1651 1530 1554
1538 1652 1536 1549
1541 1655 1534 1545
1541 1656 1540 1538
1549 1657 1538 1531
1552 1662 1532 1529
1554 1665 1534 1522
1555 1671 1530 1519
1560 1663 1533 1519
1572 1661 1530 1512
1571 1662 1525 1517
1577 1671 1512 1515
1572 1682 1507 1514
1581 1685 1519 1490
1602 1675 1516 1482
1620 1683 1515 1457
1629 1692 1531 1423
1638 1695 1528 1414
1642 1696 1527 1410
1649 1686 1529 1411
1655 1683 1528 1409
1665 1687 1518 1405
1654 1699 1531 1391
1662 1699 1524 1390
1663 1693 1529 1390
1669 1690 1522 1394
1676 1683 1522 1394
1671 1681 1528 1395
1679 1674 1530 1392
1690 1657 1530 1398
1711 1650 1536 1378
1710 1642 1548 1375
1714 1636 1553 1372
1717 1627 1559 1372
1721 1620 1565 1369
1724 1620 1560 1371
1727 1607 1565 1376
1728 1622 1564 1361
1723 1621 1567 1364
1729 1611 1569 1366
1734 1612 1557 1372
1738 1609 1558 1370
1741 1608 1559 1367
1745 1598 1563 1369
1751 1591 1563 1370
1767 1573 1565 1370
1760 1576 1570 1369
1767 1569 1571 1368
1764 1578 1567 1366
1770 1575 1563 1367
1771 1579 1563 1362
1776 1585 1545 1369
1783 1573 1551 1368
1782 1573 1560 1360
1779 1568 1563 1365
1785 1559 1571 1360
1786 1548 1577 1364
1792 1543 1567 1373
1783 1549 1566 1377
1775 1550 1573 1377
1785 1548 1580 1362
1788 1539 1589 1359
1794 1538 1587 1356
1789 1533 1581 1372
1773 1542 1579 1381
1753 1536 1584 1402
1739 1523 1591 1422
1733 1520 1586 1436
1733 1521 1588 1433
1726 1530 1596 1423
1727 1527 1594 1427
1719 1529 1599 1428
1730 1513 1598 1434
1724 1518 1595 1438
1722 1518 1589 1446
1725 1521 1585 1444
1725 1522 1579 1449
1731 1524 1576 1444
1734 1522 1573 1446
1728 1534 1569 1444
1710 1541 1564 1460
1713 1549 1551 1462
1712 1554 1541 1468
1716 1553 1536 1470
1706 1564 1545 1460
1704 1562 1550 1459
1694 1573 1557 1451
1683 1572 1560 1460
1688 1565 1556 1466
1679 1579 1545 1472
1669 1584 1556 1466
1658 1592 1561 1464
1653 1590 1566 1466
1647 1586 1566 1476
1649 1588 1560 1478
1635 1595 1557 1488
1636 1591 1558 1490
1631 1593 1554 1497
1627 1601 1543 1504
1621 1611 1538 1505
1614 1613 1539 1509
1605 1613 1552 1505
1595 1615 1556 1509
1591 1612 1552 1520
1586 1611 1560 1518
1569 1622 1566 1518
1563 1633 1559 1520
1556 1632 1568 1519
1555 1632 1575 1513
1557 1628 1569 1521
1544 1618 1568 1545
1528 1626 1573 1548
1528 1630 1580 1537
1521 1634 1575 1545
1516 1633 1579 1547
1507 1645 1575 1548
1506 1649 1569 1551
1494 1655 1573 1553
1491 1662 1562 1560
1488 1664 1549 1574
1511 1673 1543 1548
1524 1685 1540 1526
1532 1689 1549 1505
1536 1686 1551 1502
1545 1686 1549 1495
1543 1689 1548 1495
1555 1697 1521 1502
1565 1703 1490 1517
1570 1715 1467 1523
1584 1709 1451 1531
1580 1722 1439 1534
1584 1721 1429 1541
1583 1717 1437 1538
1580 1708 1444 1543
1580 1702 1445 1548
1580 1701 1439 1555
1583 1697 1427 1568
1583 1687 1436 1569
1572 1696 1443 1564
1567 1684 1459 1565
1570 1676 1459 1570
1569 1666 1461 1579
1562 1673 1452 1588
1554 1676 1453 1592
1558 1675 1456 1586
1548 1673 1466 1588
1548 1672 1465 1590
1542 1663 1482 1588
1542 1658 1484 1591
1536 1655 1484 1600
1537 1647 1480 1611
1541 1637 1472 1625
1536 1640 1471 1628
1539 1638 1463 1635
1530 1648 1456 1641
1535 1655 1443 1642
1531 1645 1448 1651
1525 1653 1443 1654
1539 1655 1405 1676
1544 1665 1376 1690
1554 1683 1345 1693
1573 1687 1315 1700
1576 1688 1290 1721
1592 1678 1281 1724
1595 1675 1279 1726
1604 1664 1274 1733
1603 1670 1264 1738
1601 1668 1275 1731
1600 1656 1283 1736
1598 1653 1289 1735
1565 1642 1298 1770
1546 1623 1304 1802
1521 1621 1294 1839
1519 1624 1296 1836
1509 1628 1297 1841
1499 1627 1309 1840
1478 1614 1345 1838
1459 1605 1376 1835
1440 1594 1405 1836
1424 1592 1420 1839
1416 1573 1439 1847
1404 1575 1451 1845
1396 1580 1449 1850
1390 1582 1442 1861
1387 1586 1434 1868
1384 1586 1432 1873
1385 1589 1431 1870
1385 1590 1430 1870
1389 1590 1422 1874
1386 1601 1418 1870
1382 1609 1413 1871
1383 1614 1410 1868
1387 1615 1406 1867
1393 1618 1404 1860
1378 1621 1408 1869
1387 1613 1409 1866
1381 1610 1412 1873
1381 1618 1404 1872
1372 1614 1413 1877
1367 1616 1418 1874
1375 1622 1423 1856
1372 1621 1427 1855
1374 1610 1443 1849
1370 1616 1443 1846
1374 1612 1447 1843
1371 1605 1448 1851
1371 1610 1446 1849
1374 1600 1454 1847
1361 1595 1484 1836
1353 1583 1516 1823
1340 1574 1544 1818
1327 1571 1565 1812
1318 1558 1593 1807
1301 1572 1599 1803
1301 1563 1605 1807
1295 1559 1612 1809
1300 1552 1610 1814
1306 1548 1599 1822
1309 1546 1599 1822
1313 1545 1593 1824
1318 1551 1592 1815
1325 1549 1584 1817
1339 1544 1581 1812
1335 1537 1583 1820
1339 1533 1582 1822
1349 1527 1587 1812
1382 1541 1575 1778
1398 1559 1575 1743
1410 1559 1585 1722
1412 1572 1581 1710
1423 1575 1573 1705
1429 1573 1571 1702
1439 1571 1574 1692
1436 1585 1578 1676
1440 1585 1582 1669
1435 1585 1592 1663
1436 1585 1591 1664
1439 1588 1582 1666
1439 1588 1575 1674
1442 1587 1572 1674
1438 1574 1579 1685
1450 1569 1584 1672
1453 1563 1590 1670
1449 1580 1589 1657
1452 1582 1584 1657
1450 1588 1574 1663
1449 1583 1583 1660
1452 1576 1579 1668
1458 1566 1584 1667
1463 1570 1579 1663
1453 1567 1581 1674
1452 1569 1577 1677
1449 1584 1559 1683
1452 1576 1556 1691
1453 1574 1555 1693
1449 1567 1573 1686
1449 1571 1570 1685
1446 1568 1566 1695
1450 1572 1561 1692
1440 1577 1560 1698
1434 1582 1563 1696
1431 1578 1565 1701
1436 1584 1559 1696
1439 1582 1559 1695
1432 1596 1555 1692
1429 1605 1550 1691
1424 1604 1551 1696
1418 1609 1553 1695
1411 1612 1555 1697
1409 1605 1556 1705
1401 1597 1563 1714
1396 1602 1561 1716
1387 1612 1560 1716
1386 1603 1558 1728
1372 1610 1570 1723
1364 1613 1553 1745
1328 1603 1561 1783
1311 1590 1557 1817
1297 1600 1544 1834
1284 1590 1556 1845
1273 1593 1559 1850
1261 1590 1569 1855
1249 1587 1570 1869
1249 1576 1563 1887
1249 1569 1556 1901
1251 1570 1549 1905
1246 1579 1547 1903
1241 1582 1548 1904
1238 1585 1550 1902
1253 1585 1543 1894
1261 1591 1537 1886
1254 1590 1533 1898
1257 1586 1526 1906
1262 1562 1529 1922
1267 1556 1525 1927
1262 1564 1528 1921
1264 1576 1517 1918
1256 1585 1519 1915
1254 1603 1509 1909
1252 1588 1511 1924
1248 1591 1505 1931
1251 1593 1507 1924
1251 1590 1510 1924
1253 1589 1511 1922
1253 1582 1509 1931
1259 1582 1496 1938
1265 1575 1489 1946
1265 1585 1486 1939
1260 1588 1495 1932
1284 1581 1487 1923
1290 1579 1483 1923
1298 1581 1486 1910
1289 1579 1484 1923
1284 1575 1498 1918
1283 1575 1500 1917
1284 1565 1501 1925
1287 1558 1512 1918
1291 1542 1519 1923
1290 1546 1519 1920
1291 1552 1525 1907
1296 1556 1518 1905
1308 1552 1531 1884
1316 1541 1538 1880
1315 1555 1534 1871
1329 1554 1522 1870
1324 1559 1532 1860
1330 1568 1521 1856
1332 1561 1535 1847
1335 1547 1543 1850
1347 1540 1542 1846
1339 1540 1548 1848
1363 1539 1541 1832
1392 1550 1542 1791
1409 1562 1559 1745
1421 1568 1585 1701
1440 1574 1597 1664
1456 1572 1619 1628
1475 1579 1632 1589
1489 1597 1641 1548
1490 1610 1656 1519
1503 1617 1671 1484
1513 1629 1686 1447
1523 1649 1698 1405
1535 1664 1709 1367
1548 1671 1728 1328
1567 1671 1743 1294
1583 1685 1747 1260
1603 1695 1757 1220
1622 1700 1767 1186
1639 1717 1782 1137
1659 1718 1800 1098
1671 1724 1818 1062
1691 1736 1821 1027
1704 1746 1839 986
1721 1760 1850 944
1736 1779 1855 905
1751 1789 1872 863
1769 1798 1880 828
1788 1797 1893 797
1788 1819 1901 767
1805 1825 1916 729
1816 1833 1925 701
1832 1846 1935 662
1848 1859 1937 631
1868 1861 1947 599
1885 1877 1956 557
1899 1891 1962 523
1914 1910 1971 480
1931 1919 1982 443
1946 1930 1988 411
1948 1949 2005 373
1954 1963 2005 353
1965 1975 2015 320
1981 1974 2037 283
1990 1980 2055 250
2010 1968 2077 220
2025 1973 2095 182
2039 1997 2086 153
2056 2012 2089 118
2064 2024 2108 79
2091 2040 2106 38
2089 2055 2115 16
2078 2051 2130 16
2077 2056 2126 16
2077 2060 2122 16
2078 2066 2114 17
2078 2068 2112 17
2076 2080 2102 17
2077 2065 2115 18
2072 2064 2121 18
2065 2067 2125 18
2061 2073 2122 19
2057 2072 2127 19
2054 2076 2127 18
2053 2083 2121 18
2053 2095 2109 18
2050 2092 2115 18
2052 2089 2116 18
2051 2088 2118 18
2042 2096 2119 18
2033 2107 2118 17
2025 2112 2120 18
2016 2120 2122 17
2008 2126 2124 17
1992 2135 2131 17
1975 2125 2158 17
1956 2130 2172 17
1933 2138 2188 16
1909 2163 2187 16
1881 2164 2214 16
1853 2189 2217 16
1827 2204 2228 16
1799 2220 2241 15
1774 2237 2248 16
1748 2257 2255 15
1723 2266 2271 15
1696 2288 2277 14
1669 2309 2283 14
1646 2325 2289 15
1621 2339 2301 14
1605 2348 2308 14
1579 2356 2326 14
1554 2380 2327 14
1530 2397 2334 14
1505 2419 2337 14
1479 2457 2326 13
1452 2481 2328 14
1428 2498 2335 14
1402 2523 2337 13
1390 2542 2330 13
1389 2535 2337 14
1388 2534 2339 14
1389 2541 2332 13
1404 2537 2321 13
1389 2543 2274 47
1365 2539 2238 46
1365 2539 2195 46
1367 2528 2204 46
1365 2534 2199 46
1371 2531 2197 46
1377 2531 2191 46
1382 2529 2190 45
1386 2524 2190 45
1390 2523 2188 46
1389 2519 2191 46
1390 2474 2196 45
1393 2429 2196 45
1391 2387 2199 46
1392 2351 2201 45
1401 2347 2197 45
1409 2343 2191 45
1419 2344 2182 45
1426 2335 2184 45
1435 2333 2178 45
1451 2323 2171 45
1469 2326 2152 45
1486 2322 2137 45
1510 2310 2126 45
1534 2291 2121 45
1562 2283 2103 44
1590 2261 2096 45
1616 2248 2084 45
1643 2232 2066 45
1670 2215 2058 44
1695 2199 2049 45
1721 2187 2036 45
1748 2168 2026 45
1775 2151 2017 45
1799 2136 2008 45
1825 2120 1999 45
1852 2105 1987 45
1878 2096 1971 45
1903 2074 1967 45
1928 2063 1954 45
1953 2045 1946 45
1978 2022 1945 45
2004 1994 1945 44
2029 1966 1946 45
2055 1941 1944 45
2068 1929 1944 45
2067 1929 1940 44
2068 1929 1932 45
2068 1928 1932 45
2054 1928 1947 45
2068 1928 1989 11
2092 1928 2030 12
2091 1929 2072 12
2091 1929 2073 12
2092 1928 2074 11
2092 1928 2074 11
2092 1928 2074 12
2092 1928 2073 12
2091 1929 2073 12
2091 1929 2073 11
2092 1928 2074 12
2092 1964 2074 12
2092 2006 2074 12
2092 2048 2073 11
2091 2081 2073 12
2091 2081 2073 12
2092 2081 2074 12
2092 2081 2074 11
2092 2081 2074 11
2092 2081 2073 12
2091 2081 2073 12
2091 2081 2073 11
2092 2081 2074 11
2092 2081 2074 12
2092 2081 2074 12
2092 2081 2073 12
2091 2081 2073 11
2091 2081 2073 11
2092 2081 2079 12
2092 2081 2079 12
2092 2081 2079 11
2092 2081 2078 11
2091 2081 2079 12
2091 2081 2079 12
2092 2081 2079 11
2092 2081 2079 11
2092 2081 2079 12
2092 2081 2078 12
2091 2081 2079 11
2091 2081 2079 11
2092 2081 2079 11
2092 2081 2079 12
2092 2084 2079 12
2092 2087 2078 11
2091 2086 2079 11
2091 2086 2079 12
2092 2086 2084 12
2092 2086 2092 11
2092 2087 2092 11
2092 2087 2091 11
2091 2087 2091 12
2091 2086 2092 11
2092 2086 2092 11
2092 2086 2092 11
2092 2087 2092 12
2092 2087 2091 12
2091 2087 2091 11
2091 2086 2092 11
2092 2086 2092 11
2092 2086 2092 12
2092 2087 2092 11
2092 2092 2091 11
2091 2092 2091 11
2091 2091 2092 12
2092 2092 2092 11
2092 2092 2092 11
2092 2092 2092 11
2092 2092 2091 11
2091 2092 2091 12
2091 2091 2092 11
2092 2092 2092 11
2092 2092 2092 11
2092 2092 2092 12
2092 2092 2091 11
2091 2092 2091 11
2091 2091 2092 11
2092 2092 2092 11
2092 2092 2092 12
2092 2092 2092 11
2092 2092 2091 11
2091 2092 2091 11
2091 2091 2092 12
2092 2092 2092 11
2092 2092 2092 11
2092 2092 2092 11
2092 2092 2091 11
2091 2092 2091 11
2091 2091 2092 11
2092 2092 2092 11
2092 2092 2092 11
2092 2092 2092 11
2092 2092 2091 11
2091 2092 2091 11
2091 2091 2092 11
2092 2092 2092 11
2092 2092 2092 11
2092 2092 2092 11
2092 2092 2091 11
2091 2092 2091 11
2091 2091 2092 11
2092 2091 2092 11
2092 2092 2092 11
2092 2092 2092 11
2092 2092 2091 11
2092 2092 2091 11
2091 2091 2092 11
2092 2091 2092 11
2092 2092 2092 11
2092 2092 2092 11
2092 2092 2091 11
2092 2092 2091 11
2091 2091 2092 11
2092 2091 2092 11
2092 2092 2092 10
2092 2092 2092 11
2092 2092 2091 11
2092 2092 2091 11
2091 2091 2092 11
2092 2091 2092 10
2092 2092 2092 11
2092 2092 2092 11
2092 2092 2091 11
2092 2092 2091 10
2091 2091 2092 11
2092 2091 2092 11
2092 2092 2092 11
2092 2092 2092 11
2092 2092 2091 10
2092 2092 2091 11
2091 2091 2092 11
2092 2091 2092 11
2092 2092 2092 10
2092 2092 2092 10
2092 2092 2091 11
2092 2092 2091 11
2091 2091 2092 11
2092 2091 2092 10
2092 2092 2092 10
2092 2092 2092 11
2092 2092 2091 11
2092 2092 2091 11
2091 2091 2092 10
2092 2091 2092 10
2092 2092 2092 11
2092 2092 2092 11
2092 2092 2091 10
2092 2092 2091 10
2091 2091 2092 10
2092 2091 2092 11
2092 2092 2092 11
2092 2092 2092 10
2092 2092 2091 10
2092 2092 2091 10
2091 2091 2092 11
2091 2091 2092 10
2092 2092 2092 10
2092 2092 2092 10
2092 2092 2091 11
2092 2092 2091 11
2091 2091 2092 10
2091 2091 2092 10
2092 2092 2092 10
2092 2092 2092 11
2092 2092 2091 11
2092 2092 2091 10
2091 2091 2092 10
2091 2091 2092 10
2092 2092 2092 10
2092 2092 2092 11
2092 2092 2091 10
2092 2092 2091 10
2091 2091 2092 10
2091 2091 2092 10
2092 2092 2092 10
2092 2092 2092 10
2092 2092 2091 10
2092 2092 2091 10
2091 2091 2092 10
2091 2091 2092 10
2092 2092 2092 10
2092 2092 2092 10
2092 2092 2091 10
2092 2092 2091 10
2091 2091 2092 10
2091 2091 2092 10
2092 2092 2092 10
2092 2092 2092 10
2092 2092 2091 10
2092 2092 2091 10
2091 2091 2092 10
2091 2091 2092 10
2092 2092 2092 10
2092 2092 2092 10
2092 2092 2091 10
2092 2092 2091 10
2091 2091 2092 10
2091 2091 2092 10
2092 2092 2092 10
2092 2092 2092 10
2092 2092 2091 10
2092 2092 2091 10
2091 2091 2092 10
2091 2091 2092 10
2092 2092 2092 9
2092 2092 2092 10
2092 2092 2091 10
2092 2092 2091 10
2091 2091 2092 9
2091 2091 2092 9
2092 2092 2092 10
2092 2092 2092 10
2092 2092 2091 10
2092 2092 2091 9
2091 2091 2092 9
2091 2091 2092 10
2092 2092 2092 10
2092 2092 2092 10
2092 2092 2091 10
2092 2092 2091 9
2091 2091 2092 9
2091 2091 2092 10
2092 2092 2092 10
2092 2092 2092 10
2092 2092 2091 9
2092 2092 2091 9
2091 2091 2092 10
2091 2091 2092 10
2092 2092 2092 10
2092 2092 2092 9
2092 2092 2091 9
2092 2092 2091 9
2091 2091 2092 10
2091 2091 2092 10
2092 2092 2092 9
2092 2092 2092 9
2092 2092 2091 9
2092 2092 2091 10
2091 2091 2092 10
2091 2091 2092 9
2092 2092 2092 9
2092 2092 2092 9
2092 2092 2092 9
2092 2092 2091 10
2091 2091 2092 9
2091 2091 2092 9
2092 2092 2092 9
