0 0 0 0 0 0 0 0 0 0 0
0 0 0 0 0 0 0 0 0 0 0
0 0 0 0 0 0 0 0 0 0 0
0 0 0 0 0 0 0 0 0 0 0
0 0 0 0 0 0 0 0 0 0 0
0 0 0 0 0 0 0 0 0 0 0
0 1 0 0 2 1 0 1 2 1 0
0 1 0 0 4 2 0 1 4 2 0
0 0 0 0 8 2 0 0 8 2 0
0 4 0 0 0 10 0 4 0 10 0
0 1 0 0 4 12 0 1 4 12 0
0 0 0 0 2 19 0 0 2 19 0
0 0 0 0 7 8 1 1 7 8 0
0 0 0 0 15 0 1 1 15 0 0
0 0 0 0 6 6 2 2 6 6 0
0 0 0 0 4 5 2 2 4 5 0
0 0 0 0 2 0 0 0 2 0 0
0 0 0 0 0 0 0 0 0 0 0
0 0 0 0 0 0 0 0 0 0 0
0 0 0 0 0 0 0 0 0 0 0
0 0 0 0 0 0 0 0 0 0 0
0 0 0 0 0 0 0 0 0 0 0
0 0 0 0 0 0 0 0 0 0 0
0 0 0 0 0 0 0 0 0 0 0
0 0 0 0 0 0 0 0 0 0 0
0 0 0 0 0 0 0 0 0 0 0
0 0 0 0 0 0 0 0 0 0 0
0 0 0 0 0 0 0 0 0 0 0
0 0 0 0 0 0 0 0 0 0 0
0 0 0 0 0 0 0 0 0 0 0
0 0 0 0 0 0 0 0 0 0 0
0 0 0 0 0 0 0 0 0 0 0
0 0 0 0 0 0 0 0 0 0 0
0 0 0 0 0 0 0 0 0 0 0
0 0 0 0 0 0 0 0 0 0 0
0 0 0 0 0 0 0 0 0 0 0
0 0 0 0 0 0 0 0 0 0 0
0 0 0 0 0 0 0 0 0 0 0
0 0 0 0 0 0 0 0 0 0 0
0 0 0 0 0 0 0 0 0 0 0
0 0 0 0 0 0 0 0 0 0 0
0 0 0 0 0 0 0 0 0 0 0
0 0 0 0 0 0 0 0 0 0 0
0 0 0 0 0 0 0 0 0 0 0
0 0 0 0 0 0 0 0 0 0 0
0 0 0 0 0 0 0 0 0 0 0
0 0 0 0 0 0 0 0 0 0 0
0 0 0 0 0 0 0 0 0 0 0
0 0 0 0 0 0 0 0 0 0 0
0 0 0 0 0 0 0 0 0 0 0
0 0 0 0 0 0 0 0 0 0 0
0 0 0 0 0 0 0 0 0 0 0
0 0 0 0 0 0 0 0 0 0 0
0 0 0 0 0 0 0 0 0 0 0
0 0 0 0 0 0 0 0 0 0 0
0 0 0 0 0 0 0 0 0 0 0
0 0 0 0 0 0 0 0 0 0 0
0 0 0 0 0 0 0 0 0 0 0
0 0 0 0 0 0 0 0 0 0 0
0 0 0 0 0 0 0 0 0 0 0
0 0 0 0 0 0 0 0 0 0 0
0 0 0 0 0 0 0 0 0 0 0
0 0 0 0 0 0 0 0 0 0 0
0 0 0 0 0 0 0 0 0 0 0
0 0 0 0 0 1 0 0 0 1 0
0 1 0 0 0 1 0 1 0 1 0
0 0 0 0 3 0 0 0 3 0 0
0 0 0 0 3 4 0 0 3 4 0
0 1 0 0 2 8 0 1 2 8 0
0 0 0 0 1 13 0 0 1 13 0
0 0 0 0 1 19 0 0 1 19 0
0 0 0 0 5 20 0 0 5 20 0
0 1 0 0 4 25 0 1 4 25 0
0 1 0 0 5 30 0 1 5 30 0
0 0 0 0 15 26 0 0 15 26 0
0 2 0 0 16 28 0 2 16 28 0
0 1 0 0 20 31 0 0 20 31 1
0 2 0 0 21 34 0 2 21 34 0
0 0 0 0 24 38 0 0 24 38 0
0 1 0 0 0 38 0 1 0 38 0
0 0 0 0 0 3 0 0 0 3 0
0 0 0 0 0 0 4294967256 -40 0 0 0
0 0 0 0 0 0 4294967214 -82 0 0 0
0 0 0 0 0 0 4294967172 -124 0 0 0
0 0 0 0 0 0 4294967130 -166 0 0 0
0 0 0 0 0 0 4294967088 -208 0 0 0
0 0 0 0 0 0 4294967047 -249 0 0 0
0 0 0 0 0 0 4294967005 -291 0 0 0
0 0 0 0 0 0 4294966963 -333 0 0 0
0 0 0 0 0 0 4294966921 -375 0 0 0
0 0 0 0 0 0 4294966879 -417 0 0 0
0 0 0 0 0 0 4294966838 -458 0 0 0
0 0 0 0 0 0 4294966805 -491 0 0 0
0 0 0 0 0 0 4294966768 -528 0 0 0
0 0 0 0 0 0 4294966733 -563 0 0 0
0 0 0 0 0 0 4294966696 -600 0 0 0
0 0 0 0 0 0 4294966660 -636 0 0 0
0 0 0 0 0 0 4294966624 -672 0 0 0
0 0 0 0 0 0 4294966592 -704 0 0 0
0 0 0 0 0 0 4294966560 -736 0 0 0
0 0 0 0 0 0 4294966526 -770 0 0 0
0 0 0 0 0 0 4294966491 -805 0 0 0
0 0 0 0 0 0 4294966455 -841 0 0 0
0 0 0 0 0 0 4294966419 -877 0 0 0
0 0 0 0 0 0 4294966388 -908 0 0 0
0 0 0 0 0 0 4294966373 -923 0 0 0
0 0 0 0 0 0 4294966338 -958 0 0 0
0 0 0 0 0 0 4294966296 -1000 0 0 0
0 0 0 0 0 0 4294966255 -1041 0 0 0
0 0 0 0 0 0 4294966213 -1083 0 0 0
0 0 0 0 0 0 4294966173 -1123 0 0 0
0 0 0 0 0 0 4294966143 -1153 0 0 0
0 0 0 0 0 0 4294966114 -1182 0 0 0
0 0 0 0 0 0 4294966088 -1208 0 0 0
0 0 0 0 0 1 4294966059 -1237 0 1 0
0 0 0 0 0 0 4294966032 -1264 0 0 0
0 2 0 0 2 5 4294966027 -1268 2 5 1
0 3 0 0 8 12 4294966029 -1265 8 12 1
0 13 0 0 18 6 4294966031 -1256 18 6 4
0 10 0 0 34 9 4294966031 -1258 34 9 3
0 2 0 0 46 17 4294966031 -1264 46 17 1
0 7 0 0 47 27 4294966031 -1260 47 27 2
0 9 0 0 55 35 4294966031 -1259 55 35 3
0 2 0 0 60 51 4294966031 -1264 60 51 1
0 0 0 0 65 54 4294966031 -1265 65 54 0
0 2 0 0 61 43 4294966031 -1264 61 43 1
0 4 0 0 59 43 4294966031 -1263 59 43 2
0 8 0 0 58 59 4294966031 -1260 58 59 3
0 11 0 0 61 75 4294966031 -1258 61 75 4
0 7 0 0 77 83 4294966031 -1260 77 83 2
0 3 0 0 91 95 4294966031 -1263 91 95 1
0 0 0 0 91 107 4294966031 -1265 91 107 0
0 3 0 0 92 117 4294966031 -1263 92 117 1
0 8 0 0 92 125 4294966031 -1260 92 125 3
0 13 0 0 86 136 4294966031 -1257 86 136 5
0 14 0 0 104 128 4294966031 -1255 104 128 4
0 15 0 0 93 132 4294966031 -1256 93 132 6
0 24 0 0 100 128 4294966031 -1250 100 128 9
0 33 0 0 96 132 4294966031 -1245 96 132 13
0 30 0 0 101 140 4294966031 -1247 101 140 12
0 29 0 0 106 138 4294966031 -1247 106 138 11
0 21 0 0 113 134 4294966031 -1253 113 134 9
0 30 0 0 106 133 4294966031 -1247 106 133 12
0 29 0 0 115 131 4294966031 -1248 115 131 12
0 35 0 0 103 139 4294966031 -1244 103 139 14
0 44 0 0 104 139 4294966031 -1240 104 139 19
0 40 0 0 112 138 4294966031 -1240 112 138 15
0 50 0 0 107 136 4294966031 -1234 107 136 19
0 52 0 0 119 130 4294966031 -1232 119 130 19
0 52 0 0 111 143 4294966031 -1231 111 143 18
0 50 0 0 120 138 4294966031 -1235 120 138 20
0 44 0 0 122 137 4294966031 -1236 122 137 15
0 45 0 0 117 143 4294966031 -1237 117 143 17
0 42 0 0 118 143 4294966031 -1239 118 143 16
0 49 0 0 124 133 4294966031 -1234 124 133 18
0 33 0 0 112 145 4294966054 -1230 112 145 21
0 12 0 0 124 137 4294966075 -1213 124 137 4
0 17 0 0 116 143 4294966075 -1211 116 143 7
0 36 0 0 112 141 4294966075 -1200 112 141 15
0 33 0 0 115 158 4294966075 -1201 115 158 13
0 39 0 0 116 151 4294966075 -1198 116 151 16
0 47 0 0 119 144 4294966075 -1189 119 144 15
0 15 0 0 118 157 4294966105 -1191 118 157 15
0 5 0 0 115 147 4294966126 -1167 115 147 2
0 0 0 0 114 151 4294966143 -1153 114 151 0
0 1 0 0 114 154 4294966157 -1139 114 154 1
0 5 0 0 108 164 4294966160 -1134 108 164 3
0 7 0 0 112 144 4294966160 -1132 112 144 3
0 3 0 0 126 136 4294966160 -1134 126 136 1
0 3 0 0 118 135 4294966160 -1135 118 135 2
0 1 0 0 126 130 4294966160 -1136 126 130 1
0 2 0 0 127 124 4294966160 -1135 127 124 1
0 4 0 0 107 132 4294966160 -1134 107 132 2
0 1 0 0 107 147 4294966160 -1135 107 147 0
0 7 0 0 111 153 4294966160 -1133 111 153 4
0 4 0 0 117 160 4294966160 -1135 117 160 3
0 3 0 0 111 161 4294966160 -1136 111 161 3
0 2 0 0 106 161 4294966160 -1135 106 161 1
0 2 0 0 106 166 4294966160 -1135 106 166 1
0 18 0 0 110 177 4294966160 -1129 110 177 11
0 29 0 0 123 193 4294966160 -1121 123 193 14
0 54 0 0 124 187 4294966160 -1109 124 187 27
0 72 0 0 114 194 4294966160 -1094 114 194 30
0 82 0 0 125 193 4294966160 -1087 125 193 33
0 85 0 0 115 200 4294966160 -1084 115 200 33
0 75 0 0 119 216 4294966160 -1091 119 216 30
0 77 0 0 119 220 4294966160 -1090 119 220 31
0 76 0 0 128 213 4294966160 -1088 128 213 28
0 83 0 0 129 211 4294966160 -1086 129 211 33
0 95 0 0 114 218 4294966160 -1076 114 218 35
0 89 0 0 125 226 4294966160 -1079 125 226 32
0 85 0 0 127 229 4294966160 -1084 127 229 33
0 80 0 0 126 237 4294966160 -1086 126 237 30
0 64 0 0 122 239 4294966160 -1107 122 239 35
0 55 0 0 128 246 4294966160 -1098 128 246 17
0 51 0 0 117 249 4294966160 -1097 117 249 12
0 60 0 0 134 245 4294966160 -1107 134 245 31
0 69 0 0 127 245 4294966160 -1091 127 245 24
0 68 0 0 134 248 4294966160 -1098 134 248 30
0 80 0 0 124 249 4294966160 -1088 124 249 32
0 76 0 0 128 253 4294966160 -1090 128 253 30
0 67 0 0 131 264 4294966160 -1094 131 264 25
0 54 0 0 132 281 4294966160 -1096 132 281 14
0 51 0 0 135 288 4294966160 -1102 135 288 17
0 50 0 0 129 303 4294966160 -1101 129 303 15
0 48 0 0 134 305 4294966160 -1104 134 305 16
0 49 0 0 131 314 4294966160 -1103 131 314 16
0 39 0 0 131 322 4294966160 -1105 131 322 8
0 13 0 0 134 329 4294966160 -1123 134 329 0
0 1 0 0 129 330 4294966160 -1135 129 330 0
0 1 0 0 129 326 4294966160 -1135 129 326 0
0 5 0 0 134 335 4294966160 -1133 134 335 2
0 5 0 0 143 348 4294966160 -1133 143 348 2
0 24 0 0 131 351 4294966160 -1121 131 351 9
0 25 0 0 139 366 4294966160 -1121 139 366 10
0 28 0 0 146 375 4294966160 -1119 146 375 11
0 47 0 0 135 380 4294966160 -1109 135 380 20
0 50 0 0 148 380 4294966160 -1102 148 380 16
0 45 0 0 157 390 4294966160 -1107 157 390 16
0 44 0 0 150 407 4294966160 -1108 150 407 16
0 52 0 0 148 414 4294966160 -1103 148 414 19
0 56 0 0 155 420 4294966160 -1101 155 420 21
0 53 0 0 161 429 4294966160 -1103 161 429 20
0 52 0 0 162 436 4294966160 -1103 162 436 19
0 51 0 0 169 445 4294966160 -1107 169 445 22
0 51 0 0 174 442 4294966160 -1101 174 442 16
0 56 0 0 165 455 4294966160 -1102 165 455 22
0 67 0 0 171 458 4294966161 -1095 171 458 27
0 75 0 0 172 468 4294966161 -1089 172 468 29
0 86 0 0 176 475 4294966162 -1083 176 475 35
0 63 0 0 184 484 4294966162 -1104 184 484 33
0 62 0 0 190 491 4294966162 -1096 190 491 24
0 59 0 0 178 500 4294966162 -1108 178 500 33
0 42 0 0 189 498 4294966162 -1110 189 498 18
0 36 0 0 186 499 4294966162 -1117 186 499 19
0 47 0 0 188 500 4294966162 -1107 188 500 20
0 45 0 0 201 497 4294966162 -1111 201 497 22
0 50 0 0 204 499 4294966162 -1109 204 499 25
0 55 0 0 210 499 4294966162 -1105 210 499 26
0 51 0 0 215 499 4294966162 -1110 215 499 27
0 68 0 0 217 498 4294966162 -1102 217 498 36
0 56 0 0 217 500 4294966162 -1104 217 500 26
0 43 0 0 235 498 4294966162 -1113 235 498 22
0 56 0 0 235 497 4294966162 -1103 235 497 25
0 49 0 0 239 499 4294966162 -1109 239 499 24
0 53 0 0 239 498 4294966162 -1105 239 498 24
0 54 0 0 245 499 4294966162 -1107 245 499 27
0 56 0 0 253 498 4294966162 -1105 253 498 27
0 57 0 0 261 498 4294966162 -1108 261 498 31
0 60 0 0 259 500 4294966162 -1099 259 500 25
0 67 0 0 254 478 4294966162 -1104 254 478 37
0 84 0 0 256 442 4294966162 -1093 256 442 43
0 75 0 0 271 405 4294966162 -1101 271 405 42
0 73 0 0 277 391 4294966162 -1099 277 391 38
0 74 0 0 283 385 4294966162 -1100 283 385 40
0 87 0 0 285 380 4294966162 -1095 285 380 48
0 72 0 0 296 385 4294966162 -1102 296 385 40
0 70 0 0 305 382 4294966162 -1097 305 382 33
0 60 0 0 314 390 4294966162 -1109 314 390 35
0 60 0 0 325 391 4294966162 -1103 325 391 29
0 61 0 0 327 388 4294966162 -1105 327 388 32
0 71 0 0 324 386 4294966162 -1099 324 386 36
0 64 0 0 337 387 4294966162 -1106 337 387 36
0 71 0 0 352 382 4294966162 -1100 352 382 37
0 75 0 0 358 379 4294966162 -1101 358 379 42
0 62 0 0 371 374 4294966162 -1103 371 374 31
0 63 0 0 370 347 4294966162 -1104 370 347 33
0 74 0 0 383 318 4294966162 -1098 383 318 38
0 62 0 0 391 335 4294966162 -1106 391 335 34
0 68 0 0 386 352 4294966162 -1101 386 352 35
0 74 0 0 391 365 4294966162 -1101 391 365 41
0 77 0 0 403 376 4294966162 -1100 403 376 43
0 84 0 0 410 382 4294966162 -1097 410 382 47
0 79 0 0 411 396 4294966162 -1097 411 396 42
0 71 0 0 429 405 4294966162 -1105 429 405 42
0 70 0 0 442 420 4294966162 -1100 442 420 36
0 78 0 0 450 426 4294966162 -1100 450 426 44
0 81 0 0 459 432 4294966162 -1096 459 432 43
0 71 0 0 479 409 4294966162 -1103 479 409 40
0 70 0 0 483 384 4294966162 -1102 483 384 38
0 67 0 0 491 357 4294966162 -1101 491 357 34
0 70 0 0 500 322 4294966162 -1100 500 322 36
0 70 0 0 505 296 4294966162 -1103 505 296 39
0 77 0 0 518 277 4294966162 -1098 518 277 41
0 75 0 0 528 290 4294966162 -1101 528 290 42
0 76 0 0 547 298 4294966162 -1098 547 298 40
0 76 0 0 554 309 4294966162 -1100 554 309 42
0 89 0 0 560 315 4294966162 -1095 560 315 50
0 75 0 0 571 328 4294966162 -1098 571 328 39
0 75 0 0 579 305 4294966162 -1097 579 305 38
0 72 0 0 590 289 4294966162 -1100 590 289 38
0 81 0 0 598 267 4294966162 -1095 598 267 42
0 93 0 0 598 238 4294966162 -1091 598 238 50
0 82 0 0 616 206 4294966162 -1094 616 206 42
0 91 0 0 629 189 4294966162 -1089 629 189 46
0 87 0 0 645 189 4294966162 -1092 645 189 45
0 85 0 0 651 197 4294966162 -1087 651 197 38
0 90 0 0 658 195 4294966162 -1090 658 195 46
0 95 0 0 666 191 4294966162 -1087 666 191 48
0 99 0 0 669 189 4294966162 -1079 669 189 44
0 94 0 0 680 188 4294966162 -1088 680 188 48
0 89 0 0 695 188 4294966162 -1085 695 188 40
0 88 0 0 698 197 4294966162 -1091 698 197 45
0 74 0 0 709 195 4294966162 -1108 709 195 48
0 70 0 0 719 200 4294966162 -1097 719 200 33
0 49 0 0 713 202 4294966162 -1099 713 202 14
0 62 0 0 721 189 4294966162 -1106 721 189 34
0 83 0 0 729 189 4294966162 -1093 729 189 42
0 87 0 0 727 206 4294966162 -1096 727 206 49
0 78 0 0 734 224 4294966162 -1097 734 224 41
0 80 0 0 742 227 4294966162 -1094 742 227 40
0 91 0 0 747 225 4294966162 -1093 747 225 50
0 86 0 0 753 226 4294966162 -1086 753 226 38
0 43 0 0 770 226 4294966162 -1099 770 226 8
0 8 0 0 792 229 4294966162 -1126 792 229 0
0 0 0 0 796 228 4294966162 -1134 796 228 0
0 1 0 0 799 226 4294966162 -1134 799 226 1
0 21 0 0 808 239 4294966162 -1124 808 239 11
0 37 0 0 817 245 4294966162 -1116 817 245 19
0 49 0 0 822 245 4294966162 -1106 822 245 21
0 67 0 0 827 251 4294966162 -1100 827 251 33
0 91 0 0 836 241 4294966162 -1088 836 241 45
0 101 0 0 847 245 4294966162 -1087 847 245 54
0 98 0 0 856 249 4294966162 -1092 856 249 56
0 102 0 0 861 253 4294966162 -1083 861 253 51
0 88 0 0 868 259 4294966162 -1099 868 259 53
0 78 0 0 877 259 4294966162 -1104 877 259 48
0 69 0 0 892 258 4294966162 -1100 892 258 35
0 56 0 0 900 260 4294966162 -1104 900 260 26
0 49 0 0 910 254 4294966162 -1101 910 254 16
0 59 0 0 915 261 4294966162 -1110 915 261 35
0 81 0 0 914 269 4294966162 -1095 914 269 42
0 83 0 0 922 269 4294966162 -1102 922 269 51
0 87 0 0 937 268 4294966162 -1096 937 268 49
0 88 0 0 950 270 4294966162 -1097 950 270 51
0 97 0 0 960 268 4294966162 -1093 960 268 56
0 86 0 0 980 271 4294966162 -1098 980 271 50
0 84 0 0 990 275 4294966162 -1093 990 275 43
0 88 0 0 998 275 4294966162 -1098 998 275 52
0 93 0 0 972 277 4294966162 -1094 972 277 53
0 98 0 0 936 276 4294966162 -1091 936 276 55
0 91 0 0 907 279 4294966162 -1096 907 279 53
0 82 0 0 882 282 4294966162 -1099 882 282 47
0 92 0 0 849 275 4294966162 -1098 849 275 56
0 76 0 0 828 277 4294966162 -1109 828 277 51
0 66 0 0 800 276 4294966162 -1103 800 276 35
0 26 0 0 775 280 4294966162 -1117 775 280 9
0 33 0 0 750 278 4294966162 -1117 750 278 16
0 44 0 0 714 290 4294966162 -1114 714 290 24
0 60 0 0 716 281 4294966162 -1106 716 281 32
0 49 0 0 724 292 4294966162 -1115 724 292 30
0 57 0 0 714 294 4294966162 -1109 714 294 32
0 67 0 0 719 278 4294966162 -1106 719 278 39
0 75 0 0 723 279 4294966162 -1104 723 279 45
0 71 0 0 721 291 4294966162 -1106 721 291 43
0 71 0 0 723 289 4294966162 -1104 723 289 41
0 79 0 0 717 286 4294966162 -1104 717 286 49
0 84 0 0 714 292 4294966162 -1101 714 292 51
0 91 0 0 712 289 4294966162 -1097 712 289 54
0 87 0 0 721 289 4294966162 -1104 721 289 57
0 79 0 0 720 297 4294966162 -1099 720 297 44
0 69 0 0 730 288 4294966162 -1108 730 288 43
0 71 0 0 716 293 4294966162 -1102 716 293 39
0 64 0 0 690 289 4294966162 -1104 690 289 34
0 69 0 0 657 294 4294966162 -1105 657 294 40
0 85 0 0 616 293 4294966162 -1098 616 293 49
0 84 0 0 584 294 4294966162 -1104 584 294 54
0 88 0 0 556 289 4294966162 -1098 556 289 52
0 95 0 0 524 282 4294966162 -1097 524 282 58
0 89 0 0 492 287 4294966162 -1101 492 287 56
0 86 0 0 470 286 4294966162 -1101 470 286 53
0 74 0 0 441 294 4294966162 -1106 441 294 46
0 58 0 0 415 292 4294966162 -1116 415 292 40
0 51 0 0 382 296 4294966162 -1111 382 296 28
0 22 0 0 360 283 4294966162 -1125 360 283 13
0 28 0 0 329 293 4294966162 -1120 329 293 14
0 43 0 0 299 288 4294966162 -1116 299 288 25
0 49 0 0 275 289 4294966162 -1113 275 289 28
0 51 0 0 247 293 4294966162 -1112 247 293 29
0 56 0 0 217 293 4294966162 -1110 217 293 32
0 62 0 0 183 296 4294966162 -1108 183 296 36
0 67 0 0 154 291 4294966162 -1108 154 291 41
0 79 0 0 115 293 4294966162 -1103 115 293 48
0 76 0 0 77 303 4294966162 -1106 77 303 48
0 85 0 0 52 283 4294966162 -1101 52 283 52
0 92 0 0 23 283 4294966162 -1103 23 283 61
0 83 0 0 0 290 4294966162 -1102 0 290 51
0 67 0 0 3 284 4294966163 -1107 3 284 41
0 62 0 0 17 300 4294966163 -1106 17 300 35
0 54 0 0 35 297 4294966163 -1110 35 297 31
0 70 0 0 42 295 4294966163 -1102 42 295 39
0 71 0 0 44 293 4294966163 -1099 44 293 37
0 38 0 0 52 303 4294966163 -1107 52 303 12
0 47 0 0 66 296 4294966163 -1115 66 296 29
0 58 0 0 82 298 4294966163 -1106 82 298 31
0 70 0 0 94 297 4294966163 -1104 94 297 41
0 73 0 0 104 303 4294966163 -1103 104 303 43
0 89 0 0 117 289 4294966163 -1097 117 289 53
0 93 0 0 127 292 4294966163 -1099 127 292 59
0 89 0 0 133 304 4294966163 -1102 133 304 58
0 82 0 0 142 306 4294966163 -1102 142 306 51
0 80 0 0 155 302 4294966163 -1108 155 302 55
0 74 0 0 167 302 4294966163 -1112 167 302 53
0 68 0 0 180 300 4294966163 -1110 180 300 45
0 31 0 0 185 309 4294966163 -1110 185 309 8
0 35 0 0 196 305 4294966163 -1123 196 305 25
0 55 0 0 200 311 4294966163 -1111 200 311 33
0 53 0 0 212 313 4294966163 -1113 212 313 33
0 62 0 0 213 319 4294966163 -1109 213 319 38
0 63 0 0 222 317 4294966163 -1110 222 317 40
0 65 0 0 230 319 4294966163 -1108 230 319 40
0 71 0 0 237 313 4294966163 -1107 237 313 45
0 77 0 0 232 321 4294966163 -1106 232 321 50
0 74 0 0 240 322 4294966163 -1108 240 322 49
0 88 0 0 232 324 4294966163 -1101 232 324 56
0 71 0 0 244 330 4294966163 -1106 244 330 44
0 80 0 0 254 324 4294966163 -1101 254 324 48
0 78 0 0 267 329 4294966163 -1105 267 329 50
0 61 0 0 276 337 4294966163 -1100 276 337 28
0 26 0 0 284 333 4294966163 -1108 284 333 1
0 0 0 0 283 344 4294966163 -1134 283 344 1
0 1 0 0 288 328 4294966163 -1133 288 328 1
0 15 0 0 297 323 4294966163 -1127 297 323 9
0 36 0 0 312 330 4294966163 -1116 312 330 19
0 56 0 0 320 342 4294966163 -1107 320 342 30
0 71 0 0 326 352 4294966163 -1104 326 352 42
0 71 0 0 339 360 4294966163 -1105 339 360 43
0 76 0 0 352 364 4294966163 -1102 352 364 45
0 90 0 0 358 360 4294966163 -1099 358 360 56
0 94 0 0 360 375 4294966163 -1101 360 375 62
0 91 0 0 372 373 4294966163 -1102 372 373 60
0 90 0 0 384 380 4294966163 -1100 384 380 57
0 100 0 0 386 381 4294966163 -1097 386 381 64
0 99 0 0 396 381 4294966163 -1098 396 381 64
0 93 0 0 401 387 4294966163 -1101 401 387 61
0 100 0 0 411 385 4294966163 -1100 411 385 67
0 84 0 0 410 394 4294966163 -1107 410 394 58
0 84 0 0 407 398 4294966163 -1109 407 398 60
0 71 0 0 410 401 4294966163 -1116 410 401 54
0 79 0 0 410 409 4294966163 -1108 410 409 54
0 80 0 0 408 413 4294966163 -1112 408 413 59
0 60 0 0 402 416 4294966163 -1108 402 416 35
0 31 0 0 377 418 4294966163 -1117 377 418 15
0 42 0 0 358 425 4294966163 -1115 358 425 24
0 55 0 0 371 427 4294966163 -1113 371 427 35
0 58 0 0 391 434 4294966163 -1111 391 434 36
0 73 0 0 392 444 4294966163 -1105 392 444 45
0 66 0 0 406 461 4294966163 -1111 406 461 44
0 73 0 0 416 461 4294966163 -1104 416 461 44
0 69 0 0 429 468 4294966163 -1109 429 468 45
0 76 0 0 443 468 4294966163 -1103 443 468 46
0 77 0 0 447 478 4294966163 -1106 447 478 50
0 80 0 0 421 486 4294966163 -1103 421 486 50
0 83 0 0 390 497 4294966163 -1103 390 497 53
0 82 0 0 368 496 4294966163 -1101 368 496 50
0 79 0 0 336 499 4294966163 -1105 336 499 51
0 85 0 0 304 495 4294966163 -1102 304 495 54
0 88 0 0 305 500 4294966163 -1101 305 500 56
0 91 0 0 324 492 4294966163 -1099 324 492 57
0 100 0 0 338 489 4294966163 -1098 338 489 65
0 97 0 0 351 492 4294966163 -1100 351 492 64
0 85 0 0 361 500 4294966163 -1102 361 500 54
0 71 0 0 373 499 4294966163 -1109 373 499 47
0 65 0 0 378 499 4294966163 -1112 378 499 44
0 50 0 0 386 500 4294966163 -1117 386 500 34
0 47 0 0 351 497 4294966163 -1112 351 497 26
0 19 0 0 326 496 4294966163 -1126 326 496 12
0 45 0 0 295 491 4294966163 -1112 295 491 24
0 48 0 0 298 496 4294966163 -1117 298 496 32
0 56 0 0 291 500 4294966163 -1110 291 500 33
0 57 0 0 298 500 4294966163 -1112 298 500 36
0 63 0 0 301 481 4294966163 -1109 301 481 39
0 61 0 0 301 456 4294966164 -1110 301 456 39
0 59 0 0 286 426 4294966164 -1110 286 426 37
0 68 0 0 257 393 4294966164 -1107 257 393 43
0 70 0 0 230 359 4294966164 -1106 230 359 44
0 36 0 0 201 330 4294966164 -1104 201 330 8
0 32 0 0 203 329 4294966164 -1123 203 329 23
0 57 0 0 189 337 4294966164 -1106 189 337 31
0 68 0 0 193 329 4294966164 -1107 193 329 43
0 72 0 0 195 339 4294966164 -1104 195 339 44
0 80 0 0 201 327 4294966164 -1103 201 327 51
0 87 0 0 195 330 4294966164 -1100 195 330 55
0 80 0 0 209 332 4294966164 -1103 209 332 51
0 74 0 0 209 337 4294966164 -1104 209 337 46
0 91 0 0 211 326 4294966164 -1098 211 326 57
0 91 0 0 213 336 4294966164 -1102 213 336 61
0 88 0 0 223 336 4294966164 -1101 223 336 57
0 95 0 0 235 306 4294966164 -1097 235 306 60
0 93 0 0 239 281 4294966164 -1100 239 281 61
0 93 0 0 248 279 4294966164 -1096 248 279 57
0 92 0 0 238 285 4294966164 -1097 238 285 57
0 81 0 0 253 295 4294966165 -1107 253 295 57
0 83 0 0 243 308 4294966165 -1098 243 308 50
0 76 0 0 245 317 4294966165 -1112 245 317 57
0 81 0 0 249 318 4294966165 -1110 249 318 60
0 77 0 0 255 325 4294966165 -1109 255 325 55
0 37 0 0 250 337 4294966165 -1110 250 337 16
0 34 0 0 262 329 4294966165 -1122 262 329 25
0 42 0 0 263 299 4294966165 -1113 263 299 24
0 52 0 0 261 266 4294966165 -1112 261 266 33
0 60 0 0 264 246 4294966165 -1110 264 246 39
0 71 0 0 266 251 4294966166 -1106 266 251 47
0 80 0 0 269 255 4294966166 -1104 269 255 54
0 80 0 0 270 262 4294966166 -1102 270 262 52
0 76 0 0 275 271 4294966166 -1106 275 271 52
0 70 0 0 275 274 4294966166 -1103 275 274 43
0 46 0 0 277 266 4294966167 -1102 277 266 19
0 48 0 0 273 252 4294966167 -1117 273 252 36
0 69 0 0 290 201 4294966167 -1101 290 201 41
0 67 0 0 287 164 4294966167 -1110 287 164 48
0 61 0 0 278 164 4294966167 -1100 278 164 32
0 32 0 0 284 172 4294966167 -1116 284 172 19
0 38 0 0 290 168 4294966167 -1117 290 168 26
0 56 0 0 289 165 4294966167 -1106 289 165 33
0 69 0 0 290 160 4294966167 -1105 290 160 45
0 75 0 0 286 171 4294966167 -1103 286 171 49
0 84 0 0 288 174 4294966167 -1101 288 174 56
0 78 0 0 295 176 4294966167 -1104 295 176 53
0 79 0 0 292 177 4294966167 -1102 292 177 52
0 88 0 0 302 160 4294966167 -1100 302 160 59
0 95 0 0 291 169 4294966167 -1100 291 169 66
0 92 0 0 301 166 4294966167 -1099 301 166 62
0 75 0 0 305 178 4294966167 -1104 305 178 50
0 35 0 0 295 197 4294966167 -1104 295 197 10
0 2 0 0 294 190 4294966167 -1132 294 190 5
0 2 0 0 288 185 4294966167 -1133 288 185 6
0 1 0 0 290 190 4294966167 -1133 290 190 5
0 10 0 0 296 201 4294966167 -1129 296 201 10
0 23 0 0 299 212 4294966167 -1122 299 212 16
0 45 0 0 297 206 4294966167 -1113 297 206 29
0 42 0 0 311 210 4294966167 -1115 311 210 28
0 43 0 0 301 222 4294966167 -1114 301 222 28
0 45 0 0 306 217 4294966167 -1115 306 217 31
0 52 0 0 313 215 4294966167 -1112 313 215 35
0 56 0 0 308 214 4294966167 -1109 308 214 36
0 59 0 0 302 226 4294966167 -1110 302 226 40
0 67 0 0 309 219 4294966167 -1105 309 219 43
0 79 0 0 295 224 4294966167 -1104 295 224 54
0 75 0 0 306 228 4294966167 -1106 306 228 52
0 73 0 0 304 235 4294966167 -1104 304 235 48
0 80 0 0 306 229 4294966167 -1102 306 229 53
0 74 0 0 307 230 4294966167 -1102 307 230 47
0 83 0 0 299 229 4294966167 -1098 299 229 52
0 73 0 0 313 237 4294966167 -1108 313 237 52
0 90 0 0 297 237 4294966167 -1093 297 237 54
0 80 0 0 302 240 4294966167 -1107 302 240 58
0 84 0 0 307 239 4294966167 -1095 307 239 50
0 76 0 0 311 241 4294966167 -1105 311 241 52
0 78 0 0 310 246 4294966167 -1101 310 246 50
0 64 0 0 315 242 4294966167 -1105 315 242 40
0 61 0 0 315 242 4294966167 -1106 315 242 38
0 68 0 0 308 247 4294966167 -1105 308 247 44
0 71 0 0 312 246 4294966167 -1104 312 246 46
0 77 0 0 310 244 4294966167 -1102 310 244 50
0 88 0 0 300 246 4294966167 -1098 300 246 57
0 77 0 0 316 246 4294966167 -1106 316 246 54
0 73 0 0 317 247 4294966167 -1100 317 247 44
0 62 0 0 311 255 4294966167 -1107 311 255 40
0 73 0 0 305 251 4294966167 -1099 305 251 43
0 77 0 0 312 247 4294966167 -1105 312 247 53
0 83 0 0 315 244 4294966167 -1098 315 244 52
0 74 0 0 307 261 4294966167 -1105 307 261 50
0 84 0 0 301 262 4294966167 -1100 301 262 55
0 71 0 0 307 263 4294966167 -1105 307 263 47
0 79 0 0 313 257 4294966167 -1102 313 257 52
0 71 0 0 316 256 4294966167 -1102 316 256 44
0 70 0 0 315 254 4294966167 -1103 315 254 44
0 76 0 0 315 255 4294966167 -1103 315 255 50
0 75 0 0 317 256 4294966167 -1103 317 256 49
0 84 0 0 309 257 4294966167 -1101 309 257 56
0 82 0 0 309 261 4294966167 -1100 309 261 53
0 74 0 0 319 259 4294966167 -1104 319 259 49
0 80 0 0 319 255 4294966167 -1098 319 255 49
0 83 0 0 315 252 4294966167 -1099 315 252 53
0 77 0 0 316 260 4294966167 -1100 316 260 48
0 81 0 0 309 264 4294966167 -1103 309 264 55
0 72 0 0 320 264 4294966167 -1101 320 264 44
0 85 0 0 311 260 4294966167 -1098 311 260 54
0 71 0 0 321 268 4294966167 -1104 321 268 46
0 69 0 0 328 260 4294966167 -1102 328 260 42
0 78 0 0 322 258 4294966167 -1100 322 258 49
0 66 0 0 328 266 4294966167 -1102 328 266 39
0 61 0 0 333 260 4294966167 -1105 333 260 37
0 77 0 0 322 260 4294966167 -1098 322 260 46
0 79 0 0 331 260 4294966167 -1100 331 260 50
0 87 0 0 330 258 4294966167 -1094 330 258 52
0 86 0 0 332 259 4294966167 -1097 332 259 54
0 83 0 0 331 265 4294966167 -1095 331 265 49
0 93 0 0 330 262 4294966167 -1093 330 262 57
0 91 0 0 330 260 4294966167 -1091 330 260 53
0 85 0 0 334 268 4294966167 -1094 334 268 50
0 99 0 0 342 252 4294966167 -1090 342 252 60
0 88 0 0 340 252 4294966167 -1090 340 252 49
0 79 0 0 344 256 4294966167 -1097 344 256 47
0 78 0 0 346 259 4294966167 -1095 346 259 44
0 61 0 0 358 257 4294966167 -1110 358 257 42
0 59 0 0 354 268 4294966167 -1107 354 268 37
0 61 0 0 350 257 4294966167 -1102 350 257 34
0 50 0 0 350 260 4294966167 -1101 350 260 22
0 47 0 0 358 270 4294966167 -1115 358 270 33
0 65 0 0 355 267 4294966167 -1100 355 267 36
0 62 0 0 371 267 4294966167 -1107 371 267 40
0 73 0 0 362 271 4294966167 -1098 362 271 42
0 73 0 0 368 267 4294966167 -1103 368 267 47
0 85 0 0 378 261 4294966167 -1096 378 261 52
0 79 0 0 379 267 4294966167 -1099 379 267 49
0 78 0 0 375 276 4294966167 -1097 375 276 46
0 86 0 0 381 269 4294966167 -1095 381 269 52
0 90 0 0 382 265 4294966167 -1092 382 265 53
0 77 0 0 398 269 4294966167 -1100 398 269 48
0 85 0 0 390 273 4294966167 -1093 390 273 49
0 69 0 0 400 275 4294966167 -1110 400 275 50
0 69 0 0 404 271 4294966167 -1108 404 271 48
0 34 0 0 407 279 4294966167 -1110 407 279 15
0 35 0 0 406 274 4294966167 -1120 406 274 26
0 50 0 0 406 280 4294966167 -1109 406 280 30
0 54 0 0 419 274 4294966167 -1111 419 274 36
0 52 0 0 429 285 4294966167 -1113 429 285 36
0 59 0 0 436 277 4294966167 -1106 436 277 36
0 70 0 0 433 275 4294966167 -1106 433 275 47
0 71 0 0 442 286 4294966167 -1106 442 286 48
0 67 0 0 447 288 4294966167 -1104 447 288 42
0 73 0 0 444 288 4294966167 -1101 444 288 45
0 68 0 0 448 297 4294966167 -1108 448 297 47
0 76 0 0 463 285 4294966167 -1101 463 285 48
0 69 0 0 479 291 4294966167 -1106 479 291 46
0 73 0 0 477 297 4294966167 -1103 477 297 47
0 75 0 0 479 300 4294966167 -1104 479 300 50
0 67 0 0 494 297 4294966167 -1103 494 297 41
0 35 0 0 494 298 4294966167 -1101 494 298 7
0 9 0 0 493 300 4294966167 -1129 493 300 9
0 2 0 0 502 294 4294966167 -1133 502 294 6
0 8 0 0 505 289 4294966167 -1130 505 289 9
0 39 0 0 521 283 4294966167 -1114 521 283 24
0 54 0 0 533 292 4294966167 -1107 533 292 32
0 57 0 0 538 306 4294966167 -1110 538 306 38
0 67 0 0 549 316 4294966167 -1104 549 316 42
0 74 0 0 554 314 4294966167 -1100 554 314 45
0 69 0 0 562 323 4294966167 -1107 562 323 47
0 77 0 0 565 332 4294966167 -1100 565 332 48
0 74 0 0 564 345 4294966167 -1106 564 345 51
0 88 0 0 569 336 4294966167 -1097 569 336 56
0 85 0 0 574 343 4294966167 -1103 574 343 59
0 99 0 0 582 333 4294966167 -1096 582 333 66
0 82 0 0 593 350 4294966167 -1107 593 350 60
0 83 0 0 605 355 4294966167 -1103 605 355 57
0 72 0 0 607 358 4294966167 -1109 607 358 52
0 59 0 0 615 365 4294966167 -1117 615 365 47
0 50 0 0 626 359 4294966167 -1110 626 359 31
0 20 0 0 636 367 4294966167 -1127 636 367 18
0 25 0 0 647 379 4294966167 -1121 647 379 17
0 25 0 0 657 387 4294966167 -1122 657 387 18
0 36 0 0 668 380 4294966167 -1117 668 380 24
0 48 0 0 684 377 4294966167 -1112 684 377 31
0 56 0 0 691 385 4294966167 -1112 691 385 39
0 66 0 0 698 394 4294966167 -1107 698 394 44
0 68 0 0 709 398 4294966167 -1108 709 398 47
0 77 0 0 720 400 4294966167 -1105 720 400 53
0 85 0 0 724 406 4294966167 -1104 724 406 60
0 94 0 0 728 410 4294966167 -1101 728 410 66
0 83 0 0 732 423 4294966167 -1108 732 423 62
0 85 0 0 744 429 4294966167 -1103 744 429 59
0 78 0 0 750 441 4294966167 -1111 750 441 60
0 77 0 0 751 449 4294966167 -1112 751 449 60
0 67 0 0 759 457 4294966167 -1115 759 457 53
0 44 0 0 775 451 4294966167 -1113 775 451 28
0 10 0 0 787 465 4294966167 -1130 787 465 11
0 15 0 0 798 479 4294966167 -1126 798 479 12
0 32 0 0 804 476 4294966167 -1119 804 476 22
0 35 0 0 817 485 4294966167 -1119 817 485 25
0 45 0 0 830 483 4294966167 -1117 830 483 33
0 59 0 0 844 482 4294966167 -1111 844 482 41
0 59 0 0 859 488 4294966167 -1114 859 488 44
0 68 0 0 866 497 4294966167 -1109 866 497 48
0 75 0 0 873 499 4294966167 -1108 873 499 54
0 76 0 0 876 499 4294966167 -1106 876 499 53
0 80 0 0 885 499 4294966167 -1108 885 499 59
0 75 0 0 903 500 4294966167 -1110 903 500 56
0 86 0 0 910 498 4294966167 -1105 910 498 62
0 85 0 0 915 500 4294966167 -1107 915 500 63
0 82 0 0 928 499 4294966167 -1109 928 499 62
0 84 0 0 931 499 4294966167 -1106 931 499 61
0 86 0 0 936 499 4294966167 -1106 936 499 63
0 84 0 0 950 499 4294966168 -1106 950 499 62
0 88 0 0 947 500 4294966168 -1106 947 500 66
0 73 0 0 958 498 4294966168 -1108 958 498 53
0 76 0 0 964 499 4294966168 -1109 964 499 57
0 67 0 0 970 500 4294966168 -1107 970 500 46
0 38 0 0 979 496 4294966168 -1107 979 496 17
0 41 0 0 988 498 4294966168 -1120 988 498 33
0 50 0 0 994 500 4294966168 -1113 994 500 35
0 59 0 0 999 479 4294966168 -1109 999 479 40
0 61 0 0 1000 444 4294966168 -1112 1000 444 45
0 67 0 0 1000 403 4294966168 -1109 1000 403 48
0 63 0 0 999 383 4294966168 -1112 999 383 47
0 66 0 0 1000 351 4294966168 -1108 1000 351 46
0 70 0 0 999 331 4294966168 -1109 999 331 51
0 76 0 0 999 336 4294966168 -1107 999 336 55
0 67 0 0 998 334 4294966168 -1112 998 334 51
0 66 0 0 999 338 4294966168 -1109 999 338 47
0 70 0 0 995 337 4294966168 -1111 995 337 53
0 70 0 0 998 335 4294966168 -1110 998 335 52
0 74 0 0 998 332 4294966168 -1108 998 332 54
0 81 0 0 1000 324 4294966169 -1107 1000 324 61
0 78 0 0 996 332 4294966169 -1109 996 332 60
0 78 0 0 999 334 4294966169 -1107 999 334 58
0 77 0 0 999 337 4294966169 -1107 999 337 57
0 61 0 0 1000 329 4294966169 -1108 1000 329 42
0 34 0 0 1000 331 4294966169 -1116 1000 331 23
0 43 0 0 999 337 4294966169 -1116 999 337 32
0 50 0 0 999 343 4294966169 -1114 999 343 37
0 59 0 0 1000 353 4294966169 -1107 1000 353 39
0 61 0 0 1000 363 4294966169 -1113 1000 363 47
0 66 0 0 993 377 4294966170 -1106 993 377 46
0 71 0 0 957 390 4294966170 -1108 957 390 53
0 70 0 0 928 404 4294966170 -1107 928 404 51
0 72 0 0 892 422 4294966170 -1107 892 422 53
0 46 0 0 859 431 4294966170 -1104 859 431 24
0 50 0 0 833 428 4294966171 -1116 833 428 41
0 57 0 0 815 432 4294966171 -1106 815 432 38
0 66 0 0 783 441 4294966172 -1107 783 441 49
0 55 0 0 755 454 4294966172 -1104 755 454 35
0 36 0 0 722 461 4294966172 -1115 722 461 27
0 36 0 0 698 453 4294966173 -1113 698 453 26
0 24 0 0 690 459 4294966173 -1123 690 459 24
0 31 0 0 691 457 4294966174 -1114 691 457 23
0 25 0 0 687 437 4294966174 -1121 687 437 24
0 38 0 0 681 402 4294966174 -1106 681 402 22
0 38 0 0 700 375 4294966174 -1114 700 375 30
0 26 0 0 694 341 4294966174 -1120 694 341 24
0 55 0 0 684 311 4294966174 -1106 684 311 39
0 83 0 0 690 307 4294966174 -1092 690 307 53
0 93 0 0 691 302 4294966174 -1087 691 302 58
0 96 0 0 686 312 4294966174 -1095 686 312 69
0 79 0 0 691 311 4294966174 -1087 691 311 44
0 36 0 0 682 319 4294966174 -1099 682 319 13
0 3 0 0 678 315 4294966174 -1131 678 315 12
0 0 0 0 680 307 4294966174 -1134 680 307 12
0 6 0 0 679 299 4294966174 -1128 679 299 12
0 13 0 0 679 312 4294966174 -1127 679 312 18
0 31 0 0 688 315 4294966174 -1117 688 315 26
0 40 0 0 682 333 4294966174 -1112 682 333 30
0 61 0 0 687 330 4294966174 -1101 687 330 40
0 75 0 0 683 333 4294966174 -1100 683 333 53
0 69 0 0 693 333 4294966174 -1097 693 333 44
0 66 0 0 689 340 4294966174 -1103 689 340 47
0 74 0 0 669 340 4294966174 -1096 669 340 48
0 71 0 0 639 345 4294966174 -1100 639 345 49
0 81 0 0 597 349 4294966174 -1093 597 349 52
0 93 0 0 555 344 4294966174 -1088 555 344 59
0 90 0 0 526 341 4294966174 -1092 526 341 60
0 89 0 0 497 343 4294966174 -1091 497 343 58
0 80 0 0 458 354 4294966174 -1097 458 354 55
0 69 0 0 425 347 4294966174 -1106 425 347 53
0 63 0 0 393 353 4294966174 -1110 393 353 51
0 64 0 0 356 355 4294966174 -1104 356 355 46
0 63 0 0 315 358 4294966174 -1107 315 358 48
0 68 0 0 280 353 4294966174 -1103 280 353 49
0 71 0 0 248 350 4294966174 -1104 248 350 53
0 67 0 0 217 351 4294966174 -1107 217 351 52
0 72 0 0 193 355 4294966174 -1104 193 355 54
0 64 0 0 159 365 4294966174 -1104 159 365 46
0 55 0 0 130 366 4294966174 -1108 130 366 41
0 62 0 0 102 361 4294966174 -1104 102 361 44
0 75 0 0 68 359 4294966174 -1101 68 359 54
0 79 0 0 34 364 4294966174 -1101 34 364 58
0 77 0 0 0 373 4294966174 -1103 0 373 58
0 62 0 0 0 360 4294966174 -1106 0 360 46
0 48 0 0 0 356 4294966174 -1112 0 356 38
0 44 0 0 0 361 4294966174 -1112 0 361 34
0 33 0 0 0 374 4294966174 -1115 0 374 26
0 42 0 0 1 365 4294966174 -1112 1 365 32
0 56 0 0 5 367 4294966174 -1107 5 367 41
0 67 0 0 12 376 4294966174 -1104 12 376 49
0 82 0 0 23 372 4294966174 -1099 23 372 59
0 84 0 0 38 379 4294966174 -1101 38 379 63
0 100 0 0 41 379 4294966174 -1092 41 379 70
0 92 0 0 58 377 4294966174 -1101 58 377 71
0 87 0 0 73 384 4294966174 -1099 73 384 64
0 75 0 0 87 383 4294966174 -1101 87 383 54
0 74 0 0 95 380 4294966174 -1110 95 380 62
0 79 0 0 101 379 4294966174 -1109 101 379 66
0 44 0 0 118 381 4294966174 -1109 118 381 31
0 24 0 0 129 388 4294966174 -1127 129 388 29
0 46 0 0 134 381 4294966174 -1111 134 381 35
0 56 0 0 148 374 4294966174 -1114 148 374 48
0 62 0 0 157 389 4294966174 -1107 157 389 47
0 65 0 0 170 384 4294966174 -1110 170 384 53
0 70 0 0 184 384 4294966174 -1104 184 384 52
0 66 0 0 176 385 4294966174 -1109 176 385 53
0 75 0 0 156 386 4294966174 -1103 156 386 56
0 75 0 0 160 384 4294966174 -1106 160 384 59
0 84 0 0 158 382 4294966174 -1100 158 382 62
0 86 0 0 154 388 4294966174 -1101 154 388 65
0 84 0 0 159 388 4294966174 -1101 159 388 63
0 96 0 0 151 386 4294966174 -1098 151 386 72
0 89 0 0 149 396 4294966174 -1100 149 396 67
0 92 0 0 162 380 4294966174 -1096 162 380 66
0 93 0 0 170 378 4294966174 -1101 170 378 72
0 82 0 0 169 395 4294966174 -1100 169 395 60
0 80 0 0 167 392 4294966174 -1101 167 392 59
0 85 0 0 170 386 4294966174 -1101 170 386 64
0 86 0 0 184 380 4294966174 -1100 184 380 64
0 88 0 0 170 390 4294966174 -1099 170 390 65
0 90 0 0 176 391 4294966174 -1098 176 391 66
0 82 0 0 178 391 4294966174 -1100 178 391 60
0 86 0 0 181 386 4294966174 -1098 181 386 62
0 89 0 0 194 376 4294966174 -1100 194 376 67
0 96 0 0 189 378 4294966175 -1096 189 378 71
0 93 0 0 184 374 4294966175 -1096 184 374 68
0 83 0 0 190 378 4294966175 -1102 190 378 64
0 77 0 0 196 381 4294966175 -1104 196 381 60
0 69 0 0 198 390 4294966175 -1112 198 390 60
0 80 0 0 188 387 4294966175 -1109 188 387 68
0 58 0 0 200 393 4294966175 -1114 200 393 51
0 28 0 0 203 387 4294966175 -1111 203 387 18
0 31 0 0 200 396 4294966175 -1122 200 396 32
0 45 0 0 205 394 4294966175 -1113 205 394 37
0 55 0 0 209 389 4294966175 -1109 209 389 43
0 63 0 0 209 391 4294966175 -1109 209 391 51
0 70 0 0 202 399 4294966175 -1106 202 399 55
0 66 0 0 209 403 4294966175 -1110 209 403 55
0 73 0 0 218 395 4294966175 -1104 218 395 56
0 72 0 0 220 394 4294966175 -1105 220 394 56
0 85 0 0 215 391 4294966175 -1100 215 391 64
0 85 0 0 224 394 4294966175 -1102 224 394 66
0 88 0 0 221 396 4294966175 -1101 221 396 68
0 92 0 0 226 394 4294966175 -1098 226 394 69
0 91 0 0 229 391 4294966175 -1100 229 391 70
0 91 0 0 223 401 4294966175 -1099 223 401 69
0 91 0 0 216 402 4294966175 -1103 216 402 73
0 81 0 0 223 405 4294966175 -1102 223 405 62
0 84 0 0 228 397 4294966175 -1100 228 397 63
0 75 0 0 232 400 4294966175 -1114 232 400 68
0 70 0 0 235 406 4294966175 -1108 235 406 57
0 35 0 0 230 406 4294966175 -1111 230 406 25
0 32 0 0 230 404 4294966175 -1122 230 404 33
0 49 0 0 234 402 4294966175 -1111 234 402 39
0 49 0 0 241 406 4294966175 -1116 241 406 44
0 49 0 0 244 411 4294966175 -1116 244 411 44
0 46 0 0 242 416 4294966175 -1114 242 416 39
0 10 0 0 234 420 4294966175 -1124 234 420 13
0 0 0 0 238 403 4294966175 -1134 238 403 13
0 0 0 0 236 400 4294966175 -1134 236 400 13
0 0 0 0 239 396 4294966175 -1134 239 396 13
0 4 0 0 243 409 4294966175 -1132 243 409 15
0 22 0 0 244 420 4294966175 -1123 244 420 24
0 38 0 0 245 428 4294966175 -1117 245 428 34
0 54 0 0 241 430 4294966175 -1109 241 430 42
0 60 0 0 241 434 4294966175 -1111 241 434 50
0 71 0 0 236 438 4294966175 -1106 236 438 56
0 80 0 0 237 436 4294966175 -1107 237 436 66
0 76 0 0 246 440 4294966175 -1106 246 440 61
0 81 0 0 243 436 4294966175 -1105 243 436 65
0 67 0 0 247 452 4294966175 -1109 247 452 55
0 71 0 0 242 454 4294966175 -1107 242 454 57
0 72 0 0 241 459 4294966175 -1109 241 459 60
0 72 0 0 238 457 4294966175 -1104 238 457 55
0 70 0 0 248 455 4294966175 -1110 248 455 59
0 69 0 0 243 463 4294966175 -1107 243 463 55
0 65 0 0 241 474 4294966175 -1110 241 474 54
0 77 0 0 235 471 4294966175 -1104 235 471 60
0 70 0 0 247 475 4294966175 -1109 247 475 58
0 63 0 0 253 477 4294966175 -1109 253 477 51
0 73 0 0 243 476 4294966175 -1106 243 476 58
0 62 0 0 246 486 4294966175 -1109 246 486 50
0 58 0 0 252 491 4294966175 -1112 252 491 49
0 65 0 0 243 498 4294966175 -1107 243 498 51
0 66 0 0 239 500 4294966175 -1110 239 500 55
0 77 0 0 243 489 4294966175 -1105 243 489 61
0 74 0 0 243 500 4294966175 -1108 243 500 61
0 72 0 0 248 500 4294966175 -1105 248 500 56
0 68 0 0 249 500 4294966175 -1111 249 500 58
0 60 0 0 244 498 4294966175 -1106 244 498 45
0 58 0 0 245 495 4294966175 -1113 245 495 50
0 57 0 0 249 499 4294966175 -1110 249 499 46
0 76 0 0 231 498 4294966175 -1104 231 498 59
0 72 0 0 240 496 4294966175 -1108 240 496 59
0 70 0 0 250 499 4294966175 -1106 250 499 55
0 64 0 0 249 500 4294966175 -1110 249 500 53
0 69 0 0 253 497 4294966175 -1106 253 497 54
0 72 0 0 248 495 4294966175 -1103 248 495 54
0 72 0 0 251 500 4294966175 -1108 251 500 59
0 77 0 0 247 498 4294966175 -1103 247 498 59
0 72 0 0 255 500 4294966175 -1108 255 500 59
0 75 0 0 250 489 4294966175 -1104 250 489 58
0 69 0 0 257 460 4294966175 -1107 257 460 55
0 81 0 0 252 424 4294966175 -1102 252 424 62
0 77 0 0 254 391 4294966175 -1103 254 391 59
0 76 0 0 247 363 4294966175 -1099 247 363 54
0 77 0 0 251 341 4294966175 -1105 251 341 61
0 77 0 0 257 342 4294966175 -1099 257 342 55
0 83 0 0 252 341 4294966175 -1101 252 341 63
0 78 0 0 261 342 4294966175 -1100 261 342 57
0 87 0 0 253 338 4294966176 -1094 253 338 61
0 92 0 0 253 335 4294966176 -1097 253 335 69
0 89 0 0 256 339 4294966176 -1093 256 339 62
0 90 0 0 257 337 4294966176 -1092 257 337 62
0 79 0 0 273 328 4294966176 -1104 273 328 63
0 68 0 0 263 338 4294966176 -1110 263 338 58
0 66 0 0 264 337 4294966176 -1104 264 337 50
0 29 0 0 263 346 4294966176 -1113 263 346 22
0 30 0 0 269 341 4294966176 -1121 269 341 31
0 57 0 0 271 301 4294966176 -1106 271 301 43
0 62 0 0 277 267 4294966176 -1110 277 267 52
0 68 0 0 268 241 4294966176 -1103 268 241 51
0 78 0 0 272 207 4294966176 -1104 272 207 62
0 82 0 0 264 180 4294966176 -1101 264 180 63
0 85 0 0 268 146 4294966176 -1100 268 146 65
0 85 0 0 274 111 4294966176 -1098 274 111 63
0 59 0 0 292 84 4294966176 -1115 292 84 54
0 55 0 0 288 57 4294966176 -1113 288 57 48
0 26 0 0 285 29 4294966176 -1112 285 29 18
0 23 0 0 285 0 4294966176 -1125 285 0 28
0 7 0 0 295 1 4294966176 -1130 295 1 17
0 32 0 0 299 2 4294966176 -1117 299 2 29
0 30 0 0 307 19 4294966176 -1121 307 19 31
0 42 0 0 309 23 4294966176 -1116 309 23 38
0 46 0 0 314 30 4294966176 -1113 314 30 39
0 46 0 0 313 44 4294966176 -1115 313 44 41
0 55 0 0 317 51 4294966176 -1110 317 51 45
0 49 0 0 316 69 4294966176 -1114 316 69 43
0 45 0 0 324 88 4294966176 -1115 324 88 40
0 57 0 0 332 87 4294966176 -1110 332 87 47
0 60 0 0 331 95 4294966176 -1111 331 95 51
0 66 0 0 331 104 4294966176 -1107 331 104 53
0 64 0 0 337 121 4294966176 -1109 337 121 53
0 61 0 0 345 136 4294966176 -1111 345 136 52
0 52 0 0 352 151 4294966176 -1111 352 151 43
0 54 0 0 351 161 4294966176 -1111 351 161 45
0 64 0 0 352 174 4294966176 -1108 352 174 52
0 77 0 0 358 174 4294966176 -1105 358 174 62
0 70 0 0 365 193 4294966176 -1108 365 193 58
0 67 0 0 371 208 4294966176 -1108 371 208 55
0 76 0 0 369 195 4294966176 -1106 369 195 62
0 74 0 0 384 158 4294966176 -1107 384 158 61
0 77 0 0 382 124 4294966176 -1103 382 124 60
0 74 0 0 392 91 4294966176 -1106 392 91 60
0 68 0 0 400 77 4294966176 -1108 400 77 56
0 62 0 0 413 85 4294966176 -1110 413 85 52
0 62 0 0 407 104 4294966176 -1108 407 104 50
0 60 0 0 415 120 4294966176 -1111 415 120 51
0 67 0 0 423 126 4294966176 -1107 423 126 54
0 70 0 0 420 139 4294966176 -1108 420 139 58
0 59 0 0 437 150 4294966176 -1108 437 150 47
0 56 0 0 443 162 4294966176 -1113 443 162 49
0 65 0 0 443 168 4294966176 -1105 443 168 50
0 22 0 0 453 178 4294966176 -1112 453 178 14
0 1 0 0 455 184 4294966176 -1133 455 184 14
0 0 0 0 446 190 4294966176 -1134 446 190 14
0 10 0 0 453 186 4294966176 -1129 453 186 19
0 26 0 0 470 194 4294966176 -1121 470 194 27
0 39 0 0 487 196 4294966176 -1116 487 196 35
0 58 0 0 497 189 4294966176 -1108 497 189 46
0 65 0 0 505 198 4294966176 -1109 505 198 54
0 69 0 0 513 201 4294966176 -1106 513 201 55
0 71 0 0 518 207 4294966176 -1107 518 207 58
0 65 0 0 535 212 4294966176 -1108 535 212 53
0 74 0 0 538 207 4294966176 -1104 538 207 58
0 75 0 0 546 208 4294966176 -1106 546 208 61
0 90 0 0 556 198 4294966176 -1100 556 198 70
0 92 0 0 564 200 4294966176 -1102 564 200 74
0 96 0 0 571 203 4294966176 -1102 571 203 78
0 96 0 0 580 190 4294966176 -1098 580 190 74
0 86 0 0 590 194 4294966176 -1106 590 194 72
0 77 0 0 603 191 4294966176 -1112 603 191 69
0 80 0 0 606 192 4294966176 -1111 606 192 71
0 77 0 0 611 197 4294966176 -1112 611 197 69
0 75 0 0 620 193 4294966176 -1110 620 193 65
0 32 0 0 626 195 4294966176 -1111 626 195 23
0 37 0 0 630 194 4294966176 -1121 630 194 38
0 53 0 0 641 168 4294966176 -1109 641 168 42
0 53 0 0 653 141 4294966176 -1114 653 141 47
0 58 0 0 663 145 4294966176 -1111 663 145 49
0 70 0 0 678 133 4294966176 -1107 678 133 57
0 76 0 0 685 143 4294966176 -1108 685 143 64
0 78 0 0 704 140 4294966176 -1106 704 140 64
0 82 0 0 709 148 4294966176 -1104 709 148 66
0 82 0 0 721 152 4294966176 -1105 721 152 67
0 92 0 0 729 148 4294966176 -1099 729 148 71
0 84 0 0 734 156 4294966176 -1104 734 156 68
0 89 0 0 743 154 4294966176 -1101 743 154 70
0 94 0 0 743 153 4294966176 -1101 743 153 75
0 80 0 0 749 160 4294966176 -1106 749 160 66
0 62 0 0 770 164 4294966176 -1110 770 164 52
0 61 0 0 775 164 4294966176 -1115 775 164 56
0 78 0 0 771 157 4294966176 -1110 771 157 68
0 77 0 0 780 158 4294966176 -1111 780 158 68
0 50 0 0 793 165 4294966176 -1113 793 165 43
0 18 0 0 808 163 4294966176 -1127 808 163 25
0 27 0 0 812 171 4294966176 -1120 812 171 27
0 10 0 0 821 168 4294966176 -1127 821 168 17
0 25 0 0 833 164 4294966176 -1122 833 164 27
0 31 0 0 849 166 4294966176 -1121 849 166 32
0 32 0 0 870 167 4294966176 -1121 870 167 33
0 44 0 0 881 164 4294966176 -1115 881 164 39
0 44 0 0 901 162 4294966176 -1116 901 162 40
0 45 0 0 920 168 4294966176 -1116 920 168 41
0 52 0 0 930 167 4294966176 -1112 930 167 44
0 53 0 0 939 172 4294966176 -1116 939 172 49
0 53 0 0 949 176 4294966177 -1112 949 176 46
0 61 0 0 951 175 4294966177 -1111 951 175 53
0 54 0 0 958 183 4294966177 -1113 958 183 48
0 61 0 0 968 170 4294966177 -1111 968 170 53
0 30 0 0 972 177 4294966177 -1111 972 177 22
0 31 0 0 981 170 4294966177 -1123 981 170 35
0 38 0 0 997 172 4294966177 -1116 997 172 35
0 41 0 0 998 172 4294966177 -1116 998 172 38
0 41 0 0 999 174 4294966177 -1118 999 174 40
0 56 0 0 999 173 4294966177 -1110 999 173 47
0 57 0 0 999 167 4294966177 -1113 999 167 51
0 60 0 0 999 172 4294966177 -1111 999 172 52
0 66 0 0 1000 170 4294966177 -1111 1000 170 58
0 74 0 0 998 172 4294966177 -1107 998 172 62
0 79 0 0 998 175 4294966177 -1106 998 175 66
0 76 0 0 1000 172 4294966177 -1108 1000 172 65
0 77 0 0 998 172 4294966177 -1104 998 172 62
0 70 0 0 1000 167 4294966177 -1112 1000 167 63
0 74 0 0 999 168 4294966177 -1106 999 168 61
0 61 0 0 1000 175 4294966177 -1114 1000 175 56
0 63 0 0 999 179 4294966178 -1109 999 179 54
0 54 0 0 1000 177 4294966178 -1114 1000 177 50
0 58 0 0 1000 169 4294966178 -1111 1000 169 51
0 67 0 0 1000 163 4294966178 -1110 1000 163 59
0 47 0 0 999 176 4294966178 -1112 999 176 41
0 23 0 0 997 173 4294966178 -1124 997 173 29
0 39 0 0 999 176 4294966178 -1114 999 176 35
0 48 0 0 998 171 4294966178 -1116 998 171 46
0 56 0 0 972 175 4294966178 -1110 972 175 48
0 54 0 0 949 171 4294966178 -1114 949 171 50
0 48 0 0 925 179 4294966179 -1114 925 179 45
0 55 0 0 887 183 4294966179 -1112 887 183 50
0 62 0 0 845 182 4294966179 -1110 845 182 55
0 53 0 0 817 173 4294966179 -1110 817 173 46
0 35 0 0 783 168 4294966179 -1108 783 168 26
0 38 0 0 754 172 4294966179 -1120 754 172 41
0 48 0 0 722 183 4294966179 -1110 722 183 41
0 53 0 0 692 177 4294966179 -1112 692 177 48
0 65 0 0 656 178 4294966179 -1107 656 178 55
0 71 0 0 656 179 4294966179 -1106 656 179 60
0 80 0 0 653 177 4294966179 -1101 653 177 64
0 84 0 0 648 183 4294966179 -1103 648 183 70
0 92 0 0 645 182 4294966179 -1099 645 182 74
0 87 0 0 661 177 4294966180 -1103 661 177 74
0 90 0 0 649 188 4294966180 -1099 649 188 73
0 86 0 0 654 191 4294966180 -1100 654 191 70
0 87 0 0 660 180 4294966181 -1099 660 180 71
0 91 0 0 656 184 4294966181 -1098 656 184 74
0 97 0 0 647 183 4294966182 -1090 647 183 73
0 94 0 0 654 189 4294966182 -1097 654 189 77
0 87 0 0 659 194 4294966182 -1099 659 194 72
0 69 0 0 647 197 4294966183 -1100 647 197 56
0 20 0 0 659 188 4294966183 -1115 659 188 22
0 2 0 0 647 188 4294966183 -1133 647 188 22
0 2 0 0 652 173 4294966183 -1132 652 173 21
0 1 0 0 643 176 4294966183 -1133 643 176 21
0 5 0 0 643 176 4294966183 -1132 643 176 24
0 17 0 0 654 194 4294966183 -1125 654 194 29
0 40 0 0 632 199 4294966183 -1114 632 199 41
0 62 0 0 596 202 4294966183 -1104 596 202 53
0 65 0 0 559 215 4294966183 -1107 559 215 59
0 73 0 0 533 198 4294966183 -1097 533 198 57
0 60 0 0 500 210 4294966183 -1105 500 210 52
0 62 0 0 476 202 4294966183 -1099 476 202 48
0 59 0 0 441 216 4294966183 -1106 441 216 52
0 63 0 0 408 220 4294966183 -1101 408 220 51
0 66 0 0 386 216 4294966183 -1104 386 216 57
0 76 0 0 354 224 4294966183 -1098 354 224 61
0 79 0 0 316 233 4294966183 -1098 316 233 64
0 70 0 0 285 230 4294966183 -1095 285 230 52
0 62 0 0 258 233 4294966183 -1106 258 233 55
0 77 0 0 226 229 4294966183 -1094 226 229 58
0 77 0 0 195 236 4294966183 -1100 195 236 64
0 78 0 0 161 247 4294966183 -1098 161 247 63
0 75 0 0 133 247 4294966183 -1099 133 247 61
0 88 0 0 95 248 4294966183 -1092 95 248 67
0 84 0 0 66 249 4294966183 -1096 66 249 67
0 82 0 0 39 258 4294966183 -1098 39 258 67
0 84 0 0 2 266 4294966183 -1095 2 266 66
0 59 0 0 1 262 4294966183 -1107 1 262 53
0 80 0 0 3 269 4294966183 -1092 3 269 59
0 84 0 0 10 275 4294966183 -1099 10 275 70
0 97 0 0 25 270 4294966183 -1092 25 270 76
0 90 0 0 36 280 4294966183 -1094 36 280 71
0 76 0 0 45 296 4294966183 -1096 45 296 59
0 77 0 0 60 291 4294966183 -1098 60 291 62
0 90 0 0 75 287 4294966183 -1093 75 287 70
0 87 0 0 82 306 4294966183 -1097 82 306 71
0 101 0 0 79 310 4294966183 -1092 79 310 80
0 97 0 0 94 301 4294966183 -1095 94 301 79
0 82 0 0 115 311 4294966183 -1103 115 311 72
0 85 0 0 121 327 4294966183 -1102 121 327 74
0 74 0 0 132 330 4294966183 -1111 132 330 72
0 68 0 0 149 332 4294966183 -1110 149 332 65
0 59 0 0 158 337 4294966183 -1106 158 337 52
0 41 0 0 167 338 4294966183 -1109 167 338 37
0 57 0 0 171 345 4294966183 -1111 171 345 55
0 70 0 0 180 354 4294966183 -1103 180 354 60
0 82 0 0 190 358 4294966183 -1103 190 358 72
0 85 0 0 194 369 4294966183 -1098 194 369 70
0 84 0 0 201 382 4294966183 -1103 201 382 74
0 92 0 0 213 380 4294966183 -1094 213 380 73
0 85 0 0 226 388 4294966183 -1105 226 388 77
0 93 0 0 233 403 4294966183 -1097 233 403 77
0 93 0 0 242 409 4294966183 -1097 242 409 77
0 86 0 0 253 412 4294966183 -1106 253 412 79
0 77 0 0 256 427 4294966183 -1110 256 427 74
0 61 0 0 267 429 4294966183 -1108 267 429 56
0 30 0 0 277 439 4294966183 -1117 277 439 34
0 37 0 0 279 450 4294966183 -1119 279 450 43
0 60 0 0 279 453 4294966183 -1109 279 453 56
0 63 0 0 287 462 4294966183 -1112 287 462 62
0 61 0 0 295 474 4294966183 -1108 295 474 56
0 51 0 0 314 481 4294966183 -1112 314 481 50
0 55 0 0 325 487 4294966183 -1112 325 487 54
0 52 0 0 342 500 4294966183 -1111 342 500 50
0 65 0 0 353 492 4294966183 -1106 353 492 58
0 71 0 0 357 500 4294966183 -1107 357 500 65
0 80 0 0 360 500 4294966183 -1105 360 500 72
0 77 0 0 376 499 4294966183 -1106 376 499 70
0 75 0 0 387 499 4294966183 -1105 387 499 67
0 83 0 0 391 499 4294966183 -1102 391 499 72
0 93 0 0 393 497 4294966183 -1101 393 497 81
0 93 0 0 401 499 4294966183 -1102 401 499 82
0 86 0 0 411 499 4294966183 -1103 411 499 76
0 86 0 0 415 500 4294966183 -1104 415 500 77
0 90 0 0 431 489 4294966183 -1101 431 489 78
0 89 0 0 440 498 4294966183 -1103 440 498 79
0 92 0 0 442 500 4294966183 -1104 442 500 83
0 94 0 0 451 499 4294966183 -1101 451 499 82
0 88 0 0 460 499 4294966183 -1102 460 499 77
0 85 0 0 472 499 4294966183 -1104 472 499 76
0 98 0 0 481 492 4294966183 -1099 481 492 84
0 89 0 0 489 490 4294966183 -1107 489 490 83
0 94 0 0 498 458 4294966183 -1101 498 458 82
0 81 0 0 505 435 4294966184 -1111 505 435 80
0 73 0 0 511 409 4294966184 -1115 511 409 76
0 76 0 0 518 375 4294966184 -1112 518 375 76
0 69 0 0 535 343 4294966184 -1116 535 343 73
0 66 0 0 545 352 4294966184 -1111 545 352 65
0 32 0 0 557 343 4294966184 -1113 557 343 33
0 20 0 0 567 343 4294966184 -1128 567 343 36
0 42 0 0 568 348 4294966184 -1114 568 348 44
0 47 0 0 581 344 4294966184 -1117 581 344 52
0 60 0 0 587 346 4294966184 -1110 587 346 58
0 59 0 0 604 344 4294966184 -1112 604 344 59
0 62 0 0 618 343 4294966184 -1110 618 343 60
0 61 0 0 632 347 4294966184 -1112 632 347 61
0 63 0 0 645 346 4294966184 -1109 645 346 60
0 65 0 0 666 339 4294966184 -1109 666 339 62
0 67 0 0 680 339 4294966184 -1109 680 339 64
0 73 0 0 693 304 4294966184 -1106 693 304 67
0 65 0 0 708 277 4294966184 -1111 708 277 64
0 73 0 0 714 251 4294966184 -1104 714 251 65
0 82 0 0 717 218 4294966184 -1105 717 218 75
0 83 0 0 737 178 4294966185 -1107 737 178 79
0 87 0 0 747 146 4294966185 -1104 747 146 80
0 91 0 0 754 115 4294966185 -1102 754 115 82
0 81 0 0 765 94 4294966185 -1106 765 94 76
0 82 0 0 781 60 4294966185 -1103 781 60 74
0 47 0 0 782 36 4294966185 -1103 782 36 39
0 33 0 0 788 15 4294966185 -1124 788 15 46
0 40 0 0 791 0 4294966185 -1114 791 0 43
0 31 0 0 794 0 4294966185 -1120 794 0 40
0 29 0 0 794 0 4294966185 -1119 794 0 37
0 31 0 0 792 0 4294966186 -1120 792 0 41
0 42 0 0 786 0 4294966186 -1114 786 0 46
0 44 0 0 793 0 4294966186 -1113 793 0 47
0 39 0 0 794 14 4294966186 -1111 794 14 40
0 29 0 0 800 34 4294966186 -1123 800 34 42
0 48 0 0 822 27 4294966187 -1110 822 27 49
0 47 0 0 837 37 4294966187 -1115 837 37 53
0 54 0 0 834 48 4294966188 -1109 834 48 55
0 47 0 0 817 64 4294966188 -1107 817 64 46
0 38 0 0 824 74 4294966188 -1119 824 74 49
0 28 0 0 831 85 4294966189 -1111 831 85 32
0 18 0 0 804 93 4294966189 -1121 804 93 32
0 13 0 0 782 107 4294966190 -1127 782 107 34
0 7 0 0 751 124 4294966190 -1131 751 124 32
0 4 0 0 723 136 4294966190 -1131 723 136 29
0 4 0 0 694 150 4294966190 -1132 694 150 30
0 25 0 0 692 155 4294966190 -1122 692 155 41
0 49 0 0 689 165 4294966190 -1109 689 165 52
0 58 0 0 686 172 4294966190 -1110 686 172 62
0 57 0 0 705 183 4294966190 -1110 705 183 61
0 61 0 0 701 156 4294966190 -1107 701 156 62
0 63 0 0 711 156 4294966190 -1106 711 156 63
0 66 0 0 700 159 4294966190 -1107 700 159 67
0 74 0 0 703 161 4294966190 -1104 703 161 72
0 74 0 0 704 158 4294966190 -1104 704 158 72
0 87 0 0 700 153 4294966190 -1098 700 153 79
0 69 0 0 714 164 4294966190 -1106 714 164 69
0 69 0 0 732 161 4294966190 -1105 732 161 68
0 70 0 0 721 155 4294966190 -1099 721 155 63
0 71 0 0 721 161 4294966190 -1106 721 161 71
0 76 0 0 724 172 4294966190 -1100 724 172 70
0 79 0 0 730 169 4294966190 -1100 730 169 73
0 81 0 0 724 171 4294966190 -1100 724 171 75
0 86 0 0 723 173 4294966190 -1097 723 173 77
0 82 0 0 725 181 4294966190 -1100 725 181 76
0 86 0 0 705 175 4294966190 -1094 705 175 74
0 77 0 0 677 184 4294966190 -1098 677 184 69
0 82 0 0 650 176 4294966190 -1099 650 176 75
0 92 0 0 618 177 4294966190 -1091 618 177 77
0 90 0 0 619 175 4294966190 -1094 619 175 78
0 80 0 0 627 186 4294966190 -1097 627 186 71
0 72 0 0 646 195 4294966190 -1100 646 195 66
0 74 0 0 656 197 4294966190 -1103 656 197 71
0 54 0 0 665 204 4294966190 -1112 665 204 60
0 37 0 0 675 202 4294966190 -1109 675 202 40
0 25 0 0 686 207 4294966190 -1121 686 207 40
0 42 0 0 694 206 4294966190 -1112 694 206 48
0 58 0 0 706 197 4294966190 -1106 706 197 58
0 66 0 0 713 207 4294966190 -1104 713 207 64
0 75 0 0 714 213 4294966190 -1101 714 213 70
0 74 0 0 724 218 4294966190 -1103 724 218 71
0 69 0 0 710 220 4294966190 -1099 710 220 62
0 52 0 0 688 224 4294966190 -1111 688 224 57
0 63 0 0 661 216 4294966190 -1101 661 216 58
0 71 0 0 631 216 4294966190 -1101 631 216 66
0 75 0 0 597 226 4294966190 -1099 597 226 68
0 80 0 0 590 228 4294966190 -1096 590 228 70
0 80 0 0 591 228 4294966190 -1097 591 228 71
0 77 0 0 600 231 4294966190 -1097 600 231 68
0 76 0 0 597 228 4294966190 -1095 597 228 65
0 83 0 0 602 221 4294966190 -1096 602 221 73
0 86 0 0 594 231 4294966190 -1092 594 231 72
0 88 0 0 600 229 4294966190 -1090 600 229 72
0 86 0 0 599 229 4294966190 -1096 599 229 76
0 84 0 0 574 226 4294966190 -1090 574 226 68
0 78 0 0 552 229 4294966190 -1100 552 229 72
0 76 0 0 523 240 4294966190 -1095 523 240 65
0 80 0 0 487 234 4294966190 -1092 487 234 66
0 84 0 0 456 235 4294966190 -1095 456 235 73
0 80 0 0 423 245 4294966190 -1093 423 245 67
0 80 0 0 418 239 4294966190 -1098 418 239 72
0 86 0 0 417 236 4294966190 -1092 417 236 72
0 88 0 0 413 242 4294966190 -1091 413 242 73
0 89 0 0 414 241 4294966190 -1092 414 241 75
0 90 0 0 417 233 4294966190 -1088 417 233 72
0 76 0 0 413 252 4294966190 -1098 413 252 68
0 87 0 0 414 238 4294966190 -1090 414 238 71
0 85 0 0 417 240 4294966190 -1091 417 240 70
0 86 0 0 416 238 4294966190 -1091 416 238 71
0 86 0 0 414 241 4294966190 -1091 414 241 71
0 79 0 0 417 246 4294966190 -1097 417 246 70
0 87 0 0 411 246 4294966190 -1090 411 246 71
0 83 0 0 409 247 4294966190 -1093 409 247 70
0 79 0 0 416 246 4294966190 -1095 416 246 68
0 78 0 0 425 244 4294966190 -1095 425 244 67
0 77 0 0 434 245 4294966190 -1095 434 245 66
0 87 0 0 423 246 4294966190 -1092 423 246 73
0 69 0 0 433 255 4294966190 -1099 433 255 62
0 82 0 0 439 240 4294966190 -1091 439 240 67
0 79 0 0 446 248 4294966190 -1097 446 248 70
0 64 0 0 465 248 4294966190 -1097 465 248 55
0 66 0 0 477 244 4294966190 -1100 477 244 60
0 73 0 0 488 243 4294966190 -1095 488 243 62
0 82 0 0 497 242 4294966190 -1094 497 242 70
0 76 0 0 504 251 4294966190 -1094 504 251 64
0 84 0 0 506 243 4294966190 -1091 506 243 69
0 83 0 0 505 247 4294966190 -1093 505 247 70
0 86 0 0 503 243 4294966190 -1088 503 243 68
0 84 0 0 504 244 4294966190 -1087 504 244 65
0 75 0 0 514 251 4294966190 -1097 514 251 66
0 79 0 0 516 252 4294966190 -1091 516 252 64
0 75 0 0 533 240 4294966190 -1095 533 240 64
0 77 0 0 537 238 4294966190 -1094 537 238 65
0 78 0 0 535 245 4294966190 -1093 535 245 65
0 93 0 0 537 236 4294966190 -1087 537 236 74
0 81 0 0 533 250 4294966190 -1090 533 250 65
0 82 0 0 535 245 4294966190 -1088 535 245 64
0 83 0 0 540 253 4294966190 -1094 540 253 71
0 80 0 0 544 256 4294966190 -1087 544 256 61
0 93 0 0 541 245 4294966190 -1085 541 245 72
0 91 0 0 545 245 4294966190 -1086 545 245 71
0 80 0 0 559 244 4294966190 -1088 559 244 62
0 83 0 0 559 250 4294966190 -1093 559 250 70
0 67 0 0 562 250 4294966190 -1101 562 250 62
0 55 0 0 562 256 4294966190 -1107 562 256 56
0 45 0 0 563 249 4294966190 -1103 563 249 42
0 45 0 0 570 240 4294966190 -1109 570 240 48
0 11 0 0 578 252 4294966190 -1123 578 252 28
0 1 0 0 566 253 4294966190 -1133 566 253 28
0 1 0 0 564 246 4294966190 -1133 564 246 28
0 0 0 0 573 257 4294966190 -1134 573 257 28
0 19 0 0 582 252 4294966190 -1124 582 252 37
0 33 0 0 589 254 4294966190 -1117 589 254 44
0 39 0 0 585 256 4294966190 -1111 585 256 44
0 53 0 0 583 260 4294966190 -1105 583 260 52
0 83 0 0 574 257 4294966190 -1088 574 257 65
0 84 0 0 582 263 4294966190 -1094 582 263 72
0 86 0 0 598 256 4294966190 -1089 598 256 69
0 80 0 0 596 266 4294966190 -1092 596 266 66
0 87 0 0 600 261 4294966190 -1091 600 261 72
0 88 0 0 602 259 4294966190 -1085 602 259 67
0 81 0 0 598 267 4294966190 -1090 598 267 65
0 50 0 0 609 272 4294966190 -1093 609 272 37
0 52 0 0 608 269 4294966190 -1107 608 269 53
0 66 0 0 611 260 4294966190 -1098 611 260 58
0 76 0 0 609 269 4294966190 -1092 609 269 62
0 92 0 0 603 275 4294966190 -1085 603 275 71
0 83 0 0 615 283 4294966190 -1092 615 283 69
0 97 0 0 604 281 4294966190 -1082 604 281 73
0 82 0 0 618 283 4294966190 -1088 618 283 64
0 92 0 0 604 292 4294966190 -1086 604 292 72
0 93 0 0 614 286 4294966190 -1084 614 286 71
0 85 0 0 622 289 4294966190 -1089 622 289 68
0 86 0 0 612 300 4294966190 -1088 612 300 68
0 80 0 0 619 300 4294966190 -1088 619 300 62
0 91 0 0 615 295 4294966190 -1085 615 295 70
0 85 0 0 618 299 4294966190 -1087 618 299 66
0 87 0 0 616 305 4294966190 -1082 616 305 63
0 81 0 0 623 307 4294966190 -1094 623 307 69
0 89 0 0 617 312 4294966190 -1084 617 312 67
0 83 0 0 618 320 4294966190 -1089 618 320 66
0 92 0 0 617 316 4294966190 -1082 617 316 68
0 81 0 0 627 320 4294966190 -1089 627 320 64
0 93 0 0 619 324 4294966190 -1086 619 324 73
0 86 0 0 615 337 4294966190 -1084 615 337 64
0 78 0 0 627 334 4294966190 -1090 627 334 62
0 99 0 0 618 326 4294966190 -1080 618 326 73
0 83 0 0 624 337 4294966190 -1087 624 337 64
0 78 0 0 629 347 4294966190 -1091 629 347 63
0 82 0 0 628 344 4294966190 -1092 628 344 68
0 58 0 0 623 361 4294966190 -1111 623 361 63
0 60 0 0 624 362 4294966190 -1099 624 362 53
0 44 0 0 623 359 4294966190 -1100 623 359 38
0 47 0 0 626 365 4294966190 -1110 626 365 51
0 53 0 0 634 372 4294966190 -1104 634 372 51
0 58 0 0 626 379 4294966190 -1103 626 379 55
0 61 0 0 632 383 4294966190 -1101 632 383 56
0 66 0 0 623 395 4294966190 -1097 623 395 57
0 78 0 0 626 394 4294966190 -1093 626 394 65
0 87 0 0 629 389 4294966190 -1088 629 389 69
0 66 0 0 628 408 4294966190 -1097 628 408 57
0 77 0 0 626 412 4294966190 -1091 626 412 62
0 91 0 0 625 414 4294966190 -1085 625 414 70
0 73 0 0 631 426 4294966190 -1096 631 426 63
0 85 0 0 626 433 4294966190 -1087 626 433 66
0 74 0 0 628 443 4294966190 -1099 628 443 67
0 61 0 0 624 456 4294966190 -1109 624 456 64
0 50 0 0 637 454 4294966190 -1107 637 454 51
0 38 0 0 628 470 4294966190 -1115 628 470 47
0 38 0 0 634 469 4294966190 -1113 634 469 45
0 46 0 0 632 470 4294966190 -1109 632 470 49
0 41 0 0 635 481 4294966190 -1114 635 481 49
0 45 0 0 631 494 4294966190 -1108 631 494 47
0 47 0 0 632 498 4294966190 -1109 632 498 50
0 54 0 0 633 500 4294966190 -1106 633 500 54
0 51 0 0 634 500 4294966190 -1105 634 500 50
0 48 0 0 634 495 4294966190 -1108 634 495 50
0 65 0 0 631 494 4294966190 -1101 631 494 60
0 76 0 0 632 499 4294966190 -1098 632 499 68
0 85 0 0 635 496 4294966190 -1096 635 496 75
0 78 0 0 634 499 4294966190 -1094 634 499 66
0 63 0 0 651 498 4294966190 -1108 651 498 65
0 69 0 0 636 499 4294966190 -1100 636 499 63
0 79 0 0 634 498 4294966190 -1097 634 498 70
0 81 0 0 637 500 4294966190 -1095 637 500 70
0 83 0 0 645 498 4294966190 -1097 645 498 74
0 69 0 0 652 497 4294966190 -1099 652 497 62
0 72 0 0 642 498 4294966190 -1101 642 498 67
0 74 0 0 647 500 4294966190 -1098 647 500 66
0 75 0 0 647 499 4294966190 -1100 647 499 69
0 73 0 0 644 500 4294966190 -1101 644 500 68
0 72 0 0 640 478 4294966190 -1097 640 478 63
0 67 0 0 647 450 4294966190 -1102 647 450 63
0 80 0 0 647 417 4294966190 -1095 647 417 69
0 86 0 0 649 381 4294966190 -1095 649 381 75
0 74 0 0 661 346 4294966190 -1101 661 346 69
0 84 0 0 657 312 4294966190 -1093 657 312 71
0 85 0 0 660 312 4294966190 -1097 660 312 76
0 90 0 0 656 312 4294966190 -1091 656 312 75
0 82 0 0 657 316 4294966190 -1096 657 316 72
0 77 0 0 663 319 4294966190 -1099 663 319 70
0 84 0 0 666 311 4294966190 -1093 666 311 71
0 68 0 0 668 320 4294966190 -1107 668 320 69
0 52 0 0 683 316 4294966190 -1115 683 316 61
0 40 0 0 671 314 4294966190 -1106 671 314 40
0 38 0 0 667 314 4294966190 -1119 667 314 51
0 48 0 0 676 320 4294966190 -1111 676 320 53
0 52 0 0 679 318 4294966190 -1109 679 318 55
0 64 0 0 670 289 4294966190 -1104 670 289 62
0 73 0 0 679 250 4294966190 -1104 679 250 71
0 68 0 0 685 223 4294966190 -1103 685 223 65
0 69 0 0 684 199 4294966190 -1105 684 199 68
0 35 0 0 688 173 4294966190 -1102 688 173 31
0 2 0 0 689 151 4294966190 -1133 689 151 29
0 2 0 0 682 120 4294966190 -1133 682 120 29
0 1 0 0 689 79 4294966190 -1134 689 79 29
0 16 0 0 695 51 4294966190 -1125 695 51 35
0 24 0 0 711 22 4294966190 -1121 711 22 39
0 35 0 0 714 0 4294966190 -1115 714 0 44
0 27 0 0 714 0 4294966190 -1119 714 0 40
0 22 0 0 718 0 4294966190 -1123 718 0 39
0 17 0 0 718 0 4294966190 -1124 718 0 35
0 9 0 0 731 0 4294966190 -1130 731 0 33
0 28 0 0 727 0 4294966190 -1120 727 0 42
0 35 0 0 737 9 4294966190 -1116 737 9 45
0 52 0 0 751 8 4294966190 -1107 751 8 53
0 65 0 0 760 14 4294966190 -1103 760 14 62
0 80 0 0 761 20 4294966190 -1099 761 20 73
0 88 0 0 762 31 4294966190 -1098 762 31 80
0 83 0 0 769 46 4294966190 -1098 769 46 75
0 90 0 0 777 50 4294966190 -1094 777 50 78
0 92 0 0 779 55 4294966190 -1097 779 55 83
0 83 0 0 790 59 4294966190 -1096 790 59 73
0 90 0 0 785 68 4294966190 -1098 785 68 82
0 76 0 0 794 77 4294966190 -1104 794 77 74
0 73 0 0 793 89 4294966190 -1110 793 89 77
0 54 0 0 803 98 4294966190 -1105 803 98 53
0 35 0 0 806 110 4294966190 -1121 806 110 50
0 49 0 0 817 111 4294966190 -1110 817 111 53
0 55 0 0 821 122 4294966190 -1111 821 122 60
0 66 0 0 832 126 4294966190 -1105 832 126 65
0 69 0 0 825 144 4294966190 -1106 825 144 69
0 72 0 0 836 150 4294966190 -1104 836 150 70
0 73 0 0 850 149 4294966190 -1104 850 149 71
0 73 0 0 858 150 4294966190 -1104 858 150 71
0 83 0 0 861 144 4294966190 -1100 861 144 77
0 81 0 0 869 118 4294966190 -1102 869 118 77
0 89 0 0 864 88 4294966190 -1095 864 88 78
0 91 0 0 861 65 4294966190 -1100 861 65 85
0 92 0 0 874 28 4294966190 -1094 874 28 80
0 96 0 0 876 0 4294966190 -1093 876 0 83
0 64 0 0 883 0 4294966190 -1108 883 0 66
0 61 0 0 884 0 4294966190 -1105 884 0 60
0 54 0 0 888 0 4294966190 -1109 888 0 57
0 54 0 0 892 0 4294966190 -1107 892 0 55
0 50 0 0 896 5 4294966190 -1108 896 5 52
0 47 0 0 917 2 4294966190 -1112 917 2 53
0 66 0 0 928 8 4294966190 -1101 928 8 61
0 76 0 0 936 23 4294966190 -1100 936 23 70
0 92 0 0 939 36 4294966190 -1094 939 36 80
0 96 0 0 946 39 4294966190 -1095 946 39 85
0 85 0 0 961 49 4294966190 -1101 961 49 80
0 88 0 0 968 59 4294966190 -1097 968 59 79
0 72 0 0 983 70 4294966190 -1108 983 70 74
0 75 0 0 995 75 4294966190 -1110 995 75 79
0 56 0 0 1000 86 4294966190 -1104 1000 86 54
0 40 0 0 997 97 4294966190 -1114 997 97 48
0 47 0 0 999 109 4294966190 -1112 999 109 53
0 63 0 0 997 107 4294966190 -1109 997 107 66
0 70 0 0 999 109 4294966190 -1106 999 109 70
0 74 0 0 1000 114 4294966190 -1105 1000 114 73
0 76 0 0 999 116 4294966190 -1102 999 116 72
0 67 0 0 999 125 4294966190 -1108 999 125 69
0 79 0 0 999 115 4294966190 -1099 999 115 72
0 82 0 0 1000 122 4294966190 -1102 1000 122 78
0 85 0 0 998 124 4294966190 -1100 998 124 79
0 77 0 0 999 127 4294966190 -1102 999 127 73
0 84 0 0 999 128 4294966190 -1100 999 128 78
0 87 0 0 999 129 4294966190 -1097 999 129 78
0 76 0 0 998 133 4294966190 -1101 998 133 71
0 84 0 0 1000 124 4294966190 -1096 1000 124 74
0 83 0 0 999 131 4294966190 -1103 999 131 80
0 90 0 0 1000 132 4294966190 -1094 1000 132 78
0 92 0 0 998 139 4294966190 -1097 998 139 83
0 89 0 0 1000 136 4294966190 -1095 1000 136 78
0 90 0 0 998 143 4294966190 -1096 998 143 80
0 92 0 0 997 138 4294966190 -1096 997 138 82
0 87 0 0 1000 137 4294966190 -1096 1000 137 77
0 79 0 0 1000 133 4294966190 -1103 1000 133 76
0 80 0 0 1000 139 4294966190 -1099 1000 139 73
0 76 0 0 995 147 4294966190 -1109 995 147 79
0 71 0 0 997 144 4294966190 -1107 997 144 72
0 41 0 0 999 147 4294966190 -1107 999 147 42
0 41 0 0 999 148 4294966190 -1119 999 148 54
0 50 0 0 998 152 4294966190 -1111 998 152 55
0 64 0 0 1000 137 4294966190 -1108 1000 137 66
0 71 0 0 1000 149 4294966190 -1104 1000 149 69
0 80 0 0 998 157 4294966190 -1104 998 157 78
0 78 0 0 993 168 4294966190 -1101 993 168 73
0 84 0 0 999 157 4294966190 -1099 999 157 77
0 83 0 0 980 157 4294966190 -1103 980 157 80
0 79 0 0 950 165 4294966190 -1099 950 165 72
0 80 0 0 921 162 4294966190 -1102 921 162 76
0 79 0 0 892 167 4294966190 -1099 892 167 72
0 74 0 0 858 171 4294966190 -1098 858 171 66
0 76 0 0 833 163 4294966190 -1102 833 163 72
0 80 0 0 798 177 4294966190 -1099 798 177 73
0 77 0 0 781 169 4294966190 -1102 781 169 73
0 83 0 0 773 170 4294966190 -1099 773 170 76
0 79 0 0 773 179 4294966190 -1101 773 179 74
0 79 0 0 774 182 4294966190 -1099 774 182 72
0 78 0 0 779 179 4294966190 -1101 779 179 73
0 72 0 0 769 186 4294966190 -1097 769 186 63
0 74 0 0 771 185 4294966190 -1102 771 185 70
0 79 0 0 777 187 4294966190 -1097 777 187 70
0 76 0 0 775 191 4294966190 -1101 775 191 71
0 86 0 0 771 186 4294966190 -1095 771 186 75
0 53 0 0 778 190 4294966190 -1100 778 190 47
0 29 0 0 774 181 4294966190 -1105 774 181 28
0 1 0 0 766 198 4294966190 -1133 766 198 28
0 1 0 0 754 192 4294966190 -1133 754 192 28
0 14 0 0 765 184 4294966190 -1127 765 184 35
0 28 0 0 763 206 4294966190 -1120 763 206 42
0 43 0 0 772 203 4294966190 -1113 772 203 50
0 55 0 0 772 203 4294966190 -1103 772 203 52
0 66 0 0 773 199 4294966190 -1102 773 199 62
0 86 0 0 764 202 4294966190 -1093 764 202 73
0 88 0 0 769 206 4294966190 -1099 769 206 81
0 97 0 0 770 200 4294966190 -1091 770 200 82
0 82 0 0 770 216 4294966190 -1100 770 216 76
0 84 0 0 773 220 4294966190 -1098 773 220 76
0 73 0 0 774 227 4294966190 -1107 774 227 74
0 68 0 0 772 222 4294966190 -1111 772 222 73
0 43 0 0 788 221 4294966190 -1109 788 221 46
0 28 0 0 803 227 4294966190 -1122 803 227 44
0 44 0 0 814 233 4294966190 -1112 814 233 50
0 67 0 0 808 245 4294966190 -1105 808 245 66
0 74 0 0 811 249 4294966190 -1104 811 249 72
0 71 0 0 827 253 4294966190 -1106 827 253 71
0 77 0 0 847 247 4294966190 -1103 847 247 74
0 70 0 0 863 263 4294966190 -1108 863 263 72
0 73 0 0 883 264 4294966190 -1100 883 264 67
0 74 0 0 889 277 4294966190 -1103 889 277 71
0 86 0 0 899 281 4294966190 -1100 899 281 80
0 86 0 0 886 292 4294966190 -1099 886 292 79
0 94 0 0 856 297 4294966190 -1097 856 297 85
0 87 0 0 833 307 4294966190 -1099 833 307 80
0 98 0 0 825 307 4294966190 -1096 825 307 88
0 95 0 0 816 303 4294966190 -1099 816 303 88
0 91 0 0 788 313 4294966190 -1100 788 313 85
0 79 0 0 773 323 4294966190 -1100 773 323 73
0 70 0 0 745 339 4294966190 -1113 745 339 77
0 73 0 0 731 343 4294966190 -1108 731 343 75
0 67 0 0 725 347 4294966190 -1108 725 347 69
0 31 0 0 703 357 4294966190 -1110 703 357 35
0 36 0 0 678 366 4294966190 -1120 678 366 50
0 47 0 0 653 378 4294966190 -1114 653 378 55
0 60 0 0 617 382 4294966190 -1109 617 382 63
0 69 0 0 607 393 4294966190 -1108 607 393 71
0 67 0 0 618 403 4294966190 -1110 618 403 71
0 74 0 0 625 409 4294966190 -1107 625 409 75
0 76 0 0 639 411 4294966190 -1107 639 411 77
0 71 0 0 653 426 4294966190 -1107 653 426 72
0 75 0 0 670 425 4294966190 -1105 670 425 74
0 74 0 0 679 439 4294966190 -1107 679 439 75
0 81 0 0 683 454 4294966190 -1104 683 454 79
0 73 0 0 702 466 4294966190 -1108 702 466 75
0 85 0 0 711 462 4294966190 -1099 711 462 78
0 72 0 0 718 482 4294966190 -1109 718 482 75
0 79 0 0 731 491 4294966190 -1102 731 491 75
0 79 0 0 740 498 4294966190 -1106 740 498 79
0 90 0 0 741 500 4294966190 -1103 741 500 87
0 83 0 0 753 498 4294966190 -1104 753 498 81
0 84 0 0 762 497 4294966190 -1105 762 497 83
0 91 0 0 774 495 4294966190 -1102 774 495 87
0 85 0 0 788 499 4294966190 -1104 788 499 83
0 66 0 0 801 499 4294966191 -1107 801 499 68
0 59 0 0 817 500 4294966191 -1112 817 500 66
0 72 0 0 788 500 4294966191 -1103 788 500 70
0 74 0 0 747 500 4294966191 -1107 747 500 76
0 72 0 0 713 496 4294966191 -1103 713 496 70
0 31 0 0 680 500 4294966191 -1109 680 500 35
0 32 0 0 671 500 4294966191 -1121 671 500 48
0 49 0 0 674 498 4294966191 -1110 674 498 54
0 52 0 0 677 500 4294966191 -1112 677 500 59
0 51 0 0 679 500 4294966191 -1113 679 500 59
0 57 0 0 680 500 4294966191 -1109 680 500 61
0 57 0 0 673 499 4294966191 -1112 673 499 64
0 72 0 0 671 498 4294966191 -1104 671 498 71
0 76 0 0 672 482 4294966191 -1107 672 482 78
0 80 0 0 671 454 4294966191 -1104 671 454 79
0 86 0 0 666 426 4294966191 -1104 666 426 85
0 75 0 0 683 396 4294966191 -1106 683 396 76
0 70 0 0 673 366 4294966191 -1103 673 366 68
0 68 0 0 674 335 4294966191 -1107 674 335 70
0 77 0 0 674 328 4294966191 -1102 674 328 74
0 69 0 0 677 336 4294966192 -1109 677 336 74
0 72 0 0 678 333 4294966192 -1105 678 333 73
0 73 0 0 675 333 4294966192 -1105 675 333 74
0 72 0 0 674 337 4294966192 -1105 674 337 73
0 67 0 0 667 334 4294966192 -1101 667 334 64
0 50 0 0 668 328 4294966192 -1101 668 328 47
0 44 0 0 679 336 4294966192 -1118 679 336 58
0 60 0 0 674 332 4294966192 -1103 674 332 59
0 70 0 0 675 329 4294966192 -1106 675 329 72
0 76 0 0 688 333 4294966192 -1101 688 333 73
0 87 0 0 700 323 4294966193 -1099 700 323 83
0 97 0 0 706 331 4294966193 -1097 706 331 91
0 88 0 0 719 343 4294966193 -1097 719 343 82
0 91 0 0 737 346 4294966193 -1100 737 346 88
0 90 0 0 760 352 4294966193 -1099 760 352 86
0 90 0 0 754 360 4294966194 -1093 754 360 81
0 93 0 0 753 368 4294966194 -1094 753 368 85
0 59 0 0 756 380 4294966194 -1095 756 380 52
0 68 0 0 756 382 4294966195 -1102 756 382 69
0 74 0 0 759 390 4294966195 -1103 759 390 76
0 92 0 0 747 406 4294966195 -1089 747 406 80
0 96 0 0 754 419 4294966195 -1093 754 419 88
0 103 0 0 747 428 4294966195 -1088 747 428 90
0 92 0 0 746 448 4294966195 -1094 746 448 85
0 94 0 0 758 447 4294966195 -1094 758 447 87
0 93 0 0 758 451 4294966195 -1096 758 451 88
0 72 0 0 763 457 4294966195 -1112 763 457 83
0 48 0 0 751 421 4294966195 -1095 751 421 42
0 11 0 0 756 390 4294966195 -1123 756 390 33
0 1 0 0 748 356 4294966195 -1133 748 356 33
0 1 0 0 735 324 4294966195 -1133 735 324 33
0 0 0 0 725 315 4294966195 -1134 725 315 33
0 0 0 0 727 313 4294966195 -1134 727 313 33
0 0 0 0 730 310 4294966195 -1134 730 310 33
0 0 0 0 731 310 4294966195 -1134 731 310 33
0 0 0 0 721 319 4294966195 -1134 721 319 33
0 1 0 0 717 322 4294966195 -1133 717 322 33
0 0 0 0 720 320 4294966195 -1134 720 320 33
0 0 0 0 724 316 4294966195 -1134 724 316 33
0 0 0 0 719 321 4294966195 -1134 719 321 33
0 1 0 0 722 319 4294966195 -1133 722 319 33
0 0 0 0 724 317 4294966195 -1134 724 317 33
0 1 0 0 732 309 4294966195 -1133 732 309 33
0 1 0 0 726 315 4294966195 -1133 726 315 33
0 0 0 0 723 319 4294966195 -1134 723 319 33
0 0 0 0 720 323 4294966195 -1134 720 323 33
0 0 0 0 724 320 4294966195 -1134 724 320 33
0 0 0 0 730 314 4294966195 -1134 730 314 33
0 2 0 0 736 306 4294966195 -1132 736 306 33
0 0 0 0 735 310 4294966195 -1134 735 310 33
0 0 0 0 739 306 4294966195 -1134 739 306 33
0 0 0 0 739 306 4294966195 -1134 739 306 33
0 1 0 0 732 314 4294966195 -1133 732 314 33
0 0 0 0 732 314 4294966195 -1134 732 314 33
0 1 0 0 728 318 4294966195 -1133 728 318 33
0 1 0 0 734 312 4294966195 -1133 734 312 33
0 1 0 0 727 321 4294966195 -1133 727 321 33
0 0 0 0 731 317 4294966195 -1134 731 317 33
0 0 0 0 733 316 4294966195 -1134 733 316 33
0 0 0 0 732 317 4294966195 -1134 732 317 33
0 2 0 0 732 315 4294966195 -1132 732 315 33
0 1 0 0 736 313 4294966195 -1133 736 313 33
0 1 0 0 733 316 4294966196 -1132 733 316 33
0 0 0 0 737 313 4294966196 -1133 737 313 33
0 0 0 0 741 310 4294966196 -1133 741 310 33
0 1 0 0 741 307 4294966197 -1131 741 307 33
0 0 0 0 739 309 4294966197 -1132 739 309 33
0 1 0 0 733 304 4294966197 -1131 733 304 33
0 1 0 0 732 306 4294966197 -1131 732 306 33
0 0 0 0 735 304 4294966197 -1132 735 304 33
0 1 0 0 741 298 4294966197 -1131 741 298 33
0 2 0 0 744 293 4294966197 -1130 744 293 33
0 1 0 0 759 280 4294966197 -1131 759 280 33
0 0 0 0 758 282 4294966197 -1132 758 282 33
0 1 0 0 750 290 4294966197 -1131 750 290 33
0 0 0 0 750 291 4294966197 -1132 750 291 33
0 1 0 0 757 284 4294966197 -1131 757 284 33
0 0 0 0 749 292 4294966197 -1132 749 292 33
0 0 0 0 748 293 4294966197 -1132 748 293 33
0 1 0 0 755 286 4294966197 -1131 755 286 33
0 2 0 0 751 290 4294966197 -1130 751 290 33
0 0 0 0 757 285 4294966197 -1132 757 285 33
0 0 0 0 742 291 4294966197 -1132 742 291 33
0 0 0 0 701 290 4294966197 -1132 701 290 33
0 2 0 0 648 299 4294966197 -1130 648 299 33
0 0 0 0 612 295 4294966198 -1131 612 295 33
0 1 0 0 581 293 4294966198 -1130 581 293 33
0 1 0 0 581 287 4294966198 -1130 581 287 33
0 2 0 0 579 286 4294966198 -1129 579 286 33
0 0 0 0 575 286 4294966198 -1131 575 286 33
0 2 0 0 574 283 4294966198 -1129 574 283 33
0 0 0 0 569 287 4294966198 -1131 569 287 33
0 1 0 0 565 292 4294966198 -1130 565 292 33
0 3 0 0 562 292 4294966198 -1128 562 292 33
0 0 0 0 562 295 4294966198 -1131 562 295 33
0 0 0 0 560 297 4294966199 -1130 560 297 33
0 0 0 0 556 292 4294966199 -1130 556 292 33
0 0 0 0 551 287 4294966199 -1130 551 287 33
0 0 0 0 552 278 4294966199 -1130 552 278 33
0 0 0 0 543 280 4294966199 -1130 543 280 33
0 0 0 0 541 274 4294966200 -1129 541 274 33
0 0 0 0 532 267 4294966200 -1129 532 267 33
0 0 0 0 535 247 4294966201 -1128 535 247 33
0 0 0 0 530 233 4294966201 -1128 530 233 33
0 0 0 0 518 222 4294966201 -1128 518 222 33
0 0 0 0 499 217 4294966202 -1127 499 217 33
0 0 0 0 491 199 4294966202 -1127 491 199 33
0 0 0 0 470 192 4294966202 -1127 470 192 33
0 0 0 0 457 180 4294966202 -1127 457 180 33
0 0 0 0 440 167 4294966202 -1127 440 167 33
0 0 0 0 423 159 4294966202 -1127 423 159 33
0 0 0 0 391 119 4294966202 -1127 391 119 33
0 0 0 0 337 91 4294966202 -1127 337 91 33
0 0 0 0 318 82 4294966202 -1127 318 82 33
0 1 0 0 298 73 4294966202 -1126 298 73 33
0 0 0 0 241 64 4294966202 -1127 241 64 33
0 0 0 0 186 55 4294966202 -1127 186 55 33
0 0 0 0 171 42 4294966202 -1127 171 42 33
0 0 0 0 162 26 4294966202 -1127 162 26 33
0 0 0 0 141 23 4294966202 -1127 141 23 33
0 0 0 0 130 10 4294966202 -1127 130 10 33
0 0 0 0 111 2 4294966202 -1127 111 2 33
0 1 0 0 88 1 4294966202 -1126 88 1 33
0 1 0 0 63 0 4294966202 -1126 63 0 33
0 0 0 0 38 1 4294966202 -1127 38 1 33
0 0 0 0 13 0 4294966202 -1127 13 0 33
0 0 0 0 1 0 4294966188 -1141 1 0 33
0 0 0 0 0 1 4294966163 -1166 0 1 33
0 1 0 0 0 1 4294966137 -1191 0 1 33
0 0 0 0 0 0 4294966111 -1218 0 0 33
0 0 0 0 0 0 4294966071 -1258 0 0 33
0 0 0 0 0 0 4294966023 -1273 0 0 0
0 0 0 0 0 0 4294966023 -1273 0 0 0
0 0 0 0 0 0 4294966023 -1273 0 0 0
0 0 0 0 0 0 4294966023 -1273 0 0 0
0 0 0 0 0 0 4294966023 -1273 0 0 0
0 0 0 0 0 0 4294966023 -1273 0 0 0
0 0 0 0 0 0 4294966023 -1273 0 0 0
0 0 0 0 0 0 4294966023 -1273 0 0 0
0 0 0 0 0 0 4294966023 -1273 0 0 0
0 0 0 0 0 0 4294966023 -1273 0 0 0
0 0 0 0 0 0 4294966023 -1273 0 0 0
0 0 0 0 0 0 4294966023 -1273 0 0 0
0 0 0 0 0 0 4294966023 -1273 0 0 0
0 0 0 0 0 0 4294966023 -1273 0 0 0
0 0 0 0 0 0 4294966023 -1273 0 0 0
0 0 0 0 0 0 4294966023 -1273 0 0 0
0 0 0 0 0 0 4294966023 -1273 0 0 0
0 0 0 0 0 0 4294966023 -1273 0 0 0
0 0 0 0 0 0 4294966023 -1273 0 0 0
0 0 0 0 0 0 4294966023 -1273 0 0 0
0 0 0 0 0 0 4294966023 -1273 0 0 0
0 0 0 0 0 0 4294966023 -1273 0 0 0
0 0 0 0 0 0 4294966023 -1273 0 0 0
0 0 0 0 0 0 4294966023 -1273 0 0 0
0 0 0 0 0 0 4294966023 -1273 0 0 0
0 0 0 0 0 0 4294966023 -1273 0 0 0
0 0 0 0 0 0 4294966023 -1273 0 0 0
0 0 0 0 0 0 4294966023 -1273 0 0 0
0 0 0 0 0 0 4294966023 -1273 0 0 0
0 0 0 0 0 0 4294966023 -1273 0 0 0
0 0 0 0 0 0 4294966023 -1273 0 0 0
0 0 0 0 0 0 4294966023 -1273 0 0 0
0 0 0 0 0 0 4294966023 -1273 0 0 0
0 0 0 0 0 0 4294966023 -1273 0 0 0
0 0 0 0 0 0 4294966019 -1277 0 0 0
0 0 0 0 0 0 4294965977 -1319 0 0 0
0 0 0 0 0 0 4294965935 -1361 0 0 0
0 0 0 0 0 0 4294965893 -1403 0 0 0
0 0 0 0 0 0 4294965851 -1445 0 0 0
0 0 0 0 0 0 4294965809 -1487 0 0 0
0 0 0 0 0 0 4294965768 -1528 0 0 0
0 0 0 0 0 0 4294965726 -1570 0 0 0
0 0 0 0 0 0 4294965684 -1612 0 0 0
0 0 0 0 0 0 4294965642 -1654 0 0 0
0 0 0 0 0 0 4294965600 -1696 0 0 0
0 0 0 0 0 0 4294965558 -1738 0 0 0
0 0 0 0 0 0 4294965517 -1779 0 0 0
0 0 0 0 0 0 4294965475 -1821 0 0 0
0 0 0 0 0 0 4294965433 -1863 0 0 0
0 0 0 0 0 0 4294965391 -1905 0 0 0
0 0 0 0 0 0 4294965349 -1947 0 0 0
0 0 0 0 0 0 4294965307 -1989 0 0 0
0 0 0 0 0 0 4294965266 -2030 0 0 0
0 0 0 0 0 0 4294965224 -2072 0 0 0
0 0 0 0 0 0 4294965182 -2114 0 0 0
0 0 0 0 0 0 4294965140 -2156 0 0 0
0 0 0 0 0 0 4294965098 -2198 0 0 0
0 0 0 0 0 0 4294965056 -2240 0 0 0
0 0 0 0 0 0 4294965015 -2281 0 0 0
0 0 0 0 0 0 4294964973 -2323 0 0 0
0 0 0 0 0 0 4294964931 -2365 0 0 0
0 0 0 0 0 0 4294964889 -2407 0 0 0
0 0 0 0 0 0 4294964847 -2449 0 0 0
0 0 0 0 0 0 4294964805 -2491 0 0 0
0 0 0 0 0 0 4294964802 -2494 0 0 0
0 0 0 0 0 0 4294964802 -2494 0 0 0
0 0 0 0 0 0 4294964802 -2494 0 0 0
0 0 0 0 0 0 4294964802 -2494 0 0 0
0 0 0 0 0 0 4294964802 -2494 0 0 0
0 0 0 0 0 0 4294964802 -2494 0 0 0
0 0 0 0 0 0 4294964802 -2494 0 0 0
0 0 0 0 0 0 4294964802 -2494 0 0 0
0 0 0 0 0 0 4294964802 -2494 0 0 0
0 0 0 0 0 0 4294964802 -2494 0 0 0
0 0 0 0 0 0 4294964802 -2494 0 0 0
0 0 0 0 0 0 4294964802 -2494 0 0 0
0 0 0 0 0 0 4294964802 -2494 0 0 0
0 0 0 0 0 0 4294964802 -2494 0 0 0
0 0 0 0 0 0 4294964802 -2494 0 0 0
0 0 0 0 0 0 4294964802 -2494 0 0 0
0 0 0 0 0 0 4294964802 -2494 0 0 0
0 0 0 0 0 0 4294964802 -2494 0 0 0
0 0 0 0 0 0 4294964802 -2494 0 0 0
0 0 0 0 0 0 4294964802 -2494 0 0 0
0 0 0 0 0 0 4294964802 -2494 0 0 0
0 0 0 0 0 0 4294964802 -2494 0 0 0
0 0 0 0 0 0 4294964802 -2494 0 0 0
0 0 0 0 0 0 4294964790 -2506 0 0 0
0 0 0 0 0 0 4294964755 -2541 0 0 0
0 0 0 0 0 0 4294964718 -2578 0 0 0
0 0 0 0 0 0 4294964681 -2615 0 0 0
0 0 0 0 0 0 4294964643 -2653 0 0 0
0 0 0 0 0 0 4294964606 -2690 0 0 0
0 0 0 0 0 0 4294964570 -2726 0 0 0
0 0 0 0 0 0 4294964534 -2762 0 0 0
0 0 0 0 0 0 4294964496 -2800 0 0 0
0 0 0 0 0 0 4294964459 -2837 0 0 0
0 0 0 0 0 0 4294964423 -2873 0 0 0
0 0 0 0 0 0 4294964386 -2910 0 0 0
0 0 0 0 0 0 4294964349 -2947 0 0 0
0 0 0 0 0 0 4294964312 -2984 0 0 0
0 0 0 0 0 0 4294964276 -3020 0 0 0
0 0 0 0 0 0 4294964239 -3057 0 0 0
0 0 0 0 0 0 4294964202 -3094 0 0 0
0 0 0 0 0 0 4294964164 -3132 0 0 0
0 0 0 0 0 0 4294964127 -3169 0 0 0
0 0 0 0 0 0 4294964092 -3204 0 0 0
0 0 0 0 0 0 4294964055 -3241 0 0 0
0 0 0 0 0 0 4294964018 -3278 0 0 0
0 0 0 0 0 0 4294963980 -3316 0 0 0
0 0 0 0 0 0 4294963944 -3352 0 0 0
0 0 0 0 0 0 4294963907 -3389 0 0 0
0 0 0 0 0 0 4294963871 -3425 0 0 0
0 0 0 0 0 0 4294963833 -3463 0 0 0
0 0 0 0 0 0 4294963830 -3466 0 0 0
0 0 0 0 0 0 4294963830 -3466 0 0 0
0 0 0 0 0 0 4294963830 -3466 0 0 0
0 0 0 0 0 0 4294963830 -3466 0 0 0
0 0 0 0 0 0 4294963830 -3466 0 0 0
0 0 0 0 0 0 4294963830 -3466 0 0 0
0 0 0 0 0 0 4294963830 -3466 0 0 0
0 0 0 0 0 0 4294963830 -3466 0 0 0
0 0 0 0 0 0 4294963830 -3466 0 0 0
0 0 0 0 0 0 4294963830 -3466 0 0 0
0 0 0 0 0 0 4294963830 -3466 0 0 0
0 0 0 0 0 0 4294963830 -3466 0 0 0
0 0 0 0 0 0 4294963830 -3466 0 0 0
0 0 0 0 0 0 4294963830 -3466 0 0 0
0 0 0 0 0 0 4294963830 -3466 0 0 0
0 0 0 0 0 0 4294963830 -3466 0 0 0
0 0 0 0 0 0 4294963830 -3466 0 0 0
0 0 0 0 0 0 4294963830 -3466 0 0 0
0 0 0 0 0 0 4294963830 -3466 0 0 0
0 0 0 0 0 0 4294963830 -3466 0 0 0
0 0 0 0 0 0 4294963830 -3466 0 0 0
0 0 0 0 0 0 4294963830 -3466 0 0 0
0 0 0 0 0 0 4294963830 -3466 0 0 0
0 0 0 0 0 0 4294963830 -3466 0 0 0
0 0 0 0 0 0 4294963830 -3466 0 0 0
0 0 0 0 0 0 4294963830 -3466 0 0 0
0 0 0 0 0 0 4294963830 -3466 0 0 0
0 0 0 0 0 0 4294963811 -3485 0 0 0
0 0 0 0 0 0 4294963780 -3516 0 0 0
0 0 0 0 0 0 4294963749 -3547 0 0 0
0 0 0 0 0 0 4294963717 -3579 0 0 0
0 0 0 0 0 0 4294963684 -3612 0 0 0
0 0 0 0 0 0 4294963652 -3644 0 0 0
0 0 0 0 0 0 4294963621 -3675 0 0 0
0 0 0 0 0 0 4294963590 -3706 0 0 0
0 0 0 0 0 0 4294963558 -3738 0 0 0
0 0 0 0 0 0 4294963525 -3771 0 0 0
0 0 0 0 0 0 4294963494 -3802 0 0 0
0 0 0 0 0 0 4294963462 -3834 0 0 0
0 0 0 0 0 0 4294963430 -3866 0 0 0
0 0 0 0 0 0 4294963397 -3899 0 0 0
0 0 0 0 0 0 4294963366 -3930 0 0 0
0 0 0 0 0 0 4294963335 -3961 0 0 0
0 0 0 0 0 0 4294963303 -3993 0 0 0
0 0 0 0 0 0 4294963271 -4025 0 0 0
0 0 0 0 0 0 4294963238 -4058 0 0 0
0 0 0 0 0 0 4294963207 -4089 0 0 0
0 0 0 0 0 0 4294963176 -4120 0 0 0
0 0 0 0 0 0 4294963144 -4152 0 0 0
0 0 0 0 0 0 4294963112 -4184 0 0 0
0 0 0 0 0 0 4294963109 -4187 0 0 0
0 0 0 0 0 0 4294963109 -4187 0 0 0
0 0 0 0 0 0 4294963109 -4187 0 0 0
0 0 0 0 0 0 4294963109 -4187 0 0 0
0 0 0 0 0 0 4294963109 -4187 0 0 0
0 0 0 0 0 0 4294963109 -4187 0 0 0
0 0 0 0 0 0 4294963109 -4187 0 0 0
0 0 0 0 0 0 4294963109 -4187 0 0 0
0 0 0 0 0 0 4294963109 -4187 0 0 0
0 0 0 0 0 0 4294963109 -4187 0 0 0
0 0 0 0 0 0 4294963109 -4187 0 0 0
0 0 0 0 0 0 4294963109 -4187 0 0 0
0 0 0 0 0 0 4294963109 -4187 0 0 0
0 0 0 0 0 0 4294963109 -4187 0 0 0
0 0 0 0 0 0 4294963109 -4187 0 0 0
0 0 0 0 0 0 4294963109 -4187 0 0 0
0 0 0 0 0 0 4294963109 -4187 0 0 0
0 0 0 0 0 0 4294963109 -4187 0 0 0
0 0 0 0 0 0 4294963109 -4187 0 0 0
0 0 0 0 0 0 4294963109 -4187 0 0 0
0 0 0 0 0 0 4294963109 -4187 0 0 0
0 0 0 0 0 0 4294963109 -4187 0 0 0
0 0 0 0 0 0 4294963109 -4187 0 0 0
0 0 0 0 0 0 4294963109 -4187 0 0 0
0 0 0 0 0 0 4294963109 -4187 0 0 0
0 0 0 0 0 0 4294963109 -4187 0 0 0
0 0 0 0 0 0 4294963109 -4187 0 0 0
0 0 0 0 0 0 4294963109 -4187 0 0 0
0 0 0 0 0 0 4294963109 -4187 0 0 0
0 0 0 0 0 0 4294963109 -4187 0 0 0
0 0 0 0 0 0 4294963109 -4187 0 0 0
0 0 0 0 0 0 4294963109 -4187 0 0 0
0 0 0 0 0 0 4294963096 -4200 0 0 0
0 0 0 0 0 0 4294963071 -4225 0 0 0
0 0 0 0 0 0 4294963043 -4253 0 0 0
0 0 0 0 0 0 4294963016 -4280 0 0 0
0 0 0 0 0 0 4294962989 -4307 0 0 0
0 0 0 0 0 0 4294962963 -4333 0 0 0
0 0 0 0 0 0 4294962936 -4360 0 0 0
0 0 0 0 0 0 4294962909 -4387 0 0 0
0 0 0 0 0 0 4294962882 -4414 0 0 0
0 0 0 0 0 0 4294962855 -4441 0 0 0
0 0 0 0 0 0 4294962829 -4467 0 0 0
0 0 0 0 0 0 4294962802 -4494 0 0 0
0 0 0 0 0 0 4294962774 -4522 0 0 0
0 0 0 0 0 0 4294962748 -4548 0 0 0
0 0 0 0 0 0 4294962722 -4574 0 0 0
0 0 0 0 0 0 4294962695 -4601 0 0 0
0 0 0 0 0 0 4294962667 -4629 0 0 0
0 0 0 0 0 0 4294962640 -4656 0 0 0
0 0 0 0 0 0 4294962637 -4659 0 0 0
0 0 0 0 0 0 4294962637 -4659 0 0 0
0 0 0 0 0 0 4294962637 -4659 0 0 0
0 0 0 0 0 0 4294962637 -4659 0 0 0
0 0 0 0 0 0 4294962637 -4659 0 0 0
0 0 0 0 0 0 4294962637 -4659 0 0 0
0 0 0 0 0 0 4294962637 -4659 0 0 0
0 0 0 0 0 0 4294962637 -4659 0 0 0
0 0 0 0 0 0 4294962637 -4659 0 0 0
0 0 0 0 0 0 4294962637 -4659 0 0 0
0 0 0 0 0 0 4294962637 -4659 0 0 0
0 0 0 0 0 0 4294962637 -4659 0 0 0
0 0 0 0 0 0 4294962637 -4659 0 0 0
0 0 0 0 0 0 4294962637 -4659 0 0 0
0 0 0 0 0 0 4294962637 -4659 0 0 0
0 0 0 0 0 0 4294962637 -4659 0 0 0
0 0 0 0 0 0 4294962637 -4659 0 0 0
0 0 0 0 0 0 4294962637 -4659 0 0 0
0 0 0 0 0 0 4294962637 -4659 0 0 0
0 0 0 0 0 0 4294962637 -4659 0 0 0
0 0 0 0 0 0 4294962637 -4659 0 0 0
0 0 0 0 0 0 4294962637 -4659 0 0 0
0 0 0 0 0 0 4294962637 -4659 0 0 0
0 0 0 0 0 0 4294962637 -4659 0 0 0
0 0 0 0 0 0 4294962637 -4659 0 0 0
0 0 0 0 0 0 4294962637 -4659 0 0 0
0 0 0 0 0 0 4294962637 -4659 0 0 0
0 0 0 0 0 0 4294962637 -4659 0 0 0
0 0 0 0 0 0 4294962637 -4659 0 0 0
0 0 0 0 0 0 4294962637 -4659 0 0 0
0 0 0 0 0 0 4294962637 -4659 0 0 0
0 0 0 0 0 0 4294962637 -4659 0 0 0
0 0 0 0 0 0 4294962637 -4659 0 0 0
0 0 0 0 0 0 4294962637 -4659 0 0 0
0 0 0 0 0 0 4294962637 -4659 0 0 0
0 0 0 0 0 0 4294962637 -4659 0 0 0
0 0 0 0 0 0 4294962637 -4659 0 0 0
0 0 0 0 0 0 4294962637 -4659 0 0 0
0 0 0 0 0 0 4294962637 -4659 0 0 0
0 0 0 0 0 0 4294962637 -4659 0 0 0
0 0 0 0 0 0 4294962616 -4680 0 0 0
0 0 0 0 0 0 4294962594 -4702 0 0 0
0 0 0 0 0 0 4294962573 -4723 0 0 0
0 0 0 0 0 0 4294962553 -4743 0 0 0
0 0 0 0 0 0 4294962530 -4766 0 0 0
0 0 0 0 0 0 4294962507 -4789 0 0 0
0 0 0 0 0 0 4294962486 -4810 0 0 0
0 0 0 0 0 0 4294962464 -4832 0 0 0
0 0 0 0 0 0 4294962442 -4854 0 0 0
0 0 0 0 0 0 4294962421 -4875 0 0 0
0 0 0 0 0 0 4294962418 -4878 0 0 0
0 0 0 0 0 0 4294962418 -4878 0 0 0
0 0 0 0 0 0 4294962418 -4878 0 0 0
0 0 0 0 0 0 4294962418 -4878 0 0 0
0 0 0 0 0 0 4294962418 -4878 0 0 0
0 0 0 0 0 0 4294962418 -4878 0 0 0
0 0 0 0 0 0 4294962418 -4878 0 0 0
0 0 0 0 0 0 4294962418 -4878 0 0 0
0 0 0 0 0 0 4294962418 -4878 0 0 0
0 0 0 0 0 0 4294962418 -4878 0 0 0
0 0 0 0 0 0 4294962418 -4878 0 0 0
0 0 0 0 0 0 4294962418 -4878 0 0 0
0 0 0 0 0 0 4294962418 -4878 0 0 0
0 0 0 0 0 0 4294962418 -4878 0 0 0
0 0 0 0 0 0 4294962418 -4878 0 0 0
0 0 0 0 0 0 4294962418 -4878 0 0 0
0 0 0 0 0 0 4294962418 -4878 0 0 0
0 0 0 0 0 0 4294962418 -4878 0 0 0
0 0 0 0 0 0 4294962418 -4878 0 0 0
0 0 0 0 0 0 4294962418 -4878 0 0 0
0 0 0 0 0 0 4294962418 -4878 0 0 0
0 0 0 0 0 0 4294962418 -4878 0 0 0
0 0 0 0 0 0 4294962418 -4878 0 0 0
0 0 0 0 0 0 4294962418 -4878 0 0 0
0 0 0 0 0 0 4294962418 -4878 0 0 0
0 0 0 0 0 0 4294962418 -4878 0 0 0
0 0 0 0 0 0 4294962418 -4878 0 0 0
0 0 0 0 0 0 4294962418 -4878 0 0 0
0 0 0 0 0 0 4294962418 -4878 0 0 0
0 0 0 0 0 0 4294962418 -4878 0 0 0
0 0 0 0 0 0 4294962418 -4878 0 0 0
0 0 0 0 0 0 4294962418 -4878 0 0 0
