0.000 0.000 0.000 0.000 
33933.000 34781.000 35607.000 35348.000 
62335.000 62378.000 63209.000 59050.000 
84730.000 86646.000 86676.000 71905.000 
84745.000 85074.000 85142.000 83673.000 
84515.000 84649.000 84369.000 82260.000 
89549.000 89763.000 89683.000 86122.000 
94330.000 95753.000 96143.000 91022.000 
99136.000 106965.000 101188.000 93051.000 
97008.000 108181.000 101203.000 93112.000 
102287.000 121250.000 113126.000 94602.000 
104890.000 104781.000 130122.000 93419.000 
107828.000 109361.000 144291.000 93330.000 
109500.000 121256.000 130984.000 93356.000 
96385.000 143700.000 117143.000 92717.000 
105989.000 125721.000 121406.000 94371.000 
101782.000 126535.000 126280.000 94157.000 
94137.000 131299.000 131002.000 93052.000 
85912.000 136064.000 135856.000 88593.000 
82064.000 140826.000 140600.000 84006.000 
79479.000 145635.000 145276.000 81355.000 
79433.000 150385.000 149999.000 79897.000 
78885.000 155257.000 154903.000 79010.000 
78821.000 160007.000 159579.000 78719.000 
78877.000 164754.000 164402.000 78746.000 
78934.000 169424.000 169204.000 78822.000 
79043.000 174275.000 173873.000 78986.000 
79525.000 179032.000 178664.000 79311.000 
80317.000 183861.000 183442.000 79674.000 
80697.000 188676.000 188250.000 80199.000 
81233.000 193376.000 193071.000 80830.000 
81271.000 198110.000 197834.000 80923.000 
81181.000 202914.000 202585.000 81337.000 
81234.000 207715.000 207262.000 81151.000 
81368.000 212524.000 211996.000 80801.000 
81336.000 217358.000 216759.000 80925.000 
81278.000 222028.000 221610.000 80761.000 
81121.000 226791.000 226403.000 81098.000 
81238.000 231548.000 231122.000 81139.000 
81207.000 236319.000 235830.000 81187.000 
81322.000 241210.000 240698.000 81209.000 
81123.000 245936.000 245390.000 81231.000 
81251.000 250739.000 250253.000 81311.000 
81294.000 255417.000 255077.000 81140.000 
81305.000 260286.000 259712.000 81424.000 
81068.000 265003.000 264399.000 81425.000 
81357.000 269853.000 269178.000 81190.000 
81223.000 274582.000 273952.000 81053.000 
81355.000 279290.000 278764.000 81021.000 
81220.000 284028.000 283531.000 81073.000 
81219.000 288867.000 288349.000 80959.000 
81200.000 293677.000 293005.000 80959.000 
81281.000 298504.000 297775.000 81202.000 
81403.000 303280.000 302566.000 81090.000 
81941.000 307952.000 307437.000 81227.000 
82343.000 312739.000 312121.000 81957.000 
82781.000 317514.000 316906.000 82484.000 
83666.000 322328.000 321442.000 82928.000 
84415.000 327095.000 326328.000 83849.000 
85099.000 331849.000 331025.000 84425.000 
86195.000 336630.000 335855.000 85072.000 
86801.000 341302.000 340732.000 86070.000 
88328.000 346191.000 345420.000 87092.000 
89238.000 350925.000 350062.000 87864.000 
90654.000 355789.000 354854.000 89391.000 
92345.000 360519.000 359641.000 90541.000 
93813.000 365238.000 363241.000 91447.000 
93650.000 369962.000 363241.000 92414.000 
94254.000 370360.000 363241.000 92719.000 
95399.000 370360.000 363241.000 93162.000 
97657.000 370360.000 363241.000 93395.000 
96428.000 370360.000 363241.000 93149.000 
98882.000 370360.000 363241.000 93000.000 
102293.000 370360.000 296284.000 93399.000 
105017.000 370360.000 293928.000 93633.000 
107523.000 370360.000 288441.000 93256.000 
112720.000 370360.000 279391.000 93092.000 
114746.000 370360.000 278381.000 93044.000 
119199.000 370360.000 291185.000 92756.000 
123176.000 370360.000 302898.000 93154.000 
126622.000 370360.000 312038.000 92957.000 
131983.000 335940.000 306348.000 92551.000 
136013.000 223064.000 303705.000 77916.000 
140741.000 57882.000 300925.000 52609.000 
145551.000 73853.000 305120.000 45796.000 
150995.000 123354.000 309685.000 47499.000 
156709.000 173490.000 314086.000 52988.000 
162111.000 204125.000 317864.000 58887.000 
168438.000 208893.000 322466.000 64202.000 
174189.000 213863.000 327078.000 70658.000 
180733.000 218440.000 331048.000 76996.000 
187280.000 222347.000 334490.000 81918.000 
190204.000 225478.000 337859.000 87325.000 
190204.000 225323.000 341572.000 90125.000 
190204.000 225101.000 344150.000 91113.000 
190204.000 228998.000 348278.000 91730.000 
190204.000 233235.000 351148.000 91708.000 
190204.000 237976.000 353649.000 92089.000 
190204.000 242705.000 356164.000 91936.000 
190204.000 247279.000 358596.000 90332.000 
190204.000 252103.000 360952.000 87473.000 
190204.000 256860.000 363215.000 85865.000 
190204.000 261683.000 365684.000 83982.000 
190204.000 266497.000 367872.000 82336.000 
190204.000 271231.000 369614.000 81158.000 
190204.000 275780.000 370623.000 78655.000 
79089.000 280639.000 372682.000 65410.000 
158619.000 285427.000 373196.000 62757.000 
258271.000 290201.000 375366.000 66208.000 
358523.000 295053.000 376702.000 71752.000 
407512.000 299699.000 377649.000 79443.000 
407512.000 304245.000 377803.000 87231.000 
407512.000 309079.000 379718.000 91140.000 
407512.000 313808.000 380148.000 91918.000 
407512.000 318637.000 380131.000 92095.000 
407512.000 323364.000 382226.000 91854.000 
407512.000 328199.000 382409.000 92068.000 
407512.000 342549.000 382483.000 92997.000 
407512.000 355460.000 382518.000 94251.000 
407512.000 383947.000 382516.000 106501.000 
407512.000 383947.000 382577.000 112280.000 
407512.000 383947.000 382505.000 101807.000 
407512.000 383947.000 382410.000 99751.000 
407512.000 383947.000 382483.000 108607.000 
407512.000 317374.000 395416.000 97168.000 
407512.000 286371.000 421058.000 92685.000 
407512.000 276367.000 421441.000 94442.000 
142711.000 264104.000 421518.000 94906.000 
196695.000 258483.000 411677.000 98304.000 
284321.000 262429.000 411873.000 108476.000 
246477.000 279223.000 438985.000 105973.000 
236874.000 319482.000 463897.000 100095.000 
241098.000 356510.000 490529.000 93553.000 
245924.000 388007.000 516395.000 95540.000 
250656.000 396289.000 517073.000 101580.000 
255387.000 363587.000 526146.000 108525.000 
261968.000 369290.000 535881.000 111833.000 
270341.000 382442.000 522314.000 114323.000 
281409.000 391711.000 511039.000 123126.000 
297241.000 403239.000 507041.000 137253.000 
300114.000 378770.000 519574.000 136707.000 
297364.000 400018.000 528485.000 133834.000 
287891.000 418635.000 545352.000 127308.000 
292149.000 434350.000 552424.000 131251.000 
296893.000 464877.000 558798.000 132815.000 
302490.000 469214.000 568670.000 136107.000 
315751.000 443630.000 550831.000 149264.000 
331637.000 436880.000 555493.000 155317.000 
340533.000 432694.000 542043.000 163774.000 
345015.000 437480.000 526399.000 169538.000 
336963.000 458004.000 521449.000 168044.000 
341958.000 476193.000 516282.000 166030.000 
339700.000 491360.000 511118.000 167551.000 
341559.000 512000.000 524515.000 158793.000 
343230.000 504018.000 539359.000 156887.000 
347850.000 515115.000 528442.000 164627.000 
352671.000 503111.000 537325.000 171160.000 
353479.000 494090.000 520393.000 138564.000 
353479.000 491040.000 517649.000 116115.000 
353479.000 468502.000 492131.000 137554.000 
353479.000 451405.000 528133.000 138562.000 
308243.000 439151.000 563458.000 147153.000 
283926.000 421629.000 565044.000 163777.000 
285192.000 430546.000 590338.000 155950.000 
285192.000 441185.000 591208.000 104146.000 
285192.000 440918.000 597082.000 95137.000 
285192.000 445997.000 557194.000 97565.000 
285192.000 409781.000 564787.000 104634.000 
285192.000 392828.000 565753.000 98017.000 
285192.000 418880.000 533388.000 93676.000 
285192.000 422587.000 518387.000 95469.000 
285192.000 452305.000 493481.000 93549.000 
285192.000 496409.000 449637.000 93350.000 
285192.000 499686.000 453797.000 99860.000 
285192.000 454269.000 459251.000 94143.000 
285192.000 417104.000 473026.000 97496.000 
285192.000 372842.000 499166.000 99429.000 
285192.000 380831.000 509319.000 104652.000 
285192.000 384818.000 516541.000 94584.000 
285192.000 384876.000 535709.000 94967.000 
158228.000 364433.000 555583.000 119662.000 
178341.000 379952.000 583693.000 126539.000 
252337.000 403340.000 580065.000 154153.000 
246344.000 432670.000 598919.000 191608.000 
251198.000 459134.000 612609.000 203246.000 
253628.000 476526.000 619059.000 229259.000 
229929.000 464825.000 645221.000 225569.000 
208487.000 439008.000 688256.000 207833.000 
210268.000 467177.000 689538.000 203512.000 
214214.000 484160.000 703935.000 205349.000 
242283.000 474484.000 708174.000 232145.000 
260491.000 488032.000 724819.000 245411.000 
264050.000 516763.000 747218.000 245111.000 
264050.000 504149.000 752202.000 245111.000 
260418.000 480805.000 731176.000 243347.000 
192069.000 509397.000 729928.000 198342.000 
201413.000 488704.000 750245.000 196601.000 
191595.000 491389.000 763156.000 177833.000 
198510.000 486559.000 762570.000 197141.000 
206453.000 515436.000 756278.000 203231.000 
216030.000 504350.000 759957.000 213687.000 
228173.000 512476.000 735710.000 223708.000 
215816.000 512685.000 756296.000 214460.000 
205196.000 513159.000 776683.000 190954.000 
204308.000 499602.000 784967.000 183950.000 
195978.000 494974.000 820862.000 173016.000 
200096.000 517800.000 857661.000 164725.000 
202919.000 505872.000 885873.000 172154.000 
205424.000 504401.000 922706.000 170304.000 
207810.000 488761.000 974098.000 168440.000 
210175.000 468916.000 1016123.000 144975.000 
212449.000 450459.000 1037130.000 123759.000 
214620.000 443413.000 1060018.000 97124.000 
216638.000 452993.000 1070621.000 99309.000 
218389.000 456462.000 1060076.000 119314.000 
219951.000 463457.000 1083985.000 130130.000 
222325.000 490533.000 1097002.000 131400.000 
222367.000 484500.000 1118747.000 147801.000 
224619.000 489556.000 1123497.000 164555.000 
224710.000 509670.000 1133282.000 165399.000 
226872.000 539096.000 1139066.000 158392.000 
227083.000 524362.000 1142446.000 170394.000 
228338.000 539696.000 1167014.000 173909.000 
229596.000 574006.000 1203853.000 169364.000 
229525.000 577887.000 1249375.000 167029.000 
231869.000 580982.000 1274031.000 163605.000 
231908.000 614492.000 1271101.000 174269.000 
231908.000 639374.000 1311788.000 173054.000 
231920.000 648088.000 1309115.000 187465.000 
231834.000 635017.000 1324458.000 197261.000 
231834.000 642040.000 1324344.000 211958.000 
243576.000 657745.000 1340463.000 223326.000 
243576.000 654943.000 1370953.000 193116.000 
243576.000 633809.000 1395450.000 194035.000 
184522.000 644091.000 1400184.000 182703.000 
159959.000 654232.000 1422017.000 157411.000 
158266.000 652992.000 1439317.000 157815.000 
166552.000 659224.000 1453162.000 165638.000 
176239.000 651282.000 1435992.000 175024.000 
181037.000 650209.000 1435248.000 181087.000 
184192.000 677850.000 1465799.000 182825.000 
187337.000 685539.000 1482230.000 186918.000 
201225.000 691214.000 1503438.000 201238.000 
169837.000 725241.000 1543672.000 168673.000 
168675.000 776002.000 1550277.000 167647.000 
169450.000 799616.000 1568280.000 168701.000 
167719.000 818813.000 1603940.000 167582.000 
176400.000 829327.000 1641940.000 175284.000 
173331.000 849102.000 1669884.000 173292.000 
170197.000 887961.000 1669884.000 169430.000 
186551.000 905242.000 1669884.000 185934.000 
201709.000 909383.000 1669884.000 200489.000 
214114.000 859337.000 1669884.000 215208.000 
224930.000 874254.000 1669884.000 224746.000 
214842.000 862566.000 1669884.000 215890.000 
207388.000 870931.000 1669884.000 206904.000 
224332.000 852793.000 1669884.000 224926.000 
223937.000 839735.000 1669884.000 224059.000 
218730.000 823299.000 1669884.000 220675.000 
196068.000 854897.000 1669884.000 194963.000 
177172.000 894120.000 1669884.000 177202.000 
181844.000 925239.000 1669884.000 181477.000 
194832.000 920808.000 1669884.000 194499.000 
199515.000 933900.000 1669884.000 200912.000 
192862.000 973858.000 1669884.000 193414.000 
205890.000 996123.000 1669884.000 207106.000 
203040.000 1038140.000 1669884.000 205257.000 
189882.000 1074356.000 1669884.000 189104.000 
196859.000 1097988.000 1669884.000 195800.000 
190735.000 1149301.000 1669884.000 191386.000 
187905.000 1156466.000 1669884.000 188141.000 
199274.000 1162360.000 1669884.000 202000.000 
203209.000 1176807.000 1669884.000 203773.000 
220407.000 1185408.000 1669884.000 222136.000 
235078.000 1200280.000 1669884.000 235991.000 
213729.000 1224304.000 1669884.000 214540.000 
196837.000 1249430.000 1669884.000 198656.000 
211803.000 1263927.000 1669884.000 213882.000 
222706.000 1278911.000 1669884.000 224130.000 
220604.000 1297649.000 1669884.000 220060.000 
191725.000 1331187.000 1669884.000 192387.000 
192516.000 1347958.000 1669884.000 195828.000 
199822.000 1353092.000 1669884.000 199070.000 
196548.000 1352648.000 1669884.000 196921.000 
196120.000 1397506.000 1669884.000 199140.000 
202460.000 1419644.000 1669884.000 203594.000 
200845.000 1465867.000 1669884.000 203154.000 
200198.000 1501922.000 1669884.000 199946.000 
213041.000 1534702.000 1669884.000 214462.000 
217606.000 1574642.000 1669884.000 223262.000 
209794.000 1620580.000 1912843.000 208965.000 
196634.000 1654257.000 1919942.000 197342.000 
203411.000 1672219.000 1919942.000 203633.000 
220941.000 1688035.000 1919942.000 220658.000 
224614.000 1726571.000 1919942.000 224782.000 
225856.000 1766093.000 1919942.000 225918.000 
220101.000 1799851.000 1919942.000 220711.000 
224357.000 1795586.000 1919942.000 223564.000 
233682.000 1796630.000 1919942.000 226870.000 
229539.000 1805964.000 1919942.000 230658.000 
248204.000 1810682.000 1919942.000 248491.000 
261311.000 1836511.000 1919942.000 259434.000 
262548.000 1864231.000 1919942.000 260788.000 
262548.000 1879654.000 1919942.000 260788.000 
262548.000 1899531.000 1919942.000 258565.000 
212281.000 1900661.000 1919942.000 218283.000 
214491.000 1886854.000 1919942.000 214249.000 
189000.000 1874118.000 1919942.000 185376.000 
202189.000 1869370.000 714147.000 202612.000 
221681.000 1881905.000 735823.000 220635.000 
233790.000 1854120.000 743876.000 236532.000 
226617.000 1870824.000 768909.000 227017.000 
224064.000 1904233.000 774597.000 223803.000 
235356.000 1909020.000 752825.000 239635.000 
235293.000 1934598.000 744991.000 233076.000 
182363.000 1991140.000 764109.000 229363.000 
174511.000 2006179.000 826727.000 157635.000 
176865.000 2027054.000 802553.000 122377.000 
179195.000 2061558.000 784619.000 115756.000 
181629.000 2090420.000 792530.000 138151.000 
184004.000 2129004.000 801196.000 156539.000 
187190.000 2139358.000 825512.000 171962.000 
214865.000 2180064.000 821086.000 200059.000 
241568.000 2211798.000 832665.000 223969.000 
262098.000 2233618.000 831521.000 252992.000 
261961.000 2253535.000 862692.000 262602.000 
261961.000 2295628.000 894786.000 262602.000 
261961.000 2321472.000 904196.000 262602.000 
223437.000 2362954.000 897360.000 236393.000 
210405.000 2395474.000 896638.000 210695.000 
200785.000 2441985.000 863683.000 201166.000 
181129.000 2475356.000 872765.000 182467.000 
192270.000 2505666.000 896277.000 195632.000 
216787.000 2536807.000 909587.000 215482.000 
214646.000 2573568.000 918553.000 219548.000 
217571.000 2625782.000 919734.000 217392.000 
230570.000 2625782.000 914377.000 232495.000 
231541.000 2625782.000 905648.000 233329.000 
232010.000 2625782.000 921285.000 236728.000 
227658.000 2625782.000 930370.000 227478.000 
224454.000 2625782.000 952280.000 225057.000 
239556.000 2625782.000 943628.000 242318.000 
247787.000 2625782.000 959220.000 248954.000 
248849.000 2625782.000 960008.000 249535.000 
248849.000 2625782.000 954775.000 249535.000 
236845.000 2625782.000 948878.000 235642.000 
224988.000 2625782.000 944400.000 234045.000 
200700.000 2625782.000 938979.000 215556.000 
135192.000 2625782.000 929333.000 134257.000 
153731.000 2625782.000 936154.000 151572.000 
170814.000 2625782.000 937509.000 171824.000 
169284.000 2625782.000 951454.000 171002.000 
169901.000 2625782.000 969749.000 170912.000 
190339.000 2625782.000 951650.000 192169.000 
196120.000 2625782.000 940040.000 198353.000 
199958.000 2625782.000 965483.000 214558.000 
200277.000 2625782.000 967950.000 207721.000 
211285.000 2625782.000 973970.000 212182.000 
214421.000 2625782.000 1001361.000 217085.000 
225974.000 2625782.000 997107.000 226490.000 
232552.000 2625782.000 1013599.000 236106.000 
214189.000 2625782.000 1023261.000 232401.000 
200937.000 2625782.000 994423.000 217124.000 
190802.000 2625782.000 1016383.000 214650.000 
201441.000 2625782.000 1030799.000 216602.000 
192310.000 2625782.000 1051673.000 192867.000 
205358.000 2625782.000 1061622.000 207408.000 
219778.000 2625782.000 1075367.000 220634.000 
220021.000 2625782.000 1082600.000 226498.000 
233668.000 2625782.000 1063739.000 235815.000 
243988.000 2625782.000 1037057.000 247250.000 
244872.000 2625782.000 1003540.000 247003.000 
244872.000 2625782.000 1005218.000 247003.000 
220511.000 2625782.000 998423.000 220231.000 
183479.000 2625782.000 1032058.000 193286.000 
177548.000 2625782.000 994571.000 192287.000 
126311.000 2625782.000 981917.000 133187.000 
150710.000 2625782.000 962899.000 149556.000 
160941.000 2625782.000 950433.000 163730.000 
162274.000 2625782.000 982957.000 164108.000 
170085.000 2625782.000 990384.000 176810.000 
179636.000 2625782.000 1012717.000 205384.000 
187061.000 2625782.000 1016902.000 191839.000 
203747.000 2625782.000 1008293.000 206873.000 
209368.000 2625782.000 1018712.000 212312.000 
214514.000 2625782.000 1024206.000 217401.000 
230632.000 2625782.000 1001416.000 232204.000 
231479.000 2625782.000 989931.000 242370.000 
201889.000 2625782.000 976109.000 241171.000 
181876.000 2625782.000 974245.000 226675.000 
175632.000 2625782.000 990055.000 226675.000 
183055.000 2625782.000 969376.000 196296.000 
214249.000 444289.000 962873.000 216522.000 
213615.000 451192.000 976811.000 226392.000 
159601.000 483649.000 950275.000 157720.000 
166904.000 519836.000 967789.000 165560.000 
184910.000 550645.000 995650.000 187658.000 
191478.000 576064.000 1028231.000 192376.000 
210411.000 615729.000 1022892.000 215466.000 
231178.000 626121.000 992180.000 252583.000 
249163.000 626121.000 980065.000 263141.000 
250832.000 626121.000 1000540.000 259149.000 
250832.000 626121.000 1003907.000 259149.000 
250832.000 626121.000 987702.000 243134.000 
228706.000 626121.000 974828.000 225919.000 
210710.000 626121.000 982509.000 214302.000 
152993.000 626121.000 967842.000 155613.000 
165186.000 626121.000 961045.000 182021.000 
179329.000 626121.000 988973.000 186545.000 
185191.000 626121.000 1015067.000 185360.000 
187986.000 626121.000 1049617.000 190305.000 
184394.000 626121.000 1051744.000 188266.000 
202367.000 626121.000 1033794.000 205300.000 
210914.000 626121.000 1048987.000 212833.000 
210203.000 626121.000 1065763.000 212139.000 
220709.000 771270.000 1076808.000 223085.000 
219005.000 794626.000 1086723.000 235441.000 
216639.000 806557.000 1095335.000 218355.000 
217852.000 826776.000 1101498.000 220693.000 
208856.000 826070.000 1115659.000 215406.000 
209790.000 812769.000 1103258.000 218654.000 
141044.000 816089.000 1104290.000 166902.000 
131472.000 791665.000 1088535.000 138044.000 
131412.000 821171.000 1081277.000 115225.000 
137109.000 923226.000 1053433.000 147500.000 
157152.000 1022552.000 1061260.000 181257.000 
185007.000 1115071.000 1057341.000 198914.000 
191576.000 1216999.000 1060739.000 195758.000 
195430.000 1234922.000 1087768.000 201295.000 
216165.000 1234922.000 1092744.000 229577.000 
230842.000 1234922.000 1107778.000 242317.000 
235239.000 1234922.000 1122717.000 253078.000 
231077.000 1234922.000 1139320.000 256034.000 
238658.000 1234922.000 1153801.000 249800.000 
247761.000 1234922.000 1185894.000 258857.000 
252768.000 1234922.000 1222617.000 266094.000 
257187.000 1234922.000 1246302.000 259117.000 
257187.000 1234922.000 1264646.000 259117.000 
257187.000 1234922.000 1253088.000 259117.000 
257187.000 1234922.000 1259780.000 259117.000 
257187.000 1234922.000 1266805.000 259117.000 
235657.000 1234922.000 1272430.000 232852.000 
227964.000 1234922.000 1274764.000 240990.000 
189744.000 1234922.000 1261041.000 243262.000 
149153.000 1234922.000 1253828.000 165472.000 
169549.000 1234922.000 1222365.000 199384.000 
172907.000 1234922.000 1219730.000 201691.000 
192386.000 1234922.000 1209791.000 210394.000 
194071.000 1234922.000 1242630.000 216887.000 
191865.000 1234922.000 1279459.000 219985.000 
195967.000 1234922.000 1299233.000 221773.000 
199713.000 1234922.000 1326544.000 227744.000 
205934.000 1234922.000 1343016.000 227640.000 
209310.000 1234922.000 1369122.000 229812.000 
215605.000 1234922.000 1394665.000 241057.000 
214706.000 1234922.000 1412130.000 242228.000 
211421.000 1234922.000 1463603.000 215694.000 
222406.000 1234922.000 1484921.000 225588.000 
222138.000 1234922.000 1513198.000 225645.000 
225311.000 1234922.000 1530653.000 229235.000 
237431.000 1234922.000 1536660.000 240525.000 
251752.000 1234922.000 1546318.000 255423.000 
257705.000 1234922.000 1566138.000 262793.000 
257705.000 1234922.000 1587275.000 262793.000 
257705.000 1234922.000 1594062.000 262793.000 
197306.000 1234922.000 1623213.000 211412.000 
175547.000 1234922.000 1655869.000 195466.000 
142353.000 1234922.000 1644762.000 153780.000 
139064.000 1142213.000 1640878.000 140613.000 
163668.000 1236336.000 1630972.000 165387.000 
168622.000 1341358.000 1653038.000 169053.000 
175815.000 1439020.000 1655658.000 177361.000 
179635.000 1537082.000 1655658.000 189000.000 
182510.000 1542937.000 1655658.000 212026.000 
174854.000 1542937.000 1655658.000 212026.000 
184693.000 1542937.000 1655658.000 206738.000 
193822.000 1542937.000 1655658.000 195930.000 
199882.000 1542937.000 1655658.000 201101.000 
156681.000 1542937.000 1655658.000 151048.000 
159752.000 1542937.000 1655658.000 158476.000 
189193.000 1542937.000 1655658.000 188641.000 
189992.000 1542937.000 1655658.000 195239.000 
205104.000 1542937.000 1655658.000 224743.000 
219825.000 1542937.000 1655658.000 234348.000 
217061.000 1542937.000 1655658.000 222039.000 
202931.000 679524.000 1655658.000 220693.000 
222035.000 668779.000 1655658.000 225495.000 
232283.000 670636.000 1655658.000 235714.000 
227300.000 677748.000 1655658.000 242122.000 
237369.000 688589.000 1655658.000 241578.000 
234849.000 723989.000 1655658.000 237060.000 
245542.000 749817.000 1655658.000 255305.000 
259090.000 743460.000 1655658.000 263454.000 
243443.000 799936.000 1655658.000 249355.000 
243443.000 844376.000 1655658.000 249355.000 
243443.000 869593.000 1655658.000 249355.000 
231395.000 887182.000 1655658.000 241337.000 
226198.000 903529.000 1655658.000 232023.000 
234320.000 884912.000 1655658.000 237562.000 
159960.000 899348.000 1655658.000 159294.000 
140092.000 897756.000 1655658.000 171997.000 
163224.000 914727.000 1655658.000 185543.000 
180064.000 886911.000 1655658.000 181294.000 
196900.000 886210.000 1655658.000 198783.000 
209705.000 892718.000 1655658.000 200005.000 
217819.000 902229.000 1655658.000 200005.000 
223456.000 904372.000 1655658.000 224673.000 
224537.000 932903.000 1655658.000 227413.000 
231472.000 929205.000 1571490.000 240381.000 
175803.000 911188.000 1571490.000 191224.000 
180345.000 933111.000 1571490.000 191224.000 
204922.000 958818.000 1571490.000 200316.000 
202658.000 968278.000 1571490.000 203861.000 
195485.000 970888.000 1571490.000 195944.000 
146189.000 985760.000 1571490.000 143850.000 
160509.000 997067.000 1571490.000 157588.000 
188034.000 1004681.000 1571490.000 187193.000 
197286.000 998904.000 1571490.000 198316.000 
211255.000 994595.000 1571490.000 212870.000 
214773.000 1017621.000 1571490.000 231633.000 
215936.000 1001209.000 1571490.000 223293.000 
223234.000 1003428.000 1571490.000 223417.000 
238450.000 1001878.000 898598.000 240765.000 
244409.000 1021603.000 601163.000 247493.000 
238799.000 1050290.000 589562.000 244122.000 
238799.000 1044730.000 615492.000 244122.000 
152478.000 1026025.000 597118.000 225481.000 
100658.000 1006464.000 592748.000 171033.000 
104232.000 994171.000 591711.000 138312.000 
108275.000 976513.000 641834.000 101762.000 
129238.000 962616.000 688737.000 119202.000 
145848.000 944964.000 681722.000 145028.000 
153458.000 965181.000 669821.000 156453.000 
151150.000 958990.000 699145.000 153028.000 
154788.000 947398.000 747573.000 157354.000 
162104.000 971987.000 779979.000 175156.000 
176308.000 1002573.000 795261.000 183818.000 
178062.000 1019428.000 825009.000 178694.000 
183223.000 1048941.000 800866.000 184940.000 
208835.000 1050476.000 804372.000 211199.000 
215890.000 1059559.000 817014.000 217327.000 
209218.000 1058962.000 819966.000 211524.000 
209751.000 1082428.000 795421.000 211104.000 
212173.000 1046697.000 804711.000 217422.000 
230583.000 1036735.000 811974.000 233593.000 
212167.000 1049183.000 802886.000 212086.000 
218587.000 1014415.000 805901.000 221530.000 
229232.000 1000628.000 834227.000 229454.000 
223615.000 989207.000 836544.000 225876.000 
220222.000 1018270.000 820437.000 220225.000 
206325.000 1037545.000 845058.000 215640.000 
203789.000 1053205.000 844413.000 214151.000 
192150.000 1078873.000 848440.000 198120.000 
186757.000 1083695.000 867763.000 187322.000 
197586.000 1090541.000 867398.000 196805.000 
199559.000 1135215.000 857770.000 201480.000 
215666.000 1102259.000 842006.000 219533.000 
229096.000 1102393.000 843601.000 234675.000 
207819.000 1161161.000 812150.000 224468.000 
197681.000 1199709.000 824934.000 200048.000 
201643.000 1194705.000 828422.000 201701.000 
213580.000 1188013.000 822110.000 214788.000 
221769.000 1206197.000 796073.000 224071.000 
222318.000 1170357.000 805967.000 223742.000 
220415.000 1128005.000 836233.000 222317.000 
215071.000 1097858.000 866517.000 215832.000 
213743.000 1083243.000 877321.000 217864.000 
211772.000 1107919.000 885801.000 217121.000 
210641.000 1121400.000 879248.000 211518.000 
202089.000 1088854.000 884113.000 204108.000 
205405.000 1088724.000 885461.000 210411.000 
223041.000 1090175.000 906104.000 225803.000 
226382.000 1072595.000 904513.000 228151.000 
223649.000 1067560.000 874078.000 226008.000 
213880.000 1090869.000 859929.000 214534.000 
215890.000 1104830.000 854665.000 219791.000 
227757.000 1121157.000 857960.000 231822.000 
228604.000 1088683.000 879169.000 228101.000 
215642.000 1079707.000 896670.000 216973.000 
224167.000 1032986.000 905713.000 223630.000 
219292.000 1031815.000 926409.000 221751.000 
197368.000 1050567.000 928308.000 199044.000 
205443.000 1071504.000 924972.000 207117.000 
202449.000 1091514.000 937162.000 207680.000 
187156.000 1112817.000 944398.000 188746.000 
195634.000 1089786.000 958073.000 196366.000 
206343.000 1103098.000 945395.000 206989.000 
215464.000 1118064.000 915296.000 216140.000 
224983.000 1133923.000 926718.000 225760.000 
224840.000 1151893.000 914723.000 225851.000 
233450.000 1158274.000 902800.000 235456.000 
242779.000 1163322.000 919254.000 245438.000 
235608.000 1153122.000 914415.000 237164.000 
238737.000 1141127.000 895048.000 239993.000 
255663.000 1141023.000 868052.000 257582.000 
275162.000 1112040.000 859809.000 274392.000 
275162.000 1125180.000 843935.000 274392.000 
275162.000 1165236.000 834326.000 274392.000 
195181.000 1159845.000 848163.000 187027.000 
194421.000 1170369.000 826922.000 200326.000 
217345.000 1157643.000 805110.000 230854.000 
171476.000 1163830.000 821487.000 170880.000 
174172.000 1161110.000 863245.000 173839.000 
190084.000 1189755.000 883418.000 189781.000 
188221.000 1200816.000 921072.000 189148.000 
198712.000 1188789.000 949318.000 197110.000 
207455.000 1220030.000 945510.000 208704.000 
216247.000 1238388.000 947892.000 220839.000 
217391.000 1226794.000 963110.000 219185.000 
212482.000 1181224.000 992918.000 214562.000 
232616.000 1162883.000 1001189.000 235455.000 
243143.000 1182805.000 985479.000 242360.000 
243143.000 1193876.000 982534.000 242360.000 
243143.000 1203624.000 990396.000 242360.000 
215894.000 1226776.000 954552.000 217927.000 
196266.000 1227445.000 973659.000 201427.000 
155685.000 1214491.000 992154.000 154933.000 
156406.000 1212171.000 1009347.000 156960.000 
171223.000 1201731.000 982455.000 174404.000 
173360.000 1200123.000 985016.000 177877.000 
173523.000 1221660.000 1008204.000 175891.000 
197905.000 1235574.000 991169.000 196960.000 
201532.000 1256616.000 992000.000 207575.000 
198568.000 1270077.000 1007443.000 204418.000 
215068.000 1252459.000 1016033.000 216338.000 
201101.000 1257393.000 1031627.000 202654.000 
198511.000 1268920.000 1031051.000 199977.000 
199293.000 1296475.000 1022893.000 200938.000 
199051.000 1317176.000 1023213.000 201491.000 
208303.000 1331420.000 1052893.000 209807.000 
205099.000 1358620.000 1036629.000 212002.000 
209512.000 1401636.000 1055757.000 211079.000 
163710.000 1396436.000 1068564.000 167930.000 
134122.000 1403267.000 1035068.000 137390.000 
133863.000 1392256.000 1006025.000 123096.000 
136216.000 1418534.000 953425.000 131676.000 
155293.000 1456116.000 929885.000 155095.000 
172575.000 1476689.000 926634.000 171673.000 
177189.000 1509496.000 938531.000 190907.000 
195927.000 1533406.000 918725.000 214646.000 
198175.000 1582083.000 913952.000 199823.000 
201065.000 1612722.000 928782.000 203610.000 
205882.000 1612585.000 961725.000 207408.000 
219281.000 1582830.000 995075.000 227195.000 
227275.000 1593695.000 1027707.000 228824.000 
237732.000 1610444.000 1058619.000 243025.000 
233190.000 1636101.000 1093780.000 241706.000 
232917.000 1628587.000 1126804.000 240406.000 
232917.000 1644842.000 1171145.000 240406.000 
222621.000 1664637.000 1195915.000 223615.000 
187226.000 1689604.000 1197962.000 202751.000 
150177.000 1725105.000 1216592.000 169332.000 
123046.000 1738425.000 1254251.000 124902.000 
125229.000 1728552.000 1316514.000 125949.000 
138679.000 1750713.000 1334452.000 138686.000 
154145.000 1784056.000 1291662.000 155522.000 
172612.000 1785327.000 1298479.000 174935.000 
182609.000 1799809.000 1299401.000 192688.000 
196358.000 1794209.000 1313302.000 221055.000 
209868.000 1814778.000 1307501.000 214135.000 
221943.000 1828639.000 1308750.000 224757.000 
235352.000 1862171.000 1288025.000 239988.000 
252520.000 1874076.000 1275283.000 254949.000 
252520.000 1908228.000 1277575.000 254949.000 
252520.000 1931046.000 1301051.000 254949.000 
252520.000 1925531.000 1307768.000 254949.000 
219393.000 1931923.000 1287395.000 233791.000 
202097.000 1966887.000 1289873.000 240482.000 
143973.000 2015938.000 1322244.000 152657.000 
110207.000 2040810.000 1365178.000 121998.000 
128696.000 2066022.000 1391105.000 130031.000 
136188.000 2088261.000 1423206.000 137934.000 
153339.000 2115394.000 1425984.000 154758.000 
171266.000 2151471.000 1436751.000 174420.000 
181272.000 2195895.000 1430402.000 183796.000 
193598.000 2209139.000 1457839.000 199260.000 
204002.000 2227015.000 1479307.000 213480.000 
208301.000 2221221.000 1502698.000 234535.000 
217182.000 2248169.000 1526970.000 230530.000 
215174.000 2278890.000 1519637.000 222069.000 
223112.000 2304764.000 1510828.000 227697.000 
228194.000 2328839.000 1516302.000 232968.000 
228830.000 2356359.000 1525618.000 236247.000 
224603.000 2370283.000 1558849.000 236546.000 
227448.000 2407912.000 1570672.000 236526.000 
230651.000 2432727.000 1558265.000 236526.000 
237797.000 2456193.000 1573713.000 238050.000 
231688.000 2480074.000 1594905.000 238050.000 
219106.000 2496023.000 1630330.000 226387.000 
213851.000 2513865.000 1654749.000 219900.000 
219104.000 2549692.000 1695103.000 224015.000 
159558.000 2592861.000 1732116.000 158403.000 
161470.000 2624535.000 1744896.000 162149.000 
175377.000 2644762.000 1744896.000 179896.000 
184692.000 2664170.000 1744896.000 187436.000 
191486.000 2698823.000 1744896.000 201306.000 
190470.000 2723155.000 1744896.000 220342.000 
189542.000 2736810.000 1744896.000 199811.000 
199003.000 2766153.000 1744896.000 201916.000 
210470.000 2767804.000 1744896.000 215993.000 
202834.000 2807755.000 1744896.000 216097.000 
193380.000 2853154.000 1744896.000 215088.000 
200988.000 2840907.000 1744896.000 214082.000 
200014.000 2871506.000 1744896.000 213072.000 
206577.000 2915656.000 1744896.000 212077.000 
215595.000 2949600.000 1744896.000 227808.000 
217831.000 2992823.000 1744896.000 235587.000 
214146.000 3034420.000 1744896.000 235587.000 
211509.000 3072715.000 1744896.000 223204.000 
214094.000 3106656.000 1744896.000 222171.000 
193869.000 3151709.000 1744896.000 222311.000 
151412.000 3174713.000 1744896.000 149424.000 
162286.000 3220778.000 1744896.000 160936.000 
159950.000 3278713.000 1744896.000 165241.000 
187540.000 3297096.000 1744896.000 191013.000 
189977.000 3297096.000 1744896.000 223151.000 
197658.000 3297096.000 1744896.000 224178.000 
194912.000 3297096.000 1744896.000 224178.000 
196327.000 3297096.000 1744896.000 203295.000 
210019.000 3297096.000 1744896.000 213893.000 
183606.000 3297096.000 1744896.000 218983.000 
162369.000 3297096.000 1744896.000 218983.000 
186952.000 3297096.000 1744896.000 198537.000 
186805.000 3297096.000 1744896.000 193283.000 
185700.000 3297096.000 1744896.000 193283.000 
149498.000 3297096.000 1744896.000 152859.000 
155442.000 3297096.000 1744896.000 152859.000 
145271.000 3297096.000 1744896.000 143235.000 
149890.000 3297096.000 1744896.000 144023.000 
159994.000 3297096.000 1744896.000 148002.000 
165722.000 3297096.000 1744896.000 142457.000 
158665.000 3297096.000 1744896.000 146306.000 
164402.000 3297096.000 1744896.000 153417.000 
197446.000 3297096.000 1744896.000 194603.000 
234053.000 3297096.000 1744896.000 232880.000 
246328.000 3297096.000 1744896.000 244256.000 
244505.000 3297096.000 1744896.000 242808.000 
244505.000 3297096.000 1744896.000 242808.000 
244505.000 3297096.000 1744896.000 242808.000 
127553.000 3297096.000 1744896.000 193234.000 
131173.000 3297096.000 1744896.000 154898.000 
134803.000 3297096.000 1071207.000 109696.000 
141664.000 3297096.000 961851.000 126213.000 
159081.000 3297096.000 992918.000 143599.000 
172643.000 3297096.000 1007704.000 161029.000 
193845.000 3297096.000 1009154.000 192752.000 
209664.000 3297096.000 1008202.000 212690.000 
200541.000 3297096.000 1000410.000 200470.000 
199420.000 3297096.000 989561.000 199739.000 
208042.000 3297096.000 996786.000 205835.000 
212502.000 3297096.000 1041820.000 213661.000 
229567.000 3297096.000 1069146.000 229316.000 
238626.000 3297096.000 1103474.000 238004.000 
241597.000 3297096.000 1137646.000 233860.000 
241597.000 3297096.000 1149572.000 230609.000 
242272.000 3297096.000 1143460.000 243566.000 
216987.000 3297096.000 1157822.000 213693.000 
195582.000 3297096.000 1177981.000 196337.000 
203066.000 3297096.000 1197077.000 202895.000 
202568.000 3297096.000 1200431.000 202798.000 
208800.000 3297096.000 1203645.000 208374.000 
213388.000 3297096.000 1170909.000 213668.000 
201126.000 3297096.000 1144424.000 201565.000 
200910.000 3297096.000 1151474.000 203962.000 
191016.000 3297096.000 1177514.000 191513.000 
181076.000 3297096.000 1170065.000 189633.000 
195621.000 3297096.000 1153338.000 198020.000 
213521.000 3297096.000 1161656.000 214553.000 
218541.000 3297096.000 1157258.000 222336.000 
186610.000 2896584.000 1157159.000 209717.000 
165968.000 2239634.000 1119977.000 196960.000 
143896.000 1354808.000 1106560.000 185364.000 
146548.000 528233.000 1132865.000 194977.000 
143206.000 154724.000 1133897.000 164398.000 
158008.000 119510.000 1110500.000 160472.000 
178012.000 125400.000 1095648.000 178639.000 
199379.000 181041.000 1086830.000 202347.000 
211922.000 232197.000 1102043.000 213174.000 
229098.000 263688.000 1108258.000 231845.000 
239695.000 306158.000 1105442.000 241014.000 
239740.000 367057.000 1112078.000 245464.000 
239740.000 412497.000 1142614.000 245464.000 
239740.000 458656.000 1180879.000 245464.000 
223593.000 517801.000 1189633.000 226237.000 
211034.000 572776.000 1196237.000 226213.000 
171763.000 623231.000 1220988.000 154973.000 
143225.000 656151.000 1249167.000 143425.000 
173032.000 711679.000 1239388.000 170750.000 
178826.000 721024.000 1260500.000 184666.000 
189650.000 721024.000 1283362.000 200230.000 
187666.000 721024.000 1291027.000 216495.000 
188767.000 721024.000 1296319.000 194323.000 
194556.000 721024.000 1308933.000 198477.000 
203798.000 721024.000 1296952.000 205908.000 
210606.000 721024.000 1265841.000 212964.000 
219927.000 721024.000 1290052.000 222869.000 
217436.000 721024.000 1311708.000 222784.000 
232118.000 721024.000 1303000.000 235974.000 
238763.000 721024.000 1333908.000 244342.000 
249306.000 567224.000 1308308.000 262102.000 
242470.000 567883.000 1313321.000 242628.000 
225336.000 575388.000 1336510.000 245977.000 
219091.000 569033.000 1349705.000 239446.000 
217416.000 591910.000 1337255.000 221001.000 
222832.000 631525.000 1319578.000 233350.000 
227536.000 652685.000 1328680.000 231351.000 
223273.000 655559.000 1347996.000 225160.000 
229765.000 646670.000 1355133.000 241450.000 
234080.000 652916.000 1345371.000 235181.000 
228771.000 689822.000 1308890.000 232720.000 
237228.000 710661.000 1283164.000 239710.000 
256959.000 693014.000 1235523.000 260806.000 
266949.000 710699.000 1242450.000 260363.000 
267868.000 718043.000 1206954.000 260363.000 
267868.000 751313.000 1179617.000 260363.000 
267868.000 746116.000 1174977.000 239502.000 
215199.000 729485.000 1196041.000 237635.000 
199926.000 714747.000 1171519.000 223300.000 
143958.000 708833.000 1182660.000 142220.000 
153933.000 703538.000 1179692.000 151116.000 
165603.000 703018.000 1181638.000 167477.000 
182772.000 697420.000 1198632.000 182939.000 
193879.000 686403.000 1235307.000 195867.000 
196592.000 679321.000 1271109.000 198784.000 
196034.000 682694.000 1307283.000 206025.000 
204549.000 707915.000 1322285.000 223841.000 
218915.000 706766.000 1342208.000 222435.000 
223282.000 708884.000 1345677.000 225309.000 
228843.000 712120.000 1345167.000 231277.000 
232615.000 734025.000 1348429.000 236235.000 
238613.000 775282.000 1330846.000 239981.000 
243632.000 774569.000 1328074.000 244401.000 
258414.000 746940.000 1329343.000 260183.000 
258966.000 739182.000 1340925.000 259221.000 
258966.000 733892.000 1340116.000 259221.000 
258966.000 741484.000 1314293.000 259221.000 
224678.000 752806.000 1294280.000 229645.000 
206775.000 730513.000 1290036.000 224494.000 
156867.000 739907.000 1283120.000 154257.000 
157057.000 743322.000 1284271.000 156936.000 
168845.000 773469.000 1281034.000 173213.000 
163702.000 803739.000 1291954.000 169515.000 
163456.000 826368.000 1304304.000 183399.000 
154149.000 820700.000 1338534.000 182416.000 
109598.000 806666.000 1328374.000 145748.000 
109877.000 809397.000 1303907.000 123865.000 
109981.000 817399.000 1270120.000 110967.000 
111774.000 825444.000 1257625.000 98453.000 
120628.000 841826.000 1264411.000 117071.000 
144191.000 840402.000 1253555.000 142145.000 
158703.000 827881.000 1260151.000 160346.000 
173990.000 838900.000 1274353.000 188740.000 
191269.000 832382.000 1286968.000 208163.000 
211210.000 824944.000 1301828.000 215881.000 
218868.000 828603.000 1295591.000 223275.000 
227115.000 858669.000 1251932.000 231074.000 
211058.000 855097.000 1273720.000 220759.000 
202888.000 841304.000 1302100.000 210695.000 
204000.000 825479.000 1345084.000 207946.000 
207562.000 805203.000 1379037.000 215892.000 
213338.000 830266.000 1396311.000 215014.000 
204702.000 847006.000 1428954.000 209612.000 
201621.000 853072.000 1448852.000 205332.000 
207081.000 807256.000 1475699.000 209416.000 
205168.000 800659.000 1496623.000 207950.000 
190598.000 825798.000 1505171.000 200804.000 
196726.000 847282.000 1511201.000 200362.000 
205444.000 854125.000 1511528.000 220791.000 
188272.000 883992.000 1518033.000 194438.000 
187235.000 878082.000 1521383.000 190870.000 
193629.000 870908.000 1559392.000 195502.000 
207284.000 878448.000 1573430.000 210230.000 
213349.000 894904.000 1569866.000 217509.000 
209621.000 907990.000 1541950.000 212902.000 
200907.000 899256.000 1543940.000 202330.000 
194902.000 891537.000 1569002.000 204253.000 
184304.000 877786.000 1603132.000 185521.000 
175047.000 869876.000 1615863.000 180752.000 
196681.000 840666.000 1638948.000 200577.000 
210448.000 830092.000 1631593.000 213609.000 
204578.000 845097.000 1638229.000 210505.000 
194292.000 837844.000 1652656.000 197955.000 
191504.000 844964.000 1668681.000 196086.000 
208554.000 839271.000 1682699.000 221786.000 
206691.000 855543.000 1682393.000 206630.000 
207290.000 839681.000 1701160.000 208805.000 
210990.000 865783.000 1707151.000 212007.000 
208410.000 890364.000 1707151.000 211570.000 
202473.000 929302.000 1707151.000 206431.000 
210708.000 926186.000 1707151.000 212449.000 
215282.000 939422.000 1707151.000 217681.000 
222717.000 913748.000 1707151.000 224144.000 
214544.000 899149.000 1707151.000 214734.000 
206947.000 892641.000 1707151.000 212546.000 
218018.000 882744.000 1707151.000 218211.000 
213657.000 881388.000 1707151.000 220790.000 
213672.000 876254.000 1707151.000 214871.000 
237766.000 850776.000 1707151.000 238553.000 
247200.000 831847.000 1707151.000 238767.000 
249606.000 823855.000 1707151.000 238767.000 
249606.000 856658.000 1707151.000 238767.000 
224668.000 882122.000 1707151.000 224129.000 
211052.000 876831.000 1707151.000 214999.000 
202192.000 881926.000 1707151.000 211764.000 
139507.000 866544.000 1707151.000 138527.000 
155821.000 881631.000 1707151.000 154499.000 
178685.000 904947.000 1707151.000 187383.000 
192293.000 905317.000 1707151.000 207590.000 
207246.000 918164.000 1707151.000 209311.000 
228071.000 858167.000 1707151.000 231054.000 
240318.000 841147.000 1707151.000 243297.000 
240318.000 849208.000 1707151.000 243297.000 
240318.000 873986.000 1707151.000 243297.000 
194336.000 873987.000 1707151.000 199674.000 
179909.000 866876.000 1707151.000 185610.000 
135998.000 846158.000 1707151.000 132669.000 
118316.000 847769.000 928042.000 117317.000 
128245.000 871220.000 198989.000 127399.000 
137051.000 906392.000 285498.000 137317.000 
156140.000 931615.000 386827.000 154219.000 
158514.000 969716.000 487433.000 161468.000 
157238.000 992128.000 487433.000 159456.000 
169557.000 992144.000 487433.000 180341.000 
170531.000 1005237.000 487433.000 172365.000 
160112.000 1012920.000 487433.000 162655.000 
171724.000 1052671.000 487433.000 173581.000 
186776.000 1083059.000 487433.000 189719.000 
192235.000 1091765.000 487433.000 193535.000 
193481.000 1098638.000 487433.000 195435.000 
186778.000 1100774.000 487433.000 191599.000 
179366.000 1122132.000 487433.000 199016.000 
175238.000 1115356.000 487433.000 176259.000 
181562.000 1105536.000 487433.000 183990.000 
204495.000 1107477.000 487433.000 206959.000 
206656.000 1110873.000 487433.000 213069.000 
199829.000 1125466.000 487433.000 209579.000 
202701.000 1114741.000 487433.000 206555.000 
205930.000 1127806.000 487433.000 208566.000 
217698.000 1134165.000 487433.000 226019.000 
222000.000 1138796.000 487433.000 226169.000 
200684.000 1172564.000 487433.000 211845.000 
185276.000 1208604.000 487433.000 204154.000 
181395.000 1210446.000 487433.000 201956.000 
183384.000 1224837.000 487433.000 200739.000 
187172.000 1251192.000 487433.000 199535.000 
193623.000 1267804.000 487433.000 198701.000 
193188.000 1297436.000 487433.000 208585.000 
178407.000 1329131.000 487433.000 180364.000 
190475.000 1345946.000 487433.000 193130.000 
187181.000 1362223.000 487433.000 198078.000 
126731.000 1397006.000 487433.000 154827.000 
117132.000 1375828.000 487433.000 130413.000 
117097.000 1379762.000 487433.000 109819.000 
121085.000 1408466.000 487433.000 138775.000 
137014.000 1425030.000 487433.000 171085.000 
166397.000 1413208.000 487433.000 195239.000 
185588.000 1425448.000 487433.000 208031.000 
190490.000 1432320.000 487433.000 219429.000 
195236.000 1428470.000 487433.000 232189.000 
184603.000 1464142.000 487433.000 240592.000 
195735.000 1489454.000 487433.000 250774.000 
205681.000 1486352.000 487433.000 260888.000 
215890.000 1499450.000 487433.000 272583.000 
233330.000 1517364.000 487433.000 284885.000 
251367.000 1532462.000 487433.000 298371.000 
253625.000 1533508.000 692656.000 282312.000 
253625.000 1566900.000 689005.000 282312.000 
253625.000 1611288.000 688611.000 282312.000 
250797.000 1642439.000 685656.000 282312.000 
227919.000 1650849.000 714080.000 262338.000 
216915.000 1645648.000 745331.000 248645.000 
214323.000 1651310.000 773002.000 248571.000 
161341.000 1658291.000 759087.000 166635.000 
157531.000 1676773.000 728874.000 188091.000 
171850.000 1703255.000 732936.000 189394.000 
173963.000 1726958.000 738188.000 195755.000 
194043.000 1746413.000 697205.000 222896.000 
208240.000 1747551.000 679447.000 243807.000 
208744.000 1789748.000 614616.000 255655.000 
216549.000 1806758.000 505649.000 248516.000 
219804.000 1820185.000 507909.000 237840.000 
228799.000 1838968.000 519197.000 237232.000 
240137.000 1850034.000 543904.000 254167.000 
240603.000 1879198.000 549069.000 245977.000 
249156.000 1887022.000 561073.000 251719.000 
262355.000 1890091.000 558858.000 268534.000 
262355.000 1934539.000 575201.000 268930.000 
262355.000 1969320.000 606134.000 268930.000 
238056.000 1981817.000 592657.000 268930.000 
227824.000 2001646.000 590463.000 233747.000 
214165.000 2046788.000 597475.000 231827.000 
168374.000 2077115.000 604442.000 231827.000 
128336.000 2097097.000 614495.000 133782.000 
127865.000 2131228.000 605742.000 137136.000 
121597.000 2170442.000 607812.000 122609.000 
136410.000 2193329.000 615610.000 137393.000 
139121.000 2238775.000 625123.000 140136.000 
149086.000 2269276.000 622181.000 151143.000 
155236.000 2308927.000 587996.000 156756.000 
157036.000 2362199.000 577224.000 174991.000 
165450.000 2382618.000 585856.000 180987.000 
174094.000 2420918.000 596034.000 176185.000 
171493.000 2427381.000 616962.000 175940.000 
182299.000 2446681.000 616382.000 178657.000 
177186.000 2452346.000 669212.000 178657.000 
180315.000 2466843.000 692108.000 182454.000 
189777.000 2492609.000 704696.000 194948.000 
142481.000 2523026.000 711717.000 144004.000 
140481.000 2564643.000 721177.000 160519.000 
148591.000 2595009.000 710376.000 153845.000 
151483.000 2646783.000 716359.000 153365.000 
166957.000 2675003.000 681404.000 168013.000 
180024.000 2723527.000 668817.000 184753.000 
182681.000 2723058.000 647317.000 187805.000 
193871.000 2733767.000 641454.000 198068.000 
201345.000 2771340.000 637028.000 204862.000 
212985.000 2800300.000 642308.000 217160.000 
214091.000 2839941.000 639263.000 226715.000 
223615.000 2859829.000 649841.000 240888.000 
213341.000 2892672.000 650788.000 217389.000 
207237.000 2919406.000 636615.000 218881.000 
193291.000 2971789.000 642820.000 216386.000 
189268.000 3017754.000 657363.000 213724.000 
180262.000 3057245.000 665744.000 212189.000 
177854.000 3098400.000 659868.000 212189.000 
190631.000 3139638.000 632665.000 208630.000 
186239.000 3177377.000 653234.000 207904.000 
153744.000 3177377.000 668190.000 168004.000 
140341.000 3177377.000 662613.000 141781.000 
161017.000 3177377.000 642470.000 162411.000 
169025.000 3177377.000 635847.000 170471.000 
171293.000 3177377.000 655483.000 173827.000 
161474.000 3177377.000 669496.000 172752.000 
167715.000 3177377.000 687778.000 172665.000 
183303.000 3177377.000 706408.000 172665.000 
186192.000 3177377.000 708486.000 194592.000 
193191.000 3177377.000 694295.000 193194.000 
157152.000 3177377.000 671001.000 150350.000 
149617.000 3177377.000 684873.000 149851.000 
163291.000 3177377.000 695304.000 166235.000 
183567.000 3177377.000 674261.000 183539.000 
196001.000 3177377.000 641515.000 198376.000 
202828.000 3177377.000 654381.000 202894.000 
214861.000 3177377.000 679437.000 217429.000 
226107.000 3177377.000 704169.000 241383.000 
237515.000 3177377.000 677160.000 253761.000 
231362.000 3177377.000 692358.000 235000.000 
220624.000 3177377.000 719441.000 234891.000 
223612.000 3177377.000 722873.000 234891.000 
223909.000 3177377.000 712284.000 232950.000 
241954.000 3177377.000 710485.000 232950.000 
250687.000 3177377.000 706836.000 232950.000 
249338.000 3177377.000 723907.000 237947.000 
249338.000 3177377.000 756230.000 237947.000 
210566.000 3177377.000 728654.000 237947.000 
117906.000 3177377.000 712035.000 237947.000 
118668.000 3177377.000 688770.000 237947.000 
121709.000 3177377.000 659633.000 237947.000 
124279.000 3177377.000 606770.000 237947.000 
128400.000 3177377.000 578435.000 237947.000 
152730.000 3177377.000 580693.000 237947.000 
183655.000 3177377.000 591650.000 237947.000 
182479.000 3177377.000 638455.000 237947.000 
200230.000 3177377.000 653410.000 237947.000 
209072.000 3177377.000 682047.000 237947.000 
195256.000 3177377.000 692318.000 237947.000 
189178.000 3177377.000 700694.000 191230.000 
187608.000 3177377.000 729443.000 186375.000 
180900.000 3177377.000 731810.000 181255.000 
192345.000 3177377.000 708767.000 192534.000 
210351.000 3177377.000 736259.000 211277.000 
218035.000 3177377.000 768443.000 220046.000 
202995.000 3177377.000 774335.000 202913.000 
202194.000 3177377.000 793788.000 201446.000 
212518.000 3177377.000 790332.000 210856.000 
213097.000 3177377.000 799006.000 213232.000 
211605.000 3177377.000 812985.000 212547.000 
219978.000 3177377.000 834291.000 221735.000 
225272.000 3177377.000 821836.000 225422.000 
229107.000 3177377.000 813213.000 232004.000 
220913.000 3177377.000 845817.000 222229.000 
191785.000 3177377.000 849885.000 204975.000 
196604.000 224569.000 882128.000 198649.000 
210746.000 161233.000 903147.000 210117.000 
225544.000 193820.000 881447.000 231556.000 
235545.000 227272.000 887760.000 245067.000 
232696.000 253378.000 911111.000 234055.000 
209365.000 284185.000 938473.000 208600.000 
212985.000 331592.000 939675.000 214014.000 
219957.000 347829.000 954357.000 220042.000 
240765.000 354879.000 967349.000 243261.000 
251419.000 378473.000 974846.000 254176.000 
254152.000 419431.000 975200.000 257002.000 
254152.000 456226.000 994922.000 257002.000 
254152.000 477607.000 1035580.000 257002.000 
213454.000 520303.000 1046267.000 225398.000 
207410.000 544222.000 1049603.000 212606.000 
210647.000 570283.000 1036236.000 215176.000 
172466.000 587900.000 1050512.000 177586.000 
184542.000 605844.000 1067960.000 201852.000 
211151.000 633173.000 1045562.000 243290.000 
222690.000 649485.000 1041181.000 246685.000 
224757.000 672465.000 1088637.000 227722.000 
225734.000 699391.000 1102790.000 228674.000 
236413.000 730427.000 1089869.000 238335.000 
239086.000 749442.000 1106778.000 241662.000 
239086.000 772110.000 1133217.000 241662.000 
239086.000 798895.000 1134611.000 241662.000 
238262.000 816956.000 1166015.000 252891.000 
225462.000 849003.000 1199072.000 240480.000 
207440.000 870688.000 1210786.000 233748.000 
147102.000 881886.000 1248600.000 145480.000 
170612.000 886926.000 1271947.000 175622.000 
187468.000 908790.000 1304222.000 209299.000 
191271.000 925242.000 1330395.000 213240.000 
174721.000 973351.000 1336084.000 182059.000 
175717.000 1002858.000 1361834.000 178105.000 
167898.000 1039253.000 1394746.000 173489.000 
176273.000 1076892.000 1425293.000 180474.000 
196368.000 1098735.000 1418560.000 196465.000 
215232.000 1103550.000 1430224.000 217227.000 
214075.000 1138317.000 1456716.000 219821.000 
206007.000 1172414.000 1481489.000 216695.000 
210599.000 1189464.000 1512676.000 215447.000 
228825.000 1194417.000 1526132.000 231960.000 
236595.000 1211834.000 1561571.000 252633.000 
232052.000 1241287.000 1571086.000 267081.000 
232019.000 1254607.000 1595407.000 234933.000 
230473.000 1287479.000 1613694.000 232928.000 
233377.000 1314220.000 1628362.000 239003.000 
243029.000 1323536.000 1651826.000 247979.000 
236042.000 1352595.000 1672324.000 246991.000 
235097.000 1369551.000 1701285.000 245353.000 
230423.000 1403205.000 1724254.000 243633.000 
241974.000 1427883.000 1738925.000 245541.000 
244831.000 1450100.000 1738925.000 250959.000 
244751.000 1475680.000 1738925.000 250552.000 
244751.000 1492463.000 1738925.000 250552.000 
244751.000 1514894.000 1738925.000 250552.000 
223644.000 1536171.000 1738925.000 250552.000 
212394.000 1572048.000 1738925.000 250552.000 
198204.000 1602834.000 1738925.000 243868.000 
196069.000 1631745.000 1738925.000 243838.000 
132079.000 1656956.000 1738925.000 144558.000 
140175.000 1678136.000 1738925.000 140963.000 
159107.000 1699988.000 1738925.000 160871.000 
173721.000 1717969.000 1738925.000 174790.000 
176640.000 1751335.000 1738925.000 186095.000 
183704.000 1792031.000 1738925.000 209670.000 
184493.000 1826473.000 1738925.000 207380.000 
183653.000 1865025.000 1738925.000 191131.000 
181928.000 1911091.000 1738925.000 191000.000 
188680.000 1953828.000 1738925.000 192027.000 
201029.000 1982723.000 1738925.000 205066.000 
194235.000 2020166.000 1738925.000 206075.000 
193585.000 2040909.000 1738925.000 206059.000 
211091.000 2047221.000 1738925.000 214649.000 
221684.000 2047221.000 1738925.000 226782.000 
226742.000 2047221.000 1738925.000 228688.000 
235539.000 2047221.000 1738925.000 228688.000 
220115.000 2047221.000 1738925.000 228688.000 
212939.000 2047221.000 1738925.000 239777.000 
218657.000 2047221.000 1738925.000 239272.000 
172968.000 2047221.000 1738925.000 161252.000 
140797.000 2047221.000 1738925.000 146155.000 
137936.000 2047221.000 1533560.000 146525.000 
126088.000 2047221.000 1195944.000 145348.000 
132010.000 2047221.000 740477.000 144658.000 
141858.000 2047221.000 292793.000 144658.000 
149139.000 2047221.000 115567.000 178323.000 
159395.000 2047221.000 143005.000 185667.000 
152857.000 2047221.000 180991.000 139415.000 
144078.000 2047221.000 192802.000 134988.000 
160609.000 2047221.000 191079.000 134988.000 
162806.000 2047221.000 232808.000 162293.000 
185355.000 2047221.000 296306.000 177827.000 
176490.000 2047221.000 366999.000 177827.000 
150282.000 2047221.000 426528.000 159319.000 
140711.000 2047221.000 492133.000 159319.000 
125372.000 2047221.000 544905.000 112672.000 
121931.000 2047221.000 600746.000 110140.000 
121918.000 2047221.000 643980.000 104870.000 
121950.000 2047221.000 684800.000 96452.000 
121883.000 2047221.000 739498.000 118540.000 
145511.000 2047221.000 741178.000 146646.000 
176983.000 2047221.000 741178.000 176658.000 
173848.000 2047221.000 741178.000 173460.000 
182609.000 2047221.000 741178.000 188771.000 
187855.000 2047221.000 741178.000 189563.000 
191565.000 2047221.000 741178.000 192805.000 
199138.000 2047221.000 741178.000 201823.000 
212217.000 2047221.000 741178.000 213310.000 
233960.000 2047221.000 741178.000 236341.000 
223607.000 2047221.000 741178.000 229254.000 
193802.000 2047221.000 610827.000 197052.000 
201931.000 2047221.000 577353.000 201989.000 
205348.000 2047221.000 555642.000 204935.000 
201562.000 2047221.000 565648.000 204082.000 
211053.000 2047221.000 589543.000 211576.000 
216156.000 2047221.000 587968.000 217963.000 
230094.000 2047221.000 600119.000 231067.000 
232808.000 2047221.000 621593.000 234756.000 
233944.000 2047221.000 635818.000 233813.000 
228634.000 2047221.000 661269.000 229061.000 
214319.000 2047221.000 650003.000 215247.000 
227027.000 2047221.000 627042.000 226779.000 
248743.000 2047221.000 606543.000 249621.000 
260208.000 2047221.000 591612.000 261123.000 
253086.000 2047221.000 603031.000 256620.000 
253086.000 2047221.000 597171.000 256620.000 
214534.000 2047221.000 626577.000 206891.000 
180449.000 2047221.000 654770.000 180177.000 
132889.000 2047221.000 689372.000 130052.000 
143052.000 2047221.000 717638.000 139217.000 
173357.000 2047221.000 729022.000 169601.000 
188289.000 2047221.000 726737.000 188433.000 
202660.000 2047221.000 740536.000 203804.000 
209787.000 2047221.000 735919.000 211346.000 
208160.000 2047221.000 752660.000 209316.000 
184923.000 2047221.000 761270.000 179672.000 
177522.000 2047221.000 766624.000 175916.000 
197148.000 2047221.000 756063.000 195494.000 
200204.000 2380714.000 793855.000 200863.000 
204621.000 2384976.000 817469.000 204275.000 
219814.000 2445232.000 839968.000 221152.000 
217614.000 2064182.000 846461.000 217936.000 
220327.000 2152216.000 835613.000 220880.000 
226933.000 2247824.000 801894.000 226578.000 
226574.000 2352264.000 814612.000 227489.000 
239064.000 2410751.000 834285.000 239131.000 
241561.000 2410751.000 822578.000 242296.000 
233349.000 2410751.000 790245.000 233703.000 
225785.000 2410751.000 757118.000 225596.000 
212239.000 2410751.000 762744.000 213906.000 
223185.000 2410751.000 762725.000 223145.000 
221207.000 2410751.000 781366.000 220112.000 
210325.000 2410751.000 802203.000 211943.000 
216799.000 2410751.000 816039.000 216465.000 
218686.000 2410751.000 818790.000 219483.000 
229925.000 2410751.000 835719.000 229275.000 
238302.000 2410751.000 861932.000 237724.000 
243717.000 2410751.000 860061.000 243905.000 
231273.000 2410751.000 872120.000 229987.000 
221459.000 2410751.000 877127.000 221733.000 
232245.000 2410751.000 872244.000 231319.000 
241636.000 2410751.000 841354.000 240650.000 
242197.000 2410751.000 831710.000 241975.000 
231181.000 2410751.000 840064.000 231845.000 
225423.000 2410751.000 853528.000 225178.000 
231622.000 2410751.000 867911.000 232665.000 
234389.000 2410751.000 899148.000 232760.000 
217124.000 2410751.000 882013.000 217381.000 
211907.000 2410751.000 893886.000 212531.000 
223331.000 2410751.000 909174.000 221224.000 
217396.000 1290664.000 941382.000 216950.000 
222401.000 1268471.000 958872.000 224135.000 
217246.000 1274018.000 973776.000 216582.000 
204569.000 1293510.000 977347.000 204850.000 
190191.000 1317263.000 976461.000 188155.000 
192622.000 1320441.000 959309.000 191963.000 
208516.000 1323521.000 951224.000 208127.000 
208095.000 1335282.000 954878.000 208232.000 
218260.000 1355604.000 938190.000 218035.000 
227096.000 1401656.000 922447.000 227252.000 
241870.000 1395585.000 908526.000 241164.000 
247174.000 1375294.000 904831.000 246039.000 
226658.000 1368753.000 906204.000 225354.000 
215003.000 1377551.000 921027.000 215257.000 
211751.000 1438599.000 915345.000 211725.000 
212446.000 1493153.000 899258.000 211364.000 
222329.000 1545261.000 870582.000 221253.000 
236414.000 1609152.000 850650.000 234594.000 
234542.000 1616826.000 856599.000 233050.000 
242092.000 1588087.000 858299.000 241722.000 
227870.000 1570340.000 866958.000 226303.000 
215118.000 1576608.000 880831.000 215135.000 
233100.000 1553944.000 861741.000 229492.000 
247652.000 1547253.000 878841.000 248062.000 
252164.000 1570308.000 880886.000 249994.000 
252164.000 1586415.000 895418.000 249994.000 
252164.000 1612122.000 911835.000 249994.000 
190608.000 1631445.000 959511.000 199914.000 
181443.000 1655962.000 948445.000 180951.000 
191846.000 1670333.000 902987.000 187422.000 
155981.000 1706775.000 869608.000 166973.000 
150549.000 1681312.000 883134.000 139191.000 
154916.000 1649205.000 871640.000 120930.000 
157620.000 1636197.000 880211.000 96837.000 
160386.000 1647993.000 876907.000 112926.000 
164199.000 1681204.000 862684.000 129679.000 
166927.000 1705703.000 844336.000 142515.000 
184021.000 1712189.000 865530.000 160193.000 
216982.000 1703973.000 889965.000 193284.000 
230349.000 1715553.000 899713.000 214333.000 
231692.000 1748460.000 880756.000 230174.000 
231377.000 1764069.000 904869.000 233724.000 
221093.000 1778371.000 913944.000 233724.000 
228573.000 1796010.000 889147.000 233724.000 
240707.000 1804386.000 896124.000 237412.000 
204115.000 1833149.000 905586.000 204039.000 
197248.000 1857472.000 912254.000 177762.000 
191717.000 1896151.000 890236.000 180419.000 
196113.000 1914909.000 875068.000 191658.000 
215868.000 1901516.000 890014.000 211682.000 
214746.000 1935426.000 898307.000 212979.000 
230391.000 1954187.000 899660.000 230315.000 
234945.000 1997533.000 924688.000 233921.000 
223987.000 2019379.000 945024.000 223694.000 
231299.000 2019174.000 937658.000 229935.000 
230582.000 2045020.000 931411.000 229297.000 
216083.000 2043609.000 961306.000 215957.000 
217437.000 2047331.000 1009547.000 215176.000 
228002.000 2070283.000 1037194.000 224355.000 
225446.000 2112739.000 1028707.000 224798.000 
237276.000 2148970.000 1020312.000 235500.000 
230662.000 2164346.000 1029061.000 225223.000 
226292.000 2165306.000 1033095.000 225863.000 
220452.000 2160690.000 1055643.000 218420.000 
230576.000 2150131.000 1058369.000 229804.000 
230291.000 2165801.000 1056517.000 228795.000 
231052.000 2168426.000 1046148.000 229346.000 
232196.000 2129857.000 1045765.000 232211.000 
223521.000 2133398.000 1048019.000 222771.000 
234824.000 2099499.000 1063686.000 233458.000 
241301.000 2100318.000 1073576.000 239737.000 
245473.000 2096742.000 1084715.000 244000.000 
245473.000 2123498.000 1084363.000 244000.000 
227356.000 2108802.000 1096753.000 226355.000 
196126.000 2106751.000 1097247.000 195294.000 
208869.000 2112018.000 1094565.000 203093.000 
169682.000 2079897.000 1101461.000 166496.000 
162139.000 2103072.000 1127974.000 160343.000 
180700.000 2100456.000 1107641.000 176140.000 
181312.000 2123437.000 1106015.000 180455.000 
190348.000 2098972.000 1120440.000 187836.000 
206629.000 2088487.000 1143410.000 205063.000 
226238.000 2084870.000 1131706.000 225784.000 
221315.000 2092380.000 1151900.000 220011.000 
204778.000 2096086.000 1174289.000 204282.000 
223484.000 2095144.000 1159046.000 222593.000 
229988.000 2074447.000 1174944.000 229169.000 
233093.000 2069364.000 1195890.000 230457.000 
233093.000 2082979.000 1214590.000 223370.000 
223224.000 2056196.000 1237339.000 220440.000 
188196.000 2079686.000 1262497.000 189116.000 
170211.000 2069399.000 1293091.000 165278.000 
143661.000 2062230.000 1331991.000 143028.000 
156572.000 2048861.000 1350366.000 154987.000 
163432.000 2061844.000 1357206.000 159336.000 
158148.000 2058564.000 1410460.000 156506.000 
164447.000 2059452.000 1449397.000 163109.000 
165187.000 2063822.000 1486395.000 165260.000 
168480.000 2048919.000 1517758.000 170624.000 
171128.000 2030544.000 1545307.000 169069.000 
178069.000 2029464.000 1556540.000 178132.000 
203946.000 2024454.000 1575161.000 201600.000 
225462.000 2018537.000 1581253.000 228621.000 
229226.000 1985646.000 1602148.000 229937.000 
203162.000 2011161.000 1625579.000 202211.000 
186018.000 2027516.000 1655748.000 186514.000 
206957.000 2008312.000 1662921.000 209352.000 
229321.000 1996965.000 1676435.000 230526.000 
232218.000 1996442.000 1657518.000 232536.000 
211820.000 2040564.000 1658447.000 215816.000 
197423.000 2040937.000 1694001.000 198735.000 
201604.000 2043961.000 1710932.000 203969.000 
206059.000 2049056.000 1710308.000 206745.000 
200527.000 2043891.000 1710308.000 200620.000 
204523.000 2016480.000 1710308.000 205995.000 
204269.000 2015839.000 1710308.000 205171.000 
207255.000 2007687.000 1710308.000 207031.000 
227431.000 1993319.000 1710308.000 226483.000 
239350.000 2002839.000 1710308.000 238921.000 
231646.000 2013596.000 1710308.000 231046.000 
230222.000 2013278.000 1710308.000 230158.000 
243197.000 2010543.000 1710308.000 243770.000 
255417.000 2005684.000 1710308.000 256613.000 
247936.000 2018011.000 1710308.000 245770.000 
244422.000 1993631.000 1710308.000 243080.000 
244422.000 2003434.000 1710308.000 243080.000 
200866.000 2042505.000 1710308.000 202454.000 
188020.000 2066182.000 1710308.000 187446.000 
173318.000 2075900.000 1710308.000 168973.000 
154118.000 2045198.000 1710308.000 153745.000 
172762.000 2038192.000 1710308.000 176813.000 
195637.000 2016803.000 1710308.000 195386.000 
210163.000 1997281.000 1710308.000 211122.000 
205087.000 2000288.000 1710308.000 205290.000 
203978.000 2001034.000 1710308.000 205073.000 
199453.000 2011325.000 1710308.000 199752.000 
159810.000 2004405.000 1710308.000 156031.000 
136410.000 1996675.000 1710308.000 130774.000 
138549.000 1959219.000 1710308.000 102974.000 
140214.000 1944104.000 1710308.000 109784.000 
141034.000 1959608.000 1710308.000 124326.000 
148645.000 1978773.000 1710308.000 137338.000 
145535.000 1981901.000 1508645.000 124808.000 
145721.000 1969717.000 1177603.000 126218.000 
145873.000 1944148.000 731285.000 119940.000 
146139.000 1930797.000 314493.000 112882.000 
148179.000 1901944.000 149028.000 120571.000 
148126.000 1901955.000 126690.000 131819.000 
158335.000 1939078.000 116873.000 151222.000 
179548.000 1957071.000 173015.000 172068.000 
195421.000 1982797.000 219294.000 196382.000 
214304.000 1999266.000 272488.000 215651.000 
219187.000 2045557.000 329626.000 228642.000 
226632.000 2062385.000 378274.000 229248.000 
239863.000 2093293.000 418054.000 240821.000 
241626.000 2131775.000 462230.000 245700.000 
241626.000 2168288.000 499929.000 245700.000 
241626.000 2188749.000 560807.000 245700.000 
226301.000 2215886.000 563196.000 225759.000 
208492.000 2246228.000 563196.000 215996.000 
190506.000 2276949.000 563196.000 207491.000 
154343.000 2313577.000 563196.000 169643.000 
172948.000 2345281.000 563196.000 176523.000 
179161.000 2388871.000 563196.000 179916.000 
192651.000 2378660.000 563196.000 195588.000 
192429.000 2394515.000 563196.000 196737.000 
193911.000 2422941.000 563196.000 196073.000 
194449.000 2462344.000 563196.000 197419.000 
207384.000 2497274.000 563196.000 208439.000 
216131.000 2528788.000 563196.000 224739.000 
232544.000 2539350.000 563196.000 244754.000 
237254.000 2532621.000 563196.000 237314.000 
242430.000 2556798.000 563196.000 244039.000 
247378.000 2546140.000 563196.000 248739.000 
206784.000 2528490.000 504671.000 227612.000 
173996.000 2512786.000 408092.000 212293.000 
163078.000 2506770.000 279973.000 206564.000 
157163.000 2493878.000 160248.000 208027.000 
156446.000 2479237.000 123464.000 205796.000 
154745.000 2496592.000 105268.000 182433.000 
168264.000 2503760.000 120959.000 182001.000 
190939.000 2501194.000 179618.000 191288.000 
215202.000 2492851.000 224596.000 218531.000 
239080.000 2502660.000 268060.000 242026.000 
248760.000 2526249.000 302271.000 248812.000 
248760.000 2536665.000 353906.000 248812.000 
248760.000 2560162.000 377309.000 248812.000 
234538.000 2571408.000 392478.000 217483.000 
215295.000 2572160.000 401695.000 217545.000 
198698.000 2566158.000 408738.000 215643.000 
153008.000 2598858.000 427808.000 153014.000 
177272.000 2605026.000 424621.000 176910.000 
192546.000 2620078.000 419054.000 199271.000 
201423.000 2630255.000 409378.000 205141.000 
207703.000 2657422.000 413578.000 223052.000 
193680.000 2683321.000 436415.000 200721.000 
195592.000 2711074.000 448087.000 196438.000 
207564.000 2739278.000 474105.000 209193.000 
219115.000 2776998.000 487126.000 225420.000 
216694.000 2823548.000 503864.000 225481.000 
212716.000 2858148.000 492172.000 215233.000 
218651.000 2874770.000 514948.000 221041.000 
221103.000 2909914.000 524031.000 221760.000 
217138.000 2947482.000 530331.000 218458.000 
217553.000 2983455.000 518706.000 218679.000 
229298.000 3010995.000 510023.000 229480.000 
238981.000 3037715.000 509862.000 240798.000 
234897.000 3065863.000 510855.000 235919.000 
231218.000 3090586.000 521158.000 233015.000 
233835.000 3129649.000 546759.000 234976.000 
245465.000 3127890.000 538778.000 249764.000 
254552.000 3141122.000 525493.000 253884.000 
254552.000 3186380.000 502075.000 253884.000 
254552.000 3229540.000 498018.000 253884.000 
225225.000 3258544.000 490647.000 219523.000 
214530.000 3296719.000 501325.000 216663.000 
167877.000 3318157.000 515791.000 167293.000 
155750.000 3352547.000 523987.000 160502.000 
178069.000 3399135.000 498506.000 186054.000 
198274.000 3428197.000 493433.000 219345.000 
218197.000 3434878.000 492653.000 220491.000 
216563.000 3434878.000 511240.000 219153.000 
226481.000 3434878.000 541249.000 227659.000 
234648.000 3434878.000 538259.000 235802.000 
225297.000 3434878.000 571269.000 227209.000 
216975.000 3434878.000 584395.000 216434.000 
213904.000 3434878.000 590264.000 215637.000 
220570.000 3434878.000 578462.000 225404.000 
213531.000 3434878.000 575037.000 213450.000 
207518.000 3434878.000 604896.000 209186.000 
209192.000 3434878.000 599789.000 209592.000 
218597.000 3434878.000 605540.000 219602.000 
221435.000 3434878.000 618427.000 222701.000 
214114.000 3434878.000 627858.000 217161.000 
209721.000 3434878.000 638043.000 211999.000 
209947.000 3434878.000 672836.000 211623.000 
206944.000 3434878.000 669813.000 207052.000 
201639.000 3434878.000 688338.000 203103.000 
202904.000 3434878.000 706985.000 202430.000 
209603.000 3434878.000 726080.000 211217.000 
211939.000 3434878.000 719092.000 214808.000 
215624.000 3434878.000 691774.000 227506.000 
170669.000 3434878.000 699676.000 172673.000 
150558.000 3434878.000 696649.000 140609.000 
150542.000 3434878.000 664374.000 107488.000 
150672.000 3434878.000 684971.000 123022.000 
150588.000 3434878.000 704138.000 150885.000 
161956.000 3434878.000 706257.000 168340.000 
178016.000 3434878.000 734710.000 176584.000 
205288.000 3434878.000 724944.000 206950.000 
220805.000 3434878.000 736815.000 223065.000 
241914.000 3434878.000 738241.000 244015.000 
245474.000 3434878.000 763204.000 246248.000 
243820.000 3434878.000 750107.000 246658.000 
243820.000 3434878.000 771309.000 246658.000 
221265.000 3434878.000 774028.000 221876.000 
202005.000 3434878.000 766267.000 208621.000 
145670.000 3434878.000 779528.000 144110.000 
144058.000 3434878.000 774011.000 143757.000 
181311.000 3434878.000 799285.000 180124.000 
198509.000 3434878.000 814038.000 198744.000 
204312.000 3434878.000 804127.000 212014.000 
210094.000 3434878.000 757005.000 214461.000 
202238.000 3434878.000 782375.000 209596.000 
199431.000 3434878.000 791450.000 218225.000 
209489.000 3434878.000 804001.000 210520.000 
214825.000 3434878.000 828843.000 214910.000 
216071.000 3434878.000 847981.000 220837.000 
227246.000 3434878.000 845118.000 231697.000 
225522.000 3434878.000 870207.000 235875.000 
237942.000 3434878.000 890356.000 239708.000 
251415.000 3434878.000 906391.000 253888.000 
267393.000 3434878.000 906615.000 270140.000 
267393.000 3434878.000 925617.000 270140.000 
267393.000 3434878.000 963799.000 270140.000 
243821.000 3434878.000 980869.000 239082.000 
216228.000 3434878.000 999206.000 217578.000 
203104.000 3434878.000 1005560.000 214360.000 
148432.000 3434878.000 1031798.000 150853.000 
153686.000 3434878.000 1046955.000 154263.000 
174056.000 3434878.000 1049595.000 176538.000 
189803.000 3434878.000 1073864.000 198848.000 
195841.000 3434878.000 1117463.000 230278.000 
203281.000 3434878.000 1149513.000 208089.000 
204434.000 3434878.000 1172860.000 208802.000 
198827.000 3434878.000 1213172.000 208926.000 
197827.000 3434878.000 1212019.000 208935.000 
205237.000 3434878.000 1224006.000 208848.000 
212935.000 3434878.000 1256389.000 216700.000 
203677.000 3434878.000 1293188.000 216442.000 
217712.000 3434878.000 1299323.000 231094.000 
220393.000 3434878.000 1319789.000 225815.000 
203975.000 3434878.000 1336957.000 207528.000 
213969.000 3403141.000 1360561.000 217233.000 
227760.000 3403141.000 1393228.000 234390.000 
226724.000 3403141.000 1417817.000 237843.000 
234148.000 3403141.000 1430895.000 238766.000 
230823.000 3403141.000 1436245.000 233855.000 
231555.000 3403141.000 1442414.000 236663.000 
218546.000 3403141.000 1469210.000 235009.000 
186034.000 3403141.000 1499628.000 220487.000 
188016.000 3403141.000 1534650.000 220487.000 
203967.000 3403141.000 1574081.000 212585.000 
212486.000 3403141.000 1617511.000 216042.000 
204835.000 3403141.000 1651232.000 216053.000 
140648.000 3403141.000 1680478.000 140446.000 
150501.000 3403141.000 1710779.000 149375.000 
163991.000 3403141.000 1741184.000 180280.000 
165922.000 3403141.000 1790944.000 189808.000 
169716.000 3403141.000 1810187.000 172778.000 
171455.000 3403141.000 1837522.000 174566.000 
187258.000 3403141.000 1845167.000 190315.000 
205266.000 3403141.000 1845167.000 208363.000 
216278.000 3403141.000 1845167.000 221302.000 
226629.000 3403141.000 1845167.000 229690.000 
213911.000 3403141.000 1845167.000 229366.000 
214015.000 3403141.000 1845167.000 231018.000 
203153.000 3403141.000 1845167.000 206506.000 
201071.000 3403141.000 1845167.000 202436.000 
205088.000 3403141.000 1845167.000 208143.000 
198220.000 3403141.000 1845167.000 207081.000 
197465.000 3403141.000 1845167.000 207081.000 
196161.000 3403141.000 1845167.000 201146.000 
206579.000 3403141.000 1845167.000 208216.000 
225005.000 3403141.000 1845167.000 228080.000 
167788.000 3403141.000 1845167.000 177570.000 
167173.000 3403141.000 1845167.000 178289.000 
190684.000 3403141.000 1845167.000 192130.000 
194885.000 3403141.000 1845167.000 195519.000 
218760.000 3403141.000 1845167.000 219488.000 
232188.000 3403141.000 1845167.000 234977.000 
236016.000 3403141.000 1845167.000 234977.000 
242450.000 3403141.000 1845167.000 234977.000 
228200.000 3403141.000 1845167.000 234977.000 
235198.000 3403141.000 1845167.000 234977.000 
245031.000 3403141.000 1845167.000 245041.000 
234768.000 3403141.000 1845167.000 245041.000 
229653.000 3403141.000 1845167.000 245041.000 
200127.000 3403141.000 1845167.000 245041.000 
204799.000 3403141.000 1148620.000 245041.000 
229737.000 3403141.000 1179765.000 245041.000 
245950.000 3403141.000 1288656.000 245041.000 
258811.000 3403141.000 1385535.000 245041.000 
267367.000 3403141.000 1492041.000 245041.000 
267367.000 3403141.000 1492041.000 245041.000 
267367.000 3403141.000 1492041.000 245041.000 
267367.000 3403141.000 1492041.000 245041.000 
181872.000 3403141.000 1492041.000 245041.000 
133741.000 3403141.000 1492041.000 226536.000 
137819.000 3403141.000 1492041.000 226536.000 
140877.000 3403141.000 1492041.000 226536.000 
144879.000 2854854.000 1492041.000 226536.000 
147826.000 2482101.000 1492041.000 226536.000 
148190.000 2438400.000 1492041.000 226536.000 
151543.000 2402378.000 1492041.000 226536.000 
154744.000 2366109.000 1492041.000 226536.000 
157482.000 2281971.000 1492041.000 226536.000 
159823.000 2250064.000 1492041.000 226536.000 
162186.000 2217692.000 1492041.000 226536.000 
164277.000 2177022.000 877437.000 209844.000 
166920.000 2146713.000 872351.000 209844.000 
167349.000 2125302.000 872416.000 195238.000 
169633.000 2107383.000 872359.000 195238.000 
172051.000 2094256.000 872454.000 195238.000 
172081.000 2045755.000 874018.000 182334.000 
174440.000 1975110.000 874105.000 182334.000 
176155.000 1941099.000 888255.000 171042.000 
176975.000 1928665.000 888372.000 171042.000 
179033.000 1925972.000 897538.000 161536.000 
179244.000 2022479.000 898892.000 161536.000 
181525.000 2013418.000 902155.000 161536.000 
181609.000 1950074.000 904978.000 152844.000 
181656.000 1973783.000 908152.000 152844.000 
183925.000 1980344.000 910728.000 145239.000 
184099.000 1986860.000 914936.000 145239.000 
184059.000 1993741.000 919380.000 138709.000 
184051.000 2000529.000 924031.000 138709.000 
184056.000 2007284.000 928623.000 138709.000 
184049.000 2013778.000 933428.000 133370.000 
184041.000 2020118.000 938572.000 133370.000 
184036.000 2027144.000 943546.000 128199.000 
184087.000 2034168.000 948471.000 128199.000 
184067.000 2036993.000 953252.000 123674.000 
182629.000 2043532.000 958063.000 123674.000 
158120.000 2050562.000 962946.000 123674.000 
148040.000 2063274.000 967666.000 119840.000 
96090.000 2070261.000 972367.000 119840.000 
101595.000 2076744.000 977246.000 119840.000 
100290.000 2070623.000 981976.000 116610.000 
101868.000 2077201.000 986597.000 116610.000 
102797.000 2085067.000 991220.000 116610.000 
104974.000 2112977.000 995192.000 113533.000 
105127.000 2129983.000 999017.000 113533.000 
111059.000 2135756.000 1003614.000 113533.000 
107643.000 2142263.000 1007749.000 110842.000 
107584.000 2147767.000 1010924.000 110842.000 
109931.000 2153862.000 1015331.000 110842.000 
109946.000 2159535.000 1018212.000 108611.000 
109995.000 2161399.000 1022402.000 108611.000 
111919.000 2161399.000 1025356.000 108611.000 
112258.000 2161399.000 1028571.000 108611.000 
112352.000 2161399.000 1031944.000 106535.000 
112310.000 2161399.000 1034783.000 106535.000 
112305.000 2161399.000 1037318.000 106535.000 
112417.000 2161399.000 1039709.000 104843.000 
96302.000 2161399.000 1042157.000 104843.000 
95378.000 2161399.000 1044531.000 104843.000 
97813.000 2161399.000 1046966.000 103238.000 
95963.000 2161399.000 1049420.000 103238.000 
96410.000 2161399.000 1051771.000 103238.000 
95173.000 2161399.000 1053961.000 101958.000 
96116.000 2161399.000 1055527.000 101958.000 
98240.000 2161399.000 1056504.000 101958.000 
100968.000 2161399.000 1058883.000 101958.000 
98523.000 2161399.000 1060851.000 100713.000 
92790.000 2161399.000 1061341.000 100713.000 
92755.000 2161399.000 1063521.000 100713.000 
93139.000 2161399.000 1063650.000 99749.000 
92449.000 2161399.000 1065677.000 99749.000 
93574.000 2161399.000 1066045.000 99749.000 
92246.000 2161399.000 1066165.000 99749.000 
93052.000 2161399.000 1068492.000 99155.000 
92920.000 2161399.000 1068483.000 99155.000 
92521.000 2161399.000 1068547.000 99155.000 
92788.000 2161399.000 1069360.000 99155.000 
92490.000 2161399.000 1070816.000 98261.000 
92179.000 1530420.000 1070866.000 98261.000 
92591.000 1520217.000 1070921.000 98261.000 
92310.000 1520165.000 1070921.000 98261.000 
92085.000 1520165.000 1070921.000 97478.000 
92571.000 1520165.000 1070921.000 97478.000 
93068.000 1520165.000 1070921.000 97478.000 
92436.000 1520165.000 1070921.000 97478.000 
92584.000 1520165.000 1070921.000 96668.000 
92885.000 1520165.000 1070921.000 96668.000 
92593.000 1520165.000 1070921.000 96668.000 
92593.000 1520165.000 1070921.000 96668.000 
92753.000 1520165.000 1070921.000 96668.000 
92430.000 1520165.000 1070921.000 96085.000 
92103.000 1520165.000 1070921.000 96085.000 
92179.000 1520165.000 1070921.000 96085.000 
93377.000 1520165.000 1070921.000 96085.000 
92608.000 1520165.000 1070921.000 95699.000 
92307.000 1520165.000 1070921.000 95699.000 
92080.000 1520165.000 1070921.000 95699.000 
92699.000 1520165.000 1070921.000 95699.000 
93115.000 1520165.000 1070921.000 95362.000 
93052.000 1520165.000 1070921.000 95362.000 
93128.000 1520165.000 1070921.000 95362.000 
98539.000 1520165.000 1070921.000 95362.000 
96793.000 1520165.000 1070921.000 96941.000 
38361.000 1520165.000 1070921.000 96941.000 
38202.000 1520165.000 1070921.000 96941.000 
38301.000 1520165.000 276480.000 86449.000 
38263.000 1520165.000 268800.000 86449.000 
38263.000 1520165.000 336726.000 86449.000 
38271.000 1520165.000 336726.000 86449.000 
38237.000 1520165.000 336726.000 86449.000 
38207.000 1520165.000 336726.000 77267.000 
38306.000 1520165.000 336726.000 77267.000 
38263.000 1520165.000 336726.000 77267.000 
38263.000 1520165.000 336726.000 77267.000 
40701.000 1520165.000 336726.000 69234.000 
40664.000 1520165.000 336726.000 69234.000 
42788.000 1520165.000 336726.000 69234.000 
43006.000 1520165.000 336726.000 69234.000 
45187.000 378658.000 336726.000 62080.000 
45372.000 345744.000 336726.000 62080.000 
47786.000 345744.000 336726.000 62080.000 
49748.000 345744.000 336726.000 62080.000 
50190.000 345744.000 336726.000 55945.000 
52615.000 345744.000 336726.000 55945.000 
54966.000 345744.000 336726.000 55945.000 
57260.000 345744.000 336726.000 55945.000 
59740.000 345744.000 336726.000 55945.000 
62137.000 345744.000 336726.000 50701.000 
64506.000 345744.000 336726.000 50701.000 
67551.000 345744.000 336726.000 50701.000 
71238.000 345744.000 101990.000 50701.000 
73978.000 345744.000 201807.000 45989.000 
77183.000 345744.000 278033.000 45989.000 
81109.000 345744.000 280685.000 45989.000 
85013.000 345744.000 280685.000 45989.000 
88397.000 345744.000 280685.000 41865.000 
92967.000 345744.000 280685.000 41865.000 
97409.000 345744.000 280685.000 41865.000 
101837.000 345744.000 280685.000 41865.000 
106641.000 345744.000 280685.000 41865.000 
111577.000 345744.000 280685.000 38382.000 
116694.000 345744.000 280685.000 38382.000 
121736.000 345744.000 280685.000 38382.000 
127930.000 345744.000 280685.000 38382.000 
133305.000 99453.000 280685.000 35209.000 
139693.000 178096.000 280685.000 35209.000 
145410.000 278389.000 280685.000 35209.000 
149811.000 329654.000 280685.000 35209.000 
154364.000 329654.000 34818.000 32308.000 
159420.000 329654.000 79501.000 32308.000 
164542.000 329654.000 129762.000 32308.000 
171369.000 329654.000 145596.000 32308.000 
178110.000 329654.000 150706.000 29894.000 
185499.000 329654.000 155863.000 29894.000 
192917.000 329654.000 159890.000 29894.000 
199982.000 329654.000 164633.000 29894.000 
207411.000 329654.000 169422.000 29894.000 
215500.000 329654.000 175003.000 27782.000 
223745.000 329654.000 179529.000 27782.000 
232025.000 329654.000 183762.000 27782.000 
240644.000 329654.000 188496.000 27782.000 
249631.000 329654.000 193971.000 26185.000 
258347.000 44550.000 198856.000 26185.000 
267349.000 85474.000 202830.000 26185.000 
276677.000 135613.000 207515.000 26185.000 
286909.000 175739.000 212283.000 24536.000 
288444.000 181933.000 217146.000 24536.000 
288444.000 186372.000 221917.000 24536.000 
288444.000 190803.000 226690.000 24536.000 
288444.000 195544.000 231485.000 24536.000 
288444.000 200998.000 236158.000 23094.000 
272996.000 205910.000 241033.000 23094.000 
224829.000 209925.000 245743.000 23094.000 
205312.000 214663.000 250481.000 23094.000 
196039.000 219810.000 255297.000 22082.000 
163540.000 224889.000 260023.000 22082.000 
159859.000 229644.000 262820.000 22082.000 
162366.000 233643.000 262820.000 22082.000 
164814.000 238423.000 262820.000 22082.000 
167131.000 243938.000 262820.000 21072.000 
169515.000 248725.000 262820.000 21072.000 
171223.000 252878.000 194306.000 21072.000 
172037.000 257492.000 193640.000 21072.000 
174476.000 262890.000 196655.000 20438.000 
176629.000 263583.000 201114.000 20438.000 
178731.000 263583.000 203345.000 20438.000 
179250.000 263583.000 207687.000 20438.000 
181484.000 263583.000 212272.000 20438.000 
181576.000 213066.000 217206.000 20008.000 
183947.000 194391.000 220685.000 20008.000 
184021.000 195518.000 224402.000 20008.000 
186329.000 200450.000 227325.000 20008.000 
186362.000 203700.000 232344.000 19632.000 
186471.000 208296.000 235051.000 19632.000 
188774.000 210403.000 238629.000 19632.000 
188843.000 214616.000 241071.000 19632.000 
188863.000 218838.000 243872.000 19553.000 
188755.000 223009.000 246965.000 19553.000 
188756.000 227205.000 249970.000 19553.000 
188787.000 229375.000 252558.000 19553.000 
188813.000 233176.000 255394.000 19553.000 
188858.000 237157.000 257737.000 19609.000 
188876.000 239851.000 260289.000 19609.000 
188755.000 242752.000 261195.000 19609.000 
188755.000 245599.000 262965.000 19609.000 
188787.000 248891.000 265814.000 19783.000 
188813.000 251681.000 266101.000 19783.000 
188836.000 254105.000 266101.000 19783.000 
188876.000 255798.000 266101.000 19783.000 
188766.000 258185.000 207348.000 19783.000 
188755.000 261350.000 187296.000 19935.000 
188785.000 263491.000 191705.000 19935.000 
188812.000 263574.000 193388.000 19935.000 
188837.000 265349.000 195794.000 19935.000 
188857.000 265349.000 198714.000 20193.000 
188749.000 265349.000 201322.000 20193.000 
188766.000 265349.000 203183.000 20193.000 
188795.000 187551.000 205226.000 20193.000 
188812.000 188640.000 207446.000 20193.000 
188836.000 191966.000 210509.000 20419.000 
188857.000 194321.000 212653.000 20419.000 
191033.000 196008.000 213760.000 20419.000 
191200.000 198508.000 215119.000 20419.000 
191190.000 201088.000 217658.000 20741.000 
191166.000 203859.000 218648.000 20741.000 
193593.000 206308.000 220767.000 20741.000 
193655.000 207860.000 222254.000 20741.000 
195780.000 210306.000 222311.000 20741.000 
195999.000 213363.000 225305.000 21149.000 
198207.000 215787.000 225506.000 21149.000 
198372.000 217375.000 226247.000 21149.000 
200797.000 217452.000 227096.000 21149.000 
202671.000 219926.000 227092.000 21149.000 
203185.000 222257.000 230320.000 21630.000 
205545.000 223091.000 230280.000 21630.000 
207942.000 222258.000 229476.000 21630.000 
210283.000 224647.000 229511.000 21630.000 
212724.000 225314.000 230201.000 22051.000 
215138.000 227798.000 230305.000 22051.000 
217514.000 227642.000 230280.000 22051.000 
220175.000 229245.000 229514.000 22051.000 
224058.000 229432.000 229447.000 22051.000 
226911.000 230230.000 230291.000 22670.000 
230271.000 230214.000 230305.000 22670.000 
234067.000 229594.000 229592.000 22670.000 
238008.000 229455.000 229447.000 22670.000 
241315.000 229811.000 229878.000 23211.000 
245925.000 230213.000 230303.000 23211.000 
248518.000 230312.000 230267.000 23211.000 
250924.000 229463.000 229456.000 23211.000 
253356.000 229398.000 229516.000 23211.000 
257631.000 230164.000 230182.000 23809.000 
260448.000 230312.000 230267.000 23809.000 
265229.000 229701.000 229743.000 23809.000 
269860.000 229399.000 229518.000 23809.000 
274533.000 229398.000 229452.000 23809.000 
279457.000 230306.000 230204.000 24333.000 
285542.000 230273.000 230233.000 24333.000 
285884.000 229429.000 229549.000 24333.000 
285884.000 229398.000 229453.000 24333.000 
285884.000 230126.000 232405.000 24917.000 
285884.000 230273.000 232577.000 24917.000 
285884.000 230239.000 232673.000 24917.000 
211061.000 229399.000 233657.000 24917.000 
201873.000 229473.000 234237.000 24917.000 
181815.000 230212.000 234925.000 25677.000 
152357.000 230239.000 237436.000 25677.000 
150181.000 232065.000 237451.000 25677.000 
152837.000 231816.000 239004.000 25677.000 
154832.000 231840.000 239503.000 25677.000 
156809.000 232591.000 242227.000 26467.000 
159603.000 235017.000 244563.000 26467.000 
160144.000 234457.000 246105.000 26467.000 
162418.000 236290.000 246790.000 26467.000 
164852.000 236629.000 248626.000 26467.000 
166274.000 239490.000 251809.000 27159.000 
167235.000 239794.000 254162.000 27159.000 
169489.000 241461.000 256415.000 27159.000 
169717.000 243222.000 259634.000 27159.000 
172079.000 243861.000 262579.000 27159.000 
172103.000 247006.000 266005.000 27889.000 
174440.000 249317.000 269239.000 27889.000 
174448.000 251003.000 272509.000 27889.000 
174521.000 253289.000 274804.000 27889.000 
176684.000 255960.000 277560.000 28528.000 
176791.000 258937.000 280110.000 28528.000 
176817.000 261369.000 280978.000 28528.000 
176889.000 264662.000 280978.000 28528.000 
176889.000 267517.000 280978.000 28528.000 
176888.000 270954.000 280978.000 29087.000 
176902.000 275425.000 280978.000 29087.000 
176792.000 277747.000 203834.000 29087.000 
176818.000 277268.000 203232.000 29087.000 
176840.000 279580.000 205627.000 29087.000 
176889.000 280147.000 210668.000 29826.000 
176903.000 280147.000 213438.000 29826.000 
176902.000 280147.000 217599.000 29826.000 
176789.000 280147.000 221949.000 29826.000 
176818.000 210145.000 226245.000 29826.000 
177332.000 203924.000 230033.000 30597.000 
177440.000 205970.000 234759.000 30597.000 
176925.000 209973.000 238633.000 30597.000 
176928.000 212616.000 241273.000 30597.000 
176864.000 216375.000 245827.000 30597.000 
177619.000 220932.000 249360.000 31398.000 
177692.000 225263.000 253464.000 31398.000 
176935.000 229166.000 255908.000 31398.000 
176937.000 232694.000 258011.000 31398.000 
176881.000 236467.000 260516.000 31398.000 
177677.000 241621.000 263755.000 32223.000 
177731.000 244824.000 266136.000 32223.000 
178853.000 248371.000 268511.000 32223.000 
179280.000 250899.000 271154.000 32223.000 
179208.000 254243.000 272476.000 32223.000 
180131.000 258147.000 275641.000 32945.000 
182492.000 260948.000 278072.000 32945.000 
181669.000 263107.000 280205.000 32945.000 
183392.000 265259.000 279695.000 32945.000 
184006.000 267648.000 282131.000 32945.000 
186476.000 270888.000 285035.000 33702.000 
187204.000 273395.000 285260.000 33702.000 
188762.000 275623.000 285260.000 33702.000 
189484.000 277146.000 285260.000 33702.000 
191147.000 278050.000 285260.000 33702.000 
194249.000 280462.000 243327.000 34489.000 
196601.000 282878.000 201623.000 34489.000 
198239.000 284563.000 202062.000 34489.000 
200524.000 284556.000 205617.000 34489.000 
203030.000 284556.000 207779.000 34489.000 
205971.000 284556.000 210646.000 35303.000 
208694.000 284556.000 213084.000 35303.000 
211050.000 284556.000 214801.000 35303.000 
214748.000 201432.000 216341.000 35303.000 
217531.000 200800.000 217551.000 35303.000 
221888.000 205798.000 220348.000 36015.000 
225383.000 207111.000 223154.000 36015.000 
229961.000 209013.000 225485.000 36015.000 
233187.000 210352.000 227079.000 36015.000 
237166.000 212796.000 229397.000 36015.000 
241131.000 215186.000 231425.000 36015.000 
243510.000 218371.000 233849.000 36763.000 
246688.000 220731.000 235095.000 36763.000 
249142.000 222284.000 235325.000 36763.000 
253056.000 224776.000 236738.000 36763.000 
257773.000 227087.000 238881.000 36763.000 
263199.000 230155.000 239860.000 37668.000 
268239.000 232232.000 240924.000 37668.000 
272984.000 231873.000 241566.000 37668.000 
278649.000 234258.000 241406.000 37668.000 
284104.000 234275.000 243685.000 37668.000 
290760.000 237369.000 244599.000 38459.000 
294064.000 239709.000 244672.000 38459.000 
294064.000 239198.000 244077.000 38459.000 
294064.000 240257.000 243818.000 38459.000 
294064.000 241523.000 243775.000 38459.000 
294064.000 242131.000 244597.000 39277.000 
244409.000 244509.000 244588.000 39277.000 
220209.000 244560.000 244645.000 39277.000 
219833.000 243890.000 243842.000 39277.000 
223757.000 243901.000 243775.000 39277.000 
227300.000 244180.000 244165.000 40117.000 
232269.000 244559.000 244638.000 40117.000 
235940.000 244615.000 244564.000 40117.000 
238919.000 243919.000 243859.000 40117.000 
243640.000 243789.000 243803.000 40117.000 
248225.000 243815.000 243828.000 40117.000 
253556.000 244607.000 244552.000 40977.000 
256729.000 244663.000 244564.000 40977.000 
260504.000 243875.000 243959.000 40977.000 
264004.000 243815.000 243828.000 40977.000 
267484.000 243838.000 243724.000 40977.000 
271575.000 244622.000 244517.000 41730.000 
275335.000 244580.000 244618.000 41730.000 
278017.000 244275.000 244348.000 41730.000 
281420.000 243840.000 243726.000 41730.000 
284284.000 243838.000 243759.000 41730.000 
286669.000 243856.000 246157.000 41730.000 
289950.000 244629.000 246999.000 42514.000 
292403.000 244603.000 247002.000 42514.000 
292730.000 243886.000 248270.000 42514.000 
292730.000 243858.000 248509.000 42514.000 
292730.000 243874.000 248559.000 42514.000 
292730.000 244455.000 251565.000 43324.000 
211527.000 246976.000 251758.000 43324.000 
208010.000 246999.000 254099.000 43324.000 
210131.000 246248.000 254503.000 43324.000 
212536.000 247147.000 255795.000 43324.000 
214997.000 248627.000 258128.000 43324.000 
219000.000 249475.000 260923.000 44159.000 
220666.000 251739.000 262486.000 44159.000 
222223.000 251216.000 263708.000 44159.000 
224564.000 253342.000 265290.000 44159.000 
226968.000 253366.000 267998.000 44159.000 
229819.000 256249.000 271431.000 44889.000 
232536.000 258712.000 275010.000 44889.000 
234914.000 260123.000 277768.000 44889.000 
236325.000 260541.000 279650.000 44889.000 
