0 0 0 0
38 38 38 38
80 80 80 75
120 121 120 97
157 158 158 105
197 200 200 116
237 241 240 127
277 281 279 137
316 318 320 148
358 354 362 158
400 393 399 168
442 435 434 179
483 477 464 186
521 519 504 192
557 557 546 199
590 599 588 205
617 640 630 211
644 682 672 217
672 724 713 224
704 766 755 232
737 808 797 240
772 850 839 247
807 891 881 253
842 933 923 260
878 975 964 267
913 1017 1006 273
949 1059 1048 280
986 1101 1090 285
1022 1142 1132 292
1058 1184 1174 299
1093 1226 1215 305
1129 1268 1257 311
1165 1310 1299 317
1201 1352 1341 323
1236 1393 1383 329
1272 1435 1425 335
1308 1477 1466 341
1344 1519 1508 348
1379 1561 1550 354
1415 1603 1592 360
1450 1644 1634 366
1486 1686 1676 372
1522 1728 1717 379
1557 1770 1759 385
1593 1812 1801 391
1629 1854 1843 397
1664 1895 1885 403
1700 1937 1927 409
1736 1979 1968 415
1772 2021 2010 422
1807 2063 2052 428
1843 2105 2094 434
1878 2146 2136 440
1915 2188 2178 446
1952 2230 2219 452
1988 2272 2261 459
2024 2314 2303 464
2062 2356 2345 470
2099 2397 2387 476
2136 2439 2429 482
2173 2481 2470 488
2210 2523 2512 494
2248 2565 2554 499
2286 2607 2596 505
2324 2648 2638 511
2362 2690 2680 516
2400 2732 2721 521
2440 2774 2763 527
2480 2816 2805 532
2520 2858 2847 537
2562 2899 2889 543
2604 2941 2931 548
2646 2983 2972 553
2688 3025 3014 559
2729 3067 3056 564
2771 3109 3098 569
2813 3150 3140 575
2855 3192 3182 580
2897 3234 3223 585
2939 3247 3265 591
2980 3248 3307 596
3022 3250 3349 601
3064 3254 3391 608
3106 3286 3433 616
3148 3328 3474 625
3190 3370 3516 634
3231 3412 3558 642
3273 3454 3600 651
3315 3495 3642 659
3357 3537 3684 667
3399 3579 3725 675
3441 3621 3767 681
3482 3663 3809 688
3524 3705 3851 694
3566 3746 3893 701
3608 3788 3935 706
3650 3830 3976 712
3687 3872 4018 717
3719 3914 4060 723
3751 3956 4102 728
3785 3997 4144 734
3820 4039 4186 739
3856 4081 4227 744
3892 4123 4269 750
3923 4165 4311 756
3938 4207 4353 762
3973 4248 4395 770
4015 4290 4437 779
4056 4332 4478 788
4098 4374 4520 798
4140 4416 4562 809
4182 4458 4604 821
4224 4499 4646 834
4266 4541 4688 849
4307 4583 4730 864
4349 4625 4771 878
4391 4667 4813 894
4433 4709 4855 910
4475 4750 4897 926
4515 4792 4939 944
4554 4834 4981 958
4596 4876 5022 975
4637 4918 5064 993
4676 4960 5106 1010
4705 5001 5148 1029
4716 5043 5190 1047
4737 5085 5232 1067
4779 5127 5273 1087
4821 5169 5315 1108
4863 5211 5357 1128
4905 5252 5399 1150
4947 5281 5441 1172
4988 5313 5483 1196
5030 5345 5524 1220
5072 5378 5560 1244
5114 5419 5587 1271
5156 5442 5618 1294
5198 5479 5651 1320
5239 5511 5686 1346
5281 5548 5717 1372
5323 5582 5741 1399
5365 5612 5767 1422
5407 5637 5798 1450
5449 5669 5828 1478
5490 5694 5861 1506
5532 5729 5889 1537
5574 5765 5918 1558
5616 5795 5949 1584
5658 5831 5981 1607
5700 5857 6021 1630
5741 5890 6048 1656
5745 5879 6042 1638
5745 5861 6035 1627
5747 5851 6022 1629
5752 5844 6014 1647
5754 5828 6012 1661
5755 5824 6003 1670
5757 5808 6001 1686
5760 5805 5994 1703
5760 5805 5989 1721
5760 5802 5971 1739
5760 5797 5963 1752
5760 5786 5971 1770
5764 5777 5957 1787
5770 5771 5953 1808
5779 5767 5947 1830
5788 5762 5937 1856
5779 5761 5922 1876
5769 5757 5921 1900
5756 5741 5920 1923
5742 5733 5920 1946
5727 5715 5920 1975
5711 5699 5920 1998
5695 5698 5920 2027
5679 5698 5921 2057
5661 5697 5920 2088
5627 5690 5920 2121
5593 5688 5920 2151
5565 5687 5920 2184
5562 5687 5920 2217
5569 5687 5921 2250
5574 5675 5913 2285
5580 5659 5913 2309
5586 5655 5910 2330
5586 5642 5908 2346
5585 5637 5907 2363
5590 5631 5892 2385
5596 5623 5877 2402
5603 5605 5872 2424
5608 5589 5870 2441
5608 5589 5870 2455
5609 5574 5867 2473
5611 5561 5865 2487
5594 5549 5857 2507
5598 5540 5852 2520
5598 5529 5845 2526
5597 5526 5841 2557
5603 5509 5839 2572
5600 5500 5840 2592
5605 5482 5840 2607
5601 5476 5840 2621
5601 5468 5839 2635
5608 5458 5839 2644
5609 5448 5839 2659
5614 5435 5840 2673
5620 5426 5832 2688
5626 5415 5827 2705
5629 5407 5822 2711
5634 5402 5811 2705
5639 5394 5799 2703
5644 5393 5792 2701
5649 5392 5791 2715
5653 5388 5791 2735
5656 5376 5789 2754
5660 5375 5789 2773
5664 5372 5786 2793
5668 5361 5781 2817
5670 5361 5775 2833
5672 5352 5775 2851
5673 5337 5774 2871
5673 5332 5768 2890
5673 5329 5762 2910
5673 5321 5758 2930
5673 5309 5751 2949
5674 5299 5745 2975
5673 5286 5739 2991
5673 5270 5739 3011
5673 5264 5738 3033
5673 5256 5739 3055
5673 5279 5739 3077
5649 5315 5739 3096
5646 5344 5739 3116
5629 5367 5732 3142
5612 5375 5720 3156
5601 5367 5704 3175
5597 5363 5695 3196
5586 5362 5686 3218
5575 5356 5682 3239
5566 5352 5677 3261
5552 5345 5668 3283
5543 5338 5666 3312
5528 5330 5656 3328
5517 5328 5643 3351
5514 5310 5643 3377
5502 5300 5633 3402
5497 5288 5620 3429
5488 5283 5610 3456
5485 5276 5600 3484
5486 5264 5590 3518
5491 5250 5585 3539
5484 5244 5553 3567
5481 5243 5511 3597
5467 5243 5470 3623
5461 5243 5439 3649
5458 5242 5420 3678
5471 5242 5408 3707
5460 5243 5400 3726
5448 5242 5389 3744
5431 5242 5380 3770
5427 5239 5363 3795
5417 5233 5344 3819
5408 5226 5329 3842
5393 5227 5317 3863
5385 5227 5304 3885
5372 5222 5294 3906
5358 5218 5278 3921
5349 5207 5236 3940
5339 5203 5208 3960
5325 5195 5208 3980
5319 5184 5208 3998
5310 5183 5208 4021
5297 5183 5209 4042
5285 5183 5209 4057
5269 5182 5208 4070
5266 5183 5208 4086
5288 5183 5208 4103
5297 5181 5208 4119
5283 5180 5209 4131
5266 5180 5180 4143
5256 5171 5138 4161
5247 5168 5096 4172
5236 5177 5054 4183
5225 5183 5012 4196
5218 5193 4983 4209
5205 5201 4986 4223
5197 5201 5001 4232
5186 5211 5012 4247
5178 5210 5020 4260
5167 5213 5027 4263
5158 5212 5002 4272
5150 5213 4989 4283
5143 5219 4975 4297
5135 5231 4944 4307
5122 5241 4914 4308
5117 5258 4897 4317
5105 5264 4901 4320
5099 5270 4903 4328
5090 5282 4896 4338
5083 5288 4888 4349
5074 5304 4878 4351
5058 5313 4884 4356
5051 5327 4885 4362
5034 5345 4888 4368
5009 5356 4892 4374
5000 5368 4895 4377
4986 5384 4879 4358
4976 5389 4871 4376
4972 5406 4871 4388
4954 5414 4879 4397
4941 5420 4884 4397
4932 5426 4896 4402
4920 5431 4898 4416
4911 5442 4891 4414
4893 5450 4899 4391
4891 5460 4895 4363
4890 5464 4892 4339
4896 5470 4899 4312
4920 5471 4914 4327
4944 5475 4905 4338
4967 5490 4893 4337
4990 5498 4882 4346
5011 5516 4865 4350
5024 5533 4861 4360
5031 5534 4855 4355
5043 5534 4848 4348
5042 5534 4839 4346
5063 5541 4826 4337
5088 5543 4814 4332
5107 5545 4805 4313
5104 5545 4797 4289
5089 5545 4794 4290
5086 5556 4795 4289
5069 5572 4782 4299
5060 5576 4771 4312
5052 5590 4764 4330
5045 5595 4755 4347
5030 5601 4766 4352
5018 5608 4773 4360
5002 5626 4766 4372
4992 5603 4759 4388
4983 5562 4750 4403
4970 5535 4744 4414
4961 5506 4734 4430
4969 5476 4730 4443
4947 5443 4729 4461
4936 5412 4730 4474
4921 5374 4729 4446
4910 5349 4724 4464
4912 5317 4720 4477
4905 5327 4705 4494
4900 5325 4698 4513
4898 5317 4682 4533
4884 5319 4665 4557
4875 5316 4661 4578
4858 5313 4660 4598
4844 5308 4657 4614
4827 5305 4652 4632
4813 5303 4649 4660
4795 5303 4646 4700
4774 5307 4648 4735
4762 5295 4644 4767
4744 5282 4626 4788
4734 5259 4616 4803
4720 5229 4605 4810
4707 5189 4596 4826
4694 5150 4586 4842
4675 5119 4579 4855
4661 5077 4570 4874
4642 5044 4560 4890
4620 5017 4557 4900
4603 4981 4556 4915
4583 4942 4557 4923
4557 4908 4549 4935
4540 4878 4545 4943
4520 4846 4536 4925
4508 4817 4540 4945
4500 4792 4529 4960
4490 4756 4522 4975
4477 4722 4514 4989
4464 4686 4501 5003
4475 4649 4491 5020
4462 4618 4478 5036
4464 4591 4476 5044
4461 4551 4476 5064
4458 4517 4472 5077
4440 4479 4480 5089
4434 4438 4488 5095
4428 4409 4486 5104
4425 4414 4490 5112
4425 4421 4484 5117
4426 4428 4475 5121
4425 4436 4476 5124
4418 4437 4483 5105
4409 4455 4468 5115
4418 4466 4469 5124
4412 4478 4473 5134
4409 4483 4474 5142
4403 4490 4470 5151
4391 4501 4479 5151
4374 4515 4484 5160
4369 4522 4506 5160
4356 4523 4536 5166
4351 4523 4571 5173
4340 4523 4595 5175
4332 4523 4610 5144
4325 4523 4611 5151
4335 4523 4615 5166
4329 4524 4618 5176
4333 4524 4618 5181
4320 4527 4619 5186
4314 4532 4628 5190
4305 4535 4631 5195
4303 4523 4641 5201
4292 4518 4643 5204
4291 4512 4646 5209
4284 4513 4655 5212
4279 4524 4684 5217
4270 4528 4707 5220
4269 4537 4701 5205
4258 4548 4688 5169
4256 4548 4683 5136
4269 4548 4668 5102
4281 4548 4668 5088
4300 4549 4669 5100
4314 4549 4669 5107
4312 4549 4669 5113
4311 4550 4662 5119
4312 4551 4654 5129
4315 4551 4671 5138
4306 4560 4710 5142
4297 4564 4736 5150
4291 4568 4770 5159
4286 4571 4801 5164
4271 4571 4822 5166
4261 4572 4818 5163
4250 4573 4809 5169
4234 4575 4806 5160
4214 4575 4804 5158
4195 4574 4799 5166
4184 4574 4834 5173
4166 4574 4859 5177
4152 4562 4883 5161
4137 4525 4924 5137
4138 4495 4964 5150
4131 4495 4989 5155
4130 4496 4999 5163
4121 4495 5010 5176
4111 4495 5028 5182
4105 4495 5035 5189
4094 4495 5040 5206
4098 4495 5041 5217
4086 4491 5046 5233
4087 4454 5046 5243
4095 4418 5050 5255
4087 4383 5047 5266
4082 4347 5046 5301
4078 4306 5049 5305
4065 4299 5045 5309
4066 4298 5036 5313
4059 4298 5033 5327
4045 4298 5044 5330
4035 4298 5051 5325
4023 4298 5047 5336
4016 4299 5043 5371
3995 4294 5032 5412
3980 4252 5025 5440
3962 4210 5021 5448
3956 4168 5017 5449
3939 4154 5028 5448
3930 4142 5026 5460
3914 4137 5024 5461
3902 4128 5011 5463
3896 4118 4973 5465
3898 4086 4937 5475
3895 4045 4902 5487
3906 4004 4870 5492
3910 3965 4841 5464
3906 3954 4838 5475
3921 3943 4834 5496
3918 3943 4823 5521
3921 3940 4814 5523
3909 3937 4801 5525
3910 3928 4802 5525
3901 3928 4802 5526
3900 3915 4797 5527
3900 3913 4789 5529
3895 3912 4786 5537
3891 3913 4776 5546
3890 3913 4754 5545
3881 3944 4726 5548
3879 3977 4735 5546
3874 4003 4744 5545
3866 4039 4757 5549
3869 4062 4769 5547
3865 4094 4774 5552
3858 4129 4780 5568
3859 4164 4785 5596
3847 4196 4792 5557
3834 4235 4776 5560
3835 4230 4749 5562
3838 4225 4714 5565
3831 4234 4703 5566
3830 4236 4719 5568
3824 4242 4723 5568
3823 4248 4724 5563
3815 4254 4735 5565
3814 4259 4745 5548
3809 4259 4739 5523
3807 4256 4723 5525
3822 4257 4691 5524
3814 4250 4662 5526
3821 4248 4669 5509
3811 4272 4672 5483
3818 4306 4669 5491
3830 4335 4665 5490
3830 4366 4671 5489
3836 4398 4679 5487
3835 4435 4686 5488
3836 4470 4685 5487
3845 4499 4676 5491
3844 4532 4671 5491
3846 4559 4674 5498
3854 4594 4680 5496
3851 4622 4691 5496
3855 4647 4706 5484
3843 4682 4699 5443
3843 4720 4705 5407
3853 4762 4713 5371
3865 4804 4721 5356
3878 4841 4726 5354
3887 4875 4722 5353
3890 4913 4728 5351
3896 4936 4727 5350
3906 4968 4720 5349
3911 5000 4729 5350
3921 5024 4721 5345
3924 5054 4717 5349
3929 5082 4710 5350
3924 5068 4704 5352
3921 5068 4710 5354
3913 5058 4712 5351
3914 5050 4706 5367
3916 5038 4704 5389
3910 5028 4712 5382
3893 5025 4716 5380
3894 5008 4715 5376
3880 5004 4715 5372
3885 4999 4718 5363
3883 4992 4709 5361
3894 4978 4699 5367
3896 4966 4695 5363
3907 4947 4699 5358
3921 4929 4699 5360
3931 4919 4696 5365
3938 4904 4692 5401
3943 4891 4695 5399
3931 4887 4693 5391
3938 4867 4695 5389
3935 4846 4700 5382
3941 4834 4705 5377
3937 4830 4707 5377
3942 4823 4714 5372
3939 4819 4715 5368
3945 4818 4712 5366
3941 4824 4702 5359
3949 4822 4695 5368
3947 4810 4699 5358
3951 4795 4695 5354
3950 4783 4696 5372
3954 4770 4701 5410
3953 4756 4699 5444
3935 4750 4707 5473
3917 4745 4696 5488
3905 4731 4685 5485
3889 4717 4677 5478
3883 4709 4672 5470
3878 4702 4668 5465
3878 4701 4662 5453
3876 4691 4661 5449
3878 4691 4654 5438
3885 4679 4653 5433
3890 4662 4651 5431
3894 4653 4655 5420
3904 4640 4649 5415
3920 4622 4647 5418
3926 4617 4647 5414
3942 4610 4641 5423
3955 4607 4635 5421
3973 4605 4631 5417
3980 4602 4620 5415
3992 4603 4616 5398
3998 4617 4613 5411
4011 4653 4598 5434
4002 4673 4599 5411
3994 4666 4599 5396
3995 4655 4596 5384
3987 4647 4588 5374
3995 4627 4584 5372
3995 4615 4579 5358
3999 4610 4582 5333
3997 4606 4585 5329
4015 4603 4572 5325
4017 4640 4564 5321
4028 4662 4559 5317
4031 4691 4553 5316
4042 4723 4560 5315
4040 4753 4572 5305
4048 4751 4570 5297
4054 4749 4561 5294
4058 4746 4552 5284
4063 4746 4546 5278
4075 4733 4543 5281
4071 4731 4546 5282
4078 4726 4545 5283
4082 4724 4556 5251
4082 4763 4557 5248
4094 4804 4553 5273
4086 4846 4544 5269
4089 4860 4537 5267
4089 4867 4535 5263
4087 4863 4542 5260
4085 4871 4569 5258
4086 4878 4597 5251
4084 4908 4627 5243
4078 4948 4657 5240
4082 4990 4682 5239
4080 5028 4717 5275
4085 5027 4725 5274
4069 5034 4725 5271
4070 5034 4730 5262
4067 5029 4733 5220
4067 5027 4746 5182
4083 5036 4750 5145
4101 5036 4761 5111
4117 5049 4775 5110
4129 5050 4793 5107
4140 5041 4801 5107
4148 5039 4818 5108
4153 5031 4845 5105
4156 5031 4879 5103
4163 5032 4877 5110
4168 5046 4867 5115
4178 5052 4847 5114
4170 5070 4839 5116
4181 5080 4829 5113
4179 5087 4827 5111
4186 5094 4817 5116
4184 5104 4805 5147
4177 5106 4815 5143
4168 5118 4841 5131
4159 5131 4879 5102
4169 5138 4899 5102
4177 5145 4883 5102
4190 5152 4863 5101
4199 5162 4856 5106
4206 5169 4854 5107
4211 5178 4850 5126
4214 5188 4859 5150
4217 5197 4887 5148
4203 5200 4926 5151
4203 5220 4964 5152
4187 5235 4976 5162
4189 5238 4982 5186
4168 5246 4997 5187
4143 5259 5003 5187
4131 5270 4999 5189
4122 5280 4992 5169
4115 5284 4997 5145
4127 5291 5001 5149
4135 5304 4998 5152
4140 5313 5005 5154
4146 5328 4999 5155
4149 5335 5005 5162
4149 5348 5005 5171
4147 5365 5005 5212
4153 5372 5007 5254
4140 5376 4995 5290
4117 5376 4989 5326
4095 5376 4983 5342
4076 5380 4985 5344
4057 5388 4986 5346
4048 5392 4982 5349
4036 5411 4976 5350
4024 5421 4982 5351
4010 5431 4987 5351
3998 5448 4984 5353
3990 5460 4970 5348
3982 5467 4971 5350
3978 5481 4965 5341
3974 5481 4962 5313
3969 5491 4965 5316
3975 5498 4966 5316
3977 5502 4948 5325
3975 5501 4913 5331
3978 5485 4876 5334
3968 5497 4844 5338
3978 5489 4812 5342
3967 5486 4793 5350
3970 5491 4795 5353
3959 5487 4791 5354
3960 5490 4793 5365
3951 5502 4786 5371
3943 5513 4778 5372
3937 5514 4775 5375
3931 5519 4774 5377
3923 5521 4777 5378
3925 5515 4773 5386
3915 5530 4766 5392
3911 5537 4757 5384
3903 5533 4762 5365
3909 5523 4770 5368
3912 5515 4775 5375
3921 5519 4776 5381
3914 5517 4789 5384
3921 5504 4806 5392
3916 5467 4821 5393
3916 5437 4830 5405
3914 5410 4839 5412
3915 5380 4844 5380
3912 5351 4851 5378
3920 5324 4858 5382
3925 5288 4865 5390
3933 5251 4876 5383
3932 5223 4879 5361
3943 5195 4874 5357
3958 5183 4872 5338
3973 5179 4873 5333
3986 5168 4852 5319
4002 5168 4823 5305
4017 5164 4791 5313
4028 5154 4766 5289
4040 5155 4738 5291
4053 5159 4739 5302
4055 5159 4750 5300
4045 5165 4757 5301
4049 5161 4758 5275
4036 5160 4761 5238
4026 5163 4756 5206
4039 5171 4754 5177
4052 5178 4760 5141
4066 5180 4770 5140
4081 5182 4777 5139
4091 5176 4793 5135
4111 5180 4788 5151
4123 5175 4784 5163
4124 5180 4782 5158
4134 5174 4785 5159
4139 5163 4780 5152
4141 5133 4788 5158
4150 5096 4779 5174
4153 5058 4770 5169
4137 5024 4778 5163
4139 4982 4783 5158
4127 4954 4788 5149
4119 4918 4792 5137
4108 4880 4799 5130
4111 4849 4792 5131
4102 4817 4791 5129
4099 4778 4797 5124
4096 4739 4804 5125
4096 4697 4803 5128
4093 4668 4812 5131
4103 4628 4821 5125
4107 4591 4821 5120
4117 4556 4817 5148
4120 4517 4826 5156
4109 4476 4834 5155
4107 4434 4840 5154
4109 4393 4835 5152
4108 4359 4846 5151
4123 4330 4852 5155
4137 4297 4855 5151
4152 4274 4859 5154
4166 4255 4871 5163
4178 4248 4883 5166
4178 4247 4891 5169
4179 4248 4896 5172
4179 4260 4893 5173
4173 4264 4896 5173
4172 4264 4904 5178
4169 4272 4900 5210
4161 4277 4893 5248
4138 4277 4892 5287
4117 4277 4887 5292
4097 4277 4879 5278
4090 4278 4865 5281
4085 4288 4855 5282
4082 4289 4856 5281
4077 4297 4849 5287
4082 4305 4840 5289
4076 4287 4832 5291
4081 4259 4832 5294
4075 4247 4841 5296
4082 4235 4839 5298
4081 4223 4843 5300
4090 4214 4832 5302
4089 4202 4830 5302
4093 4200 4831 5305
4103 4200 4822 5303
4099 4192 4834 5313
4105 4179 4836 5336
4094 4167 4825 5334
4087 4160 4825 5333
4076 4152 4837 5333
4070 4131 4840 5331
4069 4127 4829 5332
4065 4118 4820 5323
4067 4109 4812 5322
4066 4099 4807 5323
4070 4080 4810 5321
4066 4066 4811 5310
4068 4062 4810 5306
4068 4053 4807 5302
4072 4041 4806 5302
4077 4028 4803 5304
4077 4023 4808 5293
4082 4014 4808 5278
4086 4007 4805 5300
4088 4004 4796 5298
4081 3996 4801 5296
4078 3988 4800 5294
4075 3979 4799 5293
4072 3979 4785 5291
4080 3978 4764 5291
4081 3968 4754 5286
4083 3958 4752 5284
4086 3954 4763 5283
4092 3941 4760 5281
4097 3935 4758 5278
4095 3925 4757 5273
4100 3913 4768 5268
4097 3908 4767 5261
4098 3908 4774 5249
4099 3906 4775 5241
4093 3898 4778 5238
4097 3891 4782 5238
4096 3880 4789 5210
4095 3874 4791 5199
4104 3869 4800 5208
4106 3863 4807 5239
4111 3851 4808 5240
4106 3837 4812 5237
4106 3833 4826 5195
4116 3839 4855 5158
4133 3851 4895 5120
4153 3850 4937 5082
4169 3854 4979 5070
4189 3850 5008 5071
4205 3840 5016 5072
4218 3846 5023 5071
4219 3846 5028 5072
4225 3842 5036 5072
4224 3845 5041 5073
4224 3850 5049 5067
4224 3847 5051 5065
4227 3848 5056 5060
4228 3845 5055 5060
4230 3843 5056 5061
4234 3848 5058 5069
4231 3859 5056 5093
4227 3860 5053 5088
4217 3870 5046 5086
4213 3876 5030 5084
4211 3883 5023 5082
4207 3888 5013 5080
4208 3911 5006 5079
4204 3945 5003 5070
4203 3975 4999 5068
4205 3999 4995 5101
4203 4032 4983 5105
4194 4066 4971 5103
4186 4100 4969 5100
4179 4132 4963 5110
4172 4160 4959 5135
4164 4189 4955 5134
4146 4201 4945 5160
4136 4204 4944 5168
4121 4204 4964 5193
4100 4214 4991 5208
4085 4216 5024 5207
4067 4225 5051 5235
4053 4230 5077 5235
4035 4221 5080 5225
4026 4223 5080 5234
4028 4223 5068 5235
4017 4224 5070 5261
4026 4225 5053 5299
4034 4221 5026 5335
4021 4208 4995 5372
4003 4198 4959 5404
3988 4190 4917 5413
3968 4188 4885 5420
3957 4195 4871 5424
3941 4191 4863 5429
3938 4199 4854 5425
3937 4190 4844 5439
3931 4198 4840 5443
3923 4225 4842 5438
3918 4261 4840 5437
3900 4300 4843 5437
3889 4322 4853 5440
3891 4356 4852 5438
3882 4392 4849 5413
3887 4431 4833 5424
3908 4464 4805 5438
3912 4497 4768 5447
3915 4526 4737 5451
3917 4566 4707 5458
3914 4602 4677 5459
3914 4644 4640 5459
3913 4685 4605 5459
3898 4727 4563 5454
3896 4757 4524 5462
3890 4793 4495 5438
3880 4831 4465 5434
3889 4873 4433 5433
3903 4911 4436 5433
3908 4948 4443 5434
3911 4978 4455 5435
3909 5007 4461 5436
3898 5033 4460 5434
3887 5059 4460 5437
3871 5076 4470 5436
3861 5092 4470 5433
3856 5092 4470 5430
3849 5081 4479 5427
3850 5073 4480 5424
3846 5071 4490 5422
3851 5067 4500 5424
3851 5059 4506 5422
3855 5047 4519 5427
3864 5044 4533 5427
3870 5040 4541 5426
3872 5038 4549 5453
3874 5034 4557 5467
3867 5029 4543 5467
3862 5026 4511 5466
3856 5020 4469 5457
3851 5019 4441 5454
3845 5014 4424 5451
3846 5031 4433 5450
3845 5046 4443 5449
3845 5055 4454 5449
3844 5062 4464 5449
3845 5062 4471 5450
3845 5071 4484 5442
3845 5073 4495 5442
3853 5067 4506 5443
3851 5063 4525 5407
3859 5066 4529 5372
3874 5072 4531 5340
3890 5084 4547 5316
3904 5091 4563 5318
3919 5099 4562 5319
3925 5119 4556 5323
3925 5124 4566 5323
3928 5133 4567 5331
3926 5139 4570 5335
3929 5149 4566 5336
3932 5160 4551 5339
3938 5170 4543 5353
3947 5175 4532 5365
3943 5179 4534 5372
3947 5191 4533 5368
3947 5202 4525 5363
3946 5207 4520 5373
3937 5215 4519 5408
3930 5223 4515 5410
3910 5226 4519 5412
3901 5234 4513 5414
3894 5242 4506 5374
3889 5251 4503 5374
3899 5250 4486 5375
3892 5252 4469 5375
3895 5262 4469 5380
3897 5272 4466 5382
3895 5276 4472 5384
3895 5289 4474 5386
3894 5294 4477 5388
3897 5305 4476 5393
3897 5317 4468 5398
3900 5322 4474 5396
3901 5322 4471 5409
3898 5324 4475 5411
3902 5331 4474 5401
3903 5339 4471 5399
3904 5350 4467 5434
3902 5356 4464 5445
3888 5361 4463 5444
3883 5367 4463 5426
3878 5378 4457 5398
3879 5393 4459 5402
3881 5406 4455 5419
3885 5411 4456 5456
3875 5418 4451 5492
3865 5424 4443 5529
3854 5431 4433 5541
3840 5443 4425 5540
3830 5456 4422 5540
3826 5468 4418 5539
3823 5477 4418 5537
3824 5488 4413 5536
3827 5491 4408 5535
3829 5495 4398 5539
3833 5509 4384 5540
3836 5519 4374 5512
3834 5532 4369 5507
3848 5539 4370 5506
3853 5536 4369 5513
3862 5527 4366 5514
3869 5540 4354 5517
3870 5533 4350 5518
3869 5527 4360 5519
3872 5522 4357 5521
3870 5529 4357 5522
3866 5548 4352 5522
3864 5547 4340 5530
3861 5555 4333 5525
3850 5556 4326 5526
3852 5552 4333 5527
3846 5543 4337 5528
3852 5545 4326 5530
3850 5542 4313 5534
3855 5540 4310 5534
3851 5539 4320 5546
3853 5533 4334 5533
3849 5530 4331 5506
3856 5541 4334 5507
3863 5531 4334 5509
3868 5498 4335 5512
3868 5469 4338 5514
3870 5438 4342 5513
3875 5411 4330 5523
3878 5380 4315 5523
3876 5350 4310 5514
3880 5316 4308 5485
3878 5288 4327 5486
3891 5256 4361 5489
3891 5229 4385 5489
3897 5199 4417 5494
3898 5200 4448 5503
3902 5194 4471 5504
3894 5189 4476 5509
3895 5194 4475 5509
3887 5196 4477 5514
3885 5195 4485 5514
3886 5197 4479 5518
3885 5192 4466 5531
3888 5180 4469 5540
3899 5172 4468 5540
3900 5191 4464 5544
3900 5189 4463 5553
3905 5180 4455 5567
3894 5179 4460 5527
3884 5172 4497 5487
3899 5175 4534 5446
3909 5181 4575 5410
3925 5180 4617 5378
3942 5186 4659 5384
3961 5153 4699 5392
3976 5112 4735 5399
3991 5070 4770 5406
4001 5040 4794 5401
4003 5004 4836 5420
4014 4966 4870 5414
4005 4924 4908 5409
4001 4886 4899 5404
4003 4849 4888 5405
4005 4818 4883 5406
4005 4787 4876 5403
4006 4757 4862 5389
4003 4723 4855 5382
4015 4690 4845 5380
4011 4653 4844 5376
4013 4619 4839 5371
4020 4589 4827 5366
4025 4555 4820 5362
4026 4515 4812 5357
4031 4477 4810 5351
4036 4443 4801 5350
4036 4416 4788 5348
4050 4420 4784 5341
4051 4423 4777 5341
4061 4425 4767 5344
4062 4429 4767 5334
4066 4434 4790 5320
4075 4437 4816 5316
4083 4444 4852 5323
4090 4444 4894 5322
4096 4449 4912 5321
4090 4458 4902 5314
4086 4473 4898 5311
4088 4476 4897 5309
4077 4482 4888 5306
4076 4493 4880 5303
4077 4493 4877 5294
4074 4503 4872 5268
4072 4511 4872 5275
4082 4515 4869 5317
4078 4521 4869 5355
4062 4527 4868 5387
4044 4527 4869 5411
4030 4527 4862 5408
4008 4527 4871 5404
4006 4528 4881 5402
4003 4528 4879 5399
3990 4528 4886 5396
3981 4530 4896 5390
3976 4530 4901 5370
3968 4538 4913 5341
3968 4542 4919 5340
3975 4542 4924 5340
3977 4547 4924 5340
3983 4546 4925 5339
3987 4548 4936 5341
3999 4548 4943 5339
4013 4549 4955 5338
4025 4549 4954 5336
4030 4549 4962 5334
4035 4548 4969 5332
4040 4548 4971 5372
4042 4548 4969 5373
4033 4549 4988 5373
4032 4549 5014 5373
4026 4549 5012 5372
4020 4548 5011 5368
4020 4548 4994 5367
4018 4548 4988 5366
4015 4549 4990 5366
4012 4549 4984 5366
4013 4549 4980 5365
4014 4548 4970 5373
4012 4548 4970 5372
4015 4548 4973 5377
4015 4549 4958 5389
4016 4549 4927 5394
4010 4549 4901 5394
4007 4548 4872 5393
4008 4548 4835 5396
4007 4548 4801 5416
4008 4549 4806 5444
3999 4549 4796 5411
3992 4549 4803 5420
3993 4548 4807 5421
3986 4548 4802 5423
3983 4548 4802 5424
3977 4549 4800 5425
3975 4549 4800 5425
3972 4549 4794 5425
3969 4548 4794 5427
3972 4548 4790 5429
3969 4548 4793 5430
3970 4549 4766 5430
3967 4549 4739 5432
3971 4549 4718 5433
3969 4548 4686 5467
3969 4548 4660 5472
3956 4548 4629 5473
3948 4560 4600 5474
3941 4574 4569 5475
3934 4575 4542 5477
3934 4590 4511 5440
3930 4602 4475 5431
3945 4608 4444 5431
3955 4614 4413 5432
3973 4614 4385 5432
3992 4623 4362 5432
4011 4626 4339 5439
4027 4643 4324 5440
4035 4656 4323 5426
4045 4673 4329 5414
4057 4679 4338 5416
4065 4688 4357 5414
4073 4686 4372 5413
4077 4687 4379 5390
4079 4700 4382 5388
4087 4708 4396 5396
4084 4672 4407 5374
4097 4640 4422 5363
4108 4633 4430 5345
4126 4633 4442 5325
4138 4633 4450 5311
4151 4663 4465 5304
4167 4696 4483 5304
4170 4726 4502 5311
4175 4768 4510 5342
4180 4793 4479 5338
4170 4834 4478 5331
4167 4856 4487 5329
4165 4898 4485 5327
4161 4902 4482 5321
4160 4907 4483 5316
4158 4917 4489 5304
4161 4922 4492 5304
4168 4899 4497 5292
4164 4905 4500 5292
4171 4904 4512 5289
4170 4910 4520 5285
4168 4914 4517 5280
4167 4921 4519 5281
4171 4919 4519 5275
4174 4901 4517 5267
4173 4878 4530 5276
4184 4840 4534 5315
4185 4814 4536 5347
4164 4812 4540 5373
4147 4819 4541 5398
4134 4822 4540 5425
4117 4822 4532 5423
4095 4855 4523 5411
4088 4897 4514 5387
4088 4938 4513 5372
4096 4980 4518 5376
4107 5022 4508 5386
4104 5064 4515 5396
4103 5106 4508 5401
4096 5148 4508 5406
4092 5170 4506 5395
4085 5170 4498 5390
4095 5170 4488 5391
4097 5170 4497 5402
4102 5170 4499 5406
4096 5198 4496 5409
4098 5235 4483 5407
4096 5274 4477 5408
4096 5307 4475 5400
4092 5344 4472 5400
4098 5371 4478 5397
4095 5413 4469 5394
4089 5443 4470 5392
4094 5440 4475 5386
4078 5399 4476 5386
4087 5358 4482 5376
4085 5316 4477 5363
4091 5274 4468 5369
4095 5232 4463 5373
4093 5215 4462 5372
4094 5202 4457 5366
4096 5194 4450 5361
4095 5188 4449 5354
4105 5180 4449 5347
4106 5169 4450 5340
4114 5162 4431 5332
4127 5155 4432 5324
4132 5148 4430 5314
4133 5140 4428 5318
4138 5132 4427 5332
4145 5123 4413 5322
4138 5119 4403 5308
4143 5117 4387 5296
4150 5118 4373 5291
4157 5118 4362 5284
4162 5108 4356 5278
4173 5107 4343 5267
4177 5107 4323 5258
4181 5107 4321 5252
4201 5107 4311 5240
4220 5107 4296 5236
4236 5107 4289 5248
4248 5107 4283 5269
4257 5104 4279 5258
4258 5096 4269 5250
4266 5092 4261 5237
4269 5088 4250 5227
4273 5088 4247 5211
4272 5088 4242 5203
4279 5087 4226 5194
4281 5086 4220 5183
4292 5074 4217 5174
4301 5061 4224 5164
4312 5052 4226 5157
4318 5043 4237 5137
4324 5039 4236 5123
4333 5039 4240 5113
4351 5036 4235 5098
4363 5031 4228 5093
4370 5031 4237 5075
4378 5030 4240 5057
4390 5022 4237 5049
4392 5015 4238 5032
4395 5007 4240 5020
4408 5001 4238 4995
4420 4998 4240 4974
4434 4990 4245 4933
4459 4975 4255 4896
4476 4973 4286 4858
4505 4973 4325 4838
4531 4972 4353 4835
4556 4964 4386 4833
4581 4950 4415 4818
4601 4941 4413 4810
4622 4937 4419 4835
4629 4937 4421 4844
4628 4938 4417 4830
4635 4926 4424 4817
4641 4917 4419 4809
4651 4906 4423 4794
4655 4892 4428 4779
4667 4884 4428 4744
4681 4868 4427 4730
4695 4854 4428 4722
4711 4837 4437 4714
4725 4823 4476 4708
4736 4817 4510 4699
4747 4800 4540 4689
4755 4795 4574 4673
4770 4777 4609 4665
4781 4773 4637 4652
4793 4760 4672 4642
4809 4742 4705 4632
4822 4736 4731 4618
4836 4722 4760 4648
4848 4712 4796 4641
4846 4700 4835 4626
4844 4688 4869 4616
4845 4675 4903 4602
4839 4666 4932 4591
4838 4657 4953 4578
4836 4648 4974 4563
4841 4632 4975 4570
4847 4623 4972 4563
4842 4618 4962 4548
4850 4607 4954 4540
4842 4621 4952 4520
4850 4623 4950 4531
4855 4609 4944 4537
4839 4599 4943 4544
4844 4628 4935 4550
4831 4662 4927 4530
4821 4695 4927 4538
4821 4728 4925 4548
4816 4753 4919 4552
4810 4756 4916 4548
4805 4749 4915 4537
4813 4755 4908 4532
4814 4745 4906 4520
4812 4749 4941 4508
4822 4738 4946 4504
4830 4751 4954 4496
4828 4744 4964 4481
4841 4741 4977 4475
4839 4737 4987 4467
4837 4730 4987 4466
4839 4727 4986 4452
4840 4736 4990 4450
4852 4740 4979 4442
4860 4733 4974 4435
4867 4727 4982 4428
4880 4730 4987 4423
4888 4726 4986 4420
4901 4721 4982 4421
4906 4740 4976 4422
4915 4769 4962 4419
4923 4801 4968 4415
4922 4836 4971 4417
4929 4838 4966 4424
4932 4832 4956 4424
4927 4828 4944 4425
4940 4806 4932 4425
4950 4801 4933 4429
4947 4799 4939 4445
4945 4795 4942 4451
4931 4785 4944 4442
4927 4767 4940 4442
4929 4760 4931 4440
4930 4749 4927 4438
4934 4738 4916 4438
4937 4753 4887 4439
4937 4793 4858 4437
4931 4829 4833 4436
4925 4868 4798 4432
4917 4907 4761 4423
4917 4908 4736 4419
4914 4905 4745 4419
4912 4899 4750 4414
4902 4906 4758 4413
4900 4907 4763 4408
4897 4916 4754 4408
4887 4907 4763 4407
4881 4912 4760 4409
4877 4933 4762 4394
4875 4965 4759 4386
4875 5005 4755 4395
4874 5042 4758 4399
4871 5078 4728 4396
4863 5120 4696 4400
4860 5137 4671 4396
4853 5146 4640 4399
4852 5155 4605 4366
4852 5158 4575 4338
4863 5166 4544 4316
4880 5177 4505 4291
4887 5184 4483 4294
4900 5191 4449 4300
4913 5198 4417 4306
4928 5202 4381 4314
4941 5209 4348 4325
4949 5218 4324 4325
4965 5222 4303 4336
4976 5224 4293 4346
4986 5224 4293 4356
4997 5224 4294 4365
5002 5225 4307 4374
5007 5214 4320 4388
5001 5206 4340 4398
5003 5200 4347 4400
4997 5193 4362 4413
4986 5184 4377 4417
4974 5176 4389 4414
4969 5160 4398 4420
4955 5157 4406 4423
4937 5158 4423 4429
4934 5158 4433 4420
4925 5157 4446 4416
4927 5154 4455 4434
4930 5146 4464 4443
4926 5141 4481 4454
4922 5129 4498 4466
4917 5140 4497 4477
4911 5154 4486 4488
4905 5156 4483 4496
4904 5156 4472 4517
4898 5157 4448 4528
4894 5151 4414 4531
4876 5153 4389 4544
4871 5159 4367 4543
4866 5159 4333 4558
4857 5160 4302 4570
4864 5168 4268 4578
4875 5175 4243 4595
4889 5182 4221 4606
4893 5189 4213 4624
4899 5192 4199 4646
4906 5200 4193 4687
4897 5215 4203 4725
4887 5217 4214 4763
4867 5216 4216 4777
4847 5218 4230 4772
4832 5226 4239 4767
4806 5240 4249 4775
4784 5249 4258 4783
4767 5249 4270 4767
4759 5243 4276 4752
4753 5233 4288 4766
4750 5238 4283 4779
4743 5232 4293 4787
4735 5230 4297 4802
4732 5232 4294 4812
4721 5225 4293 4846
4714 5227 4288 4860
4697 5234 4293 4868
4683 5240 4282 4873
4669 5239 4274 4876
4665 5236 4269 4885
4653 5244 4269 4892
4649 5239 4265 4896
4641 5245 4258 4901
4630 5236 4266 4913
4627 5242 4265 4917
4612 5255 4267 4922
4603 5253 4268 4927
4591 5261 4272 4931
4585 5259 4262 4944
4571 5268 4256 4947
4561 5258 4258 4949
4550 5256 4262 4959
4534 5251 4267 4970
4516 5253 4268 4976
4506 5254 4267 4957
4493 5262 4266 4957
4491 5254 4266 4976
4487 5238 4273 4990
4476 5248 4281 4997
4473 5245 4283 5016
4465 5246 4278 5021
4458 5259 4266 5029
4463 5242 4261 5037
4455 5208 4267 5044
4452 5174 4264 5072
4449 5141 4259 5077
4434 5108 4252 5075
4423 5083 4247 5082
4416 5050 4249 5089
4407 5029 4237 5096
4400 5015 4237 5101
4396 5015 4233 5108
4399 5017 4221 5121
4390 5017 4211 5129
4387 5006 4203 5126
4388 5006 4192 5140
4385 5008 4182 5149
4390 5001 4172 5160
4404 4994 4160 5169
4400 4988 4164 5154
4401 4989 4155 5128
4395 4984 4170 5101
4398 4989 4163 5074
4407 4998 4160 5067
4408 5005 4164 5075
4415 5010 4156 5086
4420 5008 4154 5086
4421 5007 4159 5092
4421 5005 4171 5103
4409 5011 4173 5106
4406 5010 4164 5105
4400 5006 4169 5103
4403 5004 4169 5115
4401 4997 4169 5121
4384 5008 4172 5119
4378 5013 4174 5102
4375 5015 4182 5093
4387 5020 4183 5101
4390 5030 4194 5113
4385 5047 4199 5117
4377 5054 4202 5122
4375 5065 4208 5128
4368 5076 4228 5132
4369 5081 4267 5139
4365 5083 4308 5145
4360 5088 4348 5152
4361 5064 4387 5161
4363 5029 4424 5176
4355 5006 4457 5181
4358 4999 4453 5189
4347 4987 4455 5192
4347 4957 4461 5198
4344 4931 4467 5199
4330 4901 4478 5210
4336 4888 4475 5217
4335 4881 4483 5215
4327 4868 4488 5208
4329 4841 4494 5223
4329 4809 4497 5224
4328 4772 4503 5233
4324 4765 4540 5242
4321 4765 4578 5248
4321 4765 4613 5258
4318 4769 4649 5264
4315 4768 4691 5305
4312 4771 4727 5344
4293 4771 4768 5381
4277 4771 4810 5417
4257 4771 4852 5424
4242 4771 4889 5425
4218 4771 4931 5428
4205 4775 4972 5434
4185 4776 5006 5435
4168 4776 5034 5444
4146 4776 5055 5442
4127 4776 5068 5443
4108 4775 5077 5444
4087 4775 5084 5441
4071 4784 5068 5430
4063 4796 5052 5431
4065 4767 5042 5431
4058 4731 5023 5438
4056 4696 5006 5432
4054 4664 4992 5402
4056 4654 4974 5413
4069 4663 4959 5414
4079 4656 4950 5423
4094 4650 4933 5425
4100 4637 4924 5447
4106 4626 4906 5467
4105 4619 4898 5468
4098 4620 4872 5469
4090 4618 4830 5469
4086 4624 4788 5469
4080 4621 4754 5467
4077 4603 4726 5458
4072 4599 4696 5455
4072 4597 4696 5453
4068 4589 4728 5456
4070 4582 4756 5462
4074 4568 4785 5464
4074 4556 4814 5473
4077 4544 4840 5462
4078 4540 4868 5441
4064 4536 4899 5442
4070 4521 4922 5439
4057 4513 4945 5440
4050 4513 4964 5447
4037 4512 4977 5446
4020 4512 4983 5446
4011 4512 4983 5437
4005 4512 4983 5436
4011 4513 4984 5441
4018 4497 4984 5440
4016 4487 4983 5442
4028 4477 4983 5412
4037 4464 4983 5407
4043 4456 4983 5430
4061 4445 4984 5451
4059 4452 4984 5450
4058 4449 4993 5441
4052 4459 4996 5432
4052 4468 5000 5421
4048 4465 5007 5422
4039 4466 5011 5415
4039 4460 4986 5373
4032 4458 4949 5344
4047 4458 4918 5306
4063 4459 4897 5268
4076 4448 4910 5226
4089 4457 4922 5187
4105 4468 4934 5157
4117 4480 4948 5118
4135 4492 4954 5077
4146 4499 4961 5042
4165 4504 4968 5005
4178 4512 4983 4972
4195 4519 4992 4934
4209 4531 5008 4897
4229 4533 5017 4868
4249 4555 5021 4835
4262 4570 5023 4798
4286 4584 5027 4757
4307 4592 5039 4723
4327 4600 5045 4715
4345 4607 5052 4682
4353 4624 5056 4641
4365 4645 5063 4601
4379 4650 5063 4563
4397 4657 5063 4523
4412 4667 5070 4489
4430 4668 5088 4450
4450 4699 5093 4415
4464 4741 5096 4382
4481 4783 5107 4345
4494 4825 5112 4309
4509 4867 5121 4279
4525 4908 5132 4242
4538 4950 5132 4204
4552 4987 5146 4168
4565 5007 5153 4130
4578 5017 5159 4096
4589 5028 5171 4059
4602 5039 5184 4020
4611 5057 5192 3993
4616 5064 5205 3955
4624 5072 5216 3916
4637 5088 5226 3878
4646 5102 5241 3840
4661 5110 5250 3829
4672 5125 5261 3830
4684 5136 5261 3826
4684 5144 5276 3822
4683 5144 5283 3800
4684 5148 5284 3761
4684 5150 5302 3719
4684 5160 5315 3684
4690 5170 5329 3647
4698 5181 5336 3608
4714 5185 5342 3570
4728 5182 5351 3537
4748 5150 5352 3505
4760 5116 5361 3467
4780 5085 5374 3427
4796 5068 5391 3391
4808 5068 5399 3375
4821 5068 5400 3353
4818 5068 5404 3313
4827 5068 5403 3274
4841 5068 5412 3234
4858 5068 5419 3195
4872 5068 5424 3155
4888 5068 5424 3114
4897 5068 5427 3079
4906 5068 5427 3041
4910 5068 5429 2999
4916 5095 5431 2958
4925 5133 5436 2916
4935 5169 5441 2878
4933 5184 5450 2837
4941 5205 5453 2805
4944 5236 5453 2774
4939 5266 5453 2743
4943 5302 5453 2701
4934 5324 5458 2664
4929 5338 5461 2632
4924 5372 5462 2625
4913 5407 5461 2583
4893 5441 5464 2543
4881 5467 5439 2501
4873 5438 5426 2459
4865 5437 5430 2417
4855 5434 5437 2375
4847 5392 5443 2334
4838 5354 5443 2293
4827 5354 5448 2251
4821 5354 5449 2209
4812 5354 5449 2168
4807 5354 5449 2126
4796 5353 5454 2089
4796 5354 5454 2051
4783 5354 5453 2010
4778 5354 5459 1968
4769 5354 5469 1927
4764 5354 5482 1890
4758 5353 5495 1850
4751 5354 5501 1808
4745 5354 5505 1770
4739 5354 5507 1739
4726 5354 5481 1698
4713 5391 5449 1657
4733 5432 5426 1615
4748 5474 5442 1582
4767 5516 5455 1577
4781 5534 5474 1535
4782 5541 5489 1494
4795 5554 5498 1452
4806 5566 5515 1410
4815 5583 5524 1370
4829 5600 5541 1328
4841 5569 5550 1286
4860 5534 5576 1245
4877 5500 5618 1205
4896 5473 5660 1164
4915 5477 5702 1124
4931 5495 5743 1092
4949 5506 5785 1055
4962 5517 5799 1015
4983 5528 5805 974
4996 5540 5819 933
5012 5555 5832 893
5025 5567 5844 852
5040 5579 5860 825
5059 5583 5873 811
5076 5587 5882 769
5078 5601 5897 731
5092 5610 5908 690
5102 5610 5909 649
5118 5611 5920 608
5135 5611 5920 568
5153 5611 5920 535
5170 5610 5919 494
5184 5610 5919 453
5196 5626 5919 422
5213 5636 5920 385
5227 5646 5920 380
5240 5659 5920 343
5252 5670 5919 303
5255 5687 5919 262
5268 5690 5919 221
5282 5700 5920 188
5302 5702 5920 155
5317 5703 5920 125
5336 5718 5919 88
5361 5732 5925 54
5369 5753 5962 54
5395 5762 5996 42
5395 5772 6038 41
5395 5786 6070 41
5395 5806 6070 41
5396 5806 6069 42
5395 5806 6069 42
5395 5806 6069 42
5395 5806 6069 42
5395 5806 6070 42
5395 5806 6070 43
5396 5806 6069 43
5395 5806 6069 43
5395 5806 6069 42
5395 5806 6069 43
5395 5801 6070 42
5395 5801 6070 42
5396 5801 6069 42
5395 5800 6069 42
5395 5800 6069 42
5395 5801 6069 41
5395 5801 6070 41
5395 5801 6070 40
5396 5801 6069 41
5395 5800 6069 41
5395 5800 6069 40
5395 5801 6069 40
5395 5801 6070 40
5395 5801 6070 40
5395 5801 6069 39
5395 5800 6069 39
5395 5800 6069 39
5395 5801 6069 39
5395 5801 6070 39
5395 5801 6070 38
5395 5801 6069 38
5395 5800 6069 38
5395 5800 6069 38
5395 5801 6069 38
5397 5801 6070 37
5407 5801 6070 38
5407 5801 6069 38
5407 5800 6069 37
5407 5800 6069 37
5407 5801 6069 37
5407 5801 6070 37
5407 5801 6070 37
5407 5801 6069 37
5407 5800 6069 36
5407 5800 6069 37
5407 5801 6069 37
5407 5801 6070 37
5407 5801 6070 36
5407 5801 6069 36
5407 5801 6069 37
5407 5811 6069 36
5407 5853 6069 36
5407 5895 6070 36
5407 5937 6070 36
5412 5965 6069 36
5417 5965 6069 36
5421 5964 6069 35
5427 5964 6069 35
5429 5964 6070 36
5431 5965 6070 36
5431 5965 6069 35
5431 5965 6069 35
5432 5964 6069 36
5432 5964 6069 35
5441 5964 6070 35
5450 5965 6070 35
5460 5965 6069 34
5466 5965 6069 35
5474 5964 6069 35
5490 5964 6069 35
5507 5964 6070 34
5525 5965 6070 35
5549 5965 6069 35
5571 5965 6069 35
5599 5964 6069 34
5627 5964 6069 34
5653 5964 6069 35
5681 5965 6070 35
5708 5965 6069 34
5732 5981 6100 34
5758 6022 6115 35
5785 6023 6115 35
5811 6026 6115 35
5837 6068 6115 34
5863 6107 6114 34
5889 6107 6115 35
5915 6106 6115 35
5940 6106 6115 34
5965 6106 6115 34
5991 6107 6115 34
6015 6107 6114 35
6040 6107 6115 34
6066 6106 6115 34
6092 6106 6115 34
6119 6106 6115 35
6144 6107 6115 34
6170 6107 6114 34
6196 6107 6115 34
6222 6106 6130 34
6251 6106 6172 34
6275 6106 6214 34
6275 6107 6256 34
6275 6107 6256 34
6276 6107 6257 34
6275 6106 6257 34
6275 6106 6257 34
6275 6106 6257 34
6275 6107 6257 34
6275 6107 6256 34
6276 6107 6257 34
6275 6147 6257 34
6275 6189 6257 34
6275 6231 6257 33
6275 6265 6257 34
6275 6265 6256 34
6276 6265 6257 34
6275 6264 6257 33
6275 6264 6257 33
6275 6264 6257 34
6275 6265 6257 34
6275 6265 6256 33
6276 6265 6257 33
6275 6264 6257 34
6275 6264 6257 34
6275 6264 6257 34
6275 6265 6257 33
6275 6265 6256 33
6276 6265 6262 34
6275 6264 6262 34
6275 6264 6262 33
6275 6264 6262 33
6275 6265 6263 33
6275 6265 6262 34
6276 6265 6262 33
6275 6264 6262 33
6275 6264 6262 33
6275 6264 6262 33
6275 6265 6263 33
6275 6265 6262 33
6276 6265 6262 33
6275 6264 6262 33
6275 6267 6262 33
6275 6270 6262 33
6275 6270 6263 33
6275 6270 6262 33
6276 6270 6267 33
6275 6269 6275 32
6275 6270 6275 33
6275 6270 6275 33
6275 6270 6275 33
6275 6270 6275 32
6276 6270 6275 32
6275 6269 6275 33
6275 6270 6275 33
6275 6270 6275 33
6275 6270 6275 32
6275 6270 6275 33
6276 6270 6275 33
6275 6269 6275 33
6275 6270 6275 32
6275 6275 6275 32
6275 6275 6275 33
6275 6275 6275 33
6276 6276 6275 32
6275 6275 6275 32
6275 6275 6275 32
6275 6275 6275 32
6275 6275 6275 33
6275 6275 6275 32
6276 6276 6275 32
6275 6275 6275 32
6275 6275 6275 32
6275 6275 6275 32
6275 6275 6275 32
6275 6275 6275 32
6276 6276 6275 32
6275 6275 6275 32
6275 6275 6275 32
6275 6275 6275 32
6275 6275 6275 32
6275 6275 6275 32
6276 6276 6275 31
6275 6275 6275 32
6275 6275 6275 32
6275 6275 6275 32
6275 6275 6275 31
6275 6275 6275 31
6276 6276 6275 32
6275 6275 6275 32
6275 6275 6275 32
6275 6275 6275 31
6275 6275 6275 31
6275 6275 6275 32
6276 6276 6275 32
6275 6275 6275 31
6275 6275 6275 31
6275 6275 6275 31
6275 6275 6275 32
6275 6275 6275 32
6276 6275 6275 31
6275 6275 6275 31
6275 6275 6275 31
6275 6275 6275 31
6275 6275 6275 31
6275 6275 6275 31
6276 6275 6275 31
6275 6275 6275 31
6275 6275 6275 31
6275 6275 6275 31
6275 6275 6275 31
6275 6275 6275 31
6276 6275 6275 31
6275 6275 6275 30
6275 6275 6275 31
6275 6275 6275 31
6275 6275 6275 31
6275 6275 6275 31
6276 6275 6275 30
6275 6275 6275 30
6275 6275 6275 31
6275 6275 6275 31
6275 6275 6275 30
6275 6275 6275 30
6276 6275 6275 30
6275 6275 6275 31
6275 6275 6275 31
6275 6275 6275 30
6275 6275 6275 30
6275 6275 6275 30
6276 6275 6275 30
6275 6275 6275 30
6275 6275 6275 30
6275 6275 6275 30
6275 6275 6275 30
6275 6275 6275 30
6276 6275 6275 30
6275 6275 6275 30
6275 6275 6275 30
6275 6275 6275 30
6275 6275 6275 30
6275 6275 6276 29
6276 6275 6275 30
6275 6275 6275 30
6275 6275 6275 30
6275 6275 6275 29
