0 0 0 0
38 10 0 0
80 51 0 0
122 93 0 10
164 134 0 10
206 176 10 26
247 218 10 30
289 260 10 42
331 302 10 70
373 344 30 79
415 385 30 121
457 427 30 156
498 469 34 198
540 511 70 239
582 553 70 281
624 595 70 323
666 636 87 365
708 678 129 407
747 717 150 434
791 756 150 476
825 795 165 514
852 828 190 554
876 858 228 588
910 884 259 622
944 904 293 660
984 935 319 688
1011 971 349 721
1042 1014 386 735
1074 1050 414 765
1109 1083 436 800
1137 1105 481 831
1166 1140 507 866
1216 1177 546 866
1250 1224 590 866
1289 1267 632 868
1332 1315 666 868
1375 1358 706 868
1413 1404 743 872
1458 1444 784 872
1490 1484 837 872
1536 1519 874 880
1587 1554 913 880
1629 1602 949 880
1657 1648 989 891
1691 1693 1031 896
1733 1726 1081 896
1771 1754 1127 910
1811 1788 1160 928
1854 1821 1210 928
1889 1859 1246 944
1932 1892 1267 973
1927 1924 1298 992
1927 1920 1331 1006
1928 1905 1354 1028
1926 1901 1354 1077
1940 1897 1354 1082
1933 1886 1390 1103
1921 1887 1406 1127
1922 1886 1408 1139
1936 1886 1388 1157
1930 1898 1388 1152
1925 1889 1419 1141
1913 1878 1445 1135
1915 1872 1414 1134
1917 1883 1414 1121
1913 1877 1431 1113
1907 1864 1448 1099
1895 1855 1434 1091
1884 1852 1438 1101
1870 1845 1465 1095
1871 1840 1479 1085
1875 1843 1474 1083
1879 1849 1463 1084
1879 1852 1460 1084
1869 1869 1456 1081
1864 1868 1461 1082
1871 1855 1469 1080
1879 1837 1466 1093
1886 1821 1466 1102
1880 1824 1472 1099
1875 1835 1460 1105
1887 1837 1461 1090
1863 1832 1448 1132
1865 1816 1432 1162
1864 1801 1422 1188
1852 1786 1416 1221
1839 1773 1415 1248
1825 1759 1409 1282
1810 1746 1405 1314
1813 1738 1378 1346
1796 1732 1371 1376
1770 1730 1366 1409
1758 1708 1361 1448
1761 1697 1357 1460
1760 1683 1344 1488
1758 1683 1322 1512
1759 1686 1302 1528
1748 1683 1298 1546
1734 1683 1271 1587
1727 1678 1268 1602
1719 1674 1279 1603
1722 1662 1273 1618
1705 1657 1271 1642
1692 1657 1279 1647
1680 1657 1308 1630
1650 1645 1337 1643
1654 1645 1329 1647
1659 1641 1332 1643
1642 1634 1368 1631
1618 1621 1394 1642
1609 1601 1440 1625
1602 1596 1450 1627
1606 1595 1449 1625
1584 1595 1474 1622
1565 1583 1509 1618
1562 1578 1520 1615
1559 1580 1513 1623
1554 1576 1522 1623
1563 1574 1531 1607
1562 1580 1528 1606
1553 1586 1529 1607
1552 1584 1538 1602
1554 1574 1543 1604
1550 1568 1546 1612
1564 1552 1543 1616
1566 1554 1543 1613
1562 1568 1531 1614
1563 1574 1524 1615
1558 1583 1535 1599
1572 1576 1541 1587
1579 1578 1541 1577
1570 1576 1537 1593
1579 1571 1534 1591
1573 1567 1539 1597
1568 1570 1536 1601
1580 1564 1539 1593
1592 1574 1540 1569
1601 1576 1538 1561
1601 1586 1533 1555
1601 1596 1551 1528
1605 1596 1556 1518
1614 1598 1552 1512
1624 1612 1559 1480
1628 1608 1558 1482
1627 1608 1562 1478
1633 1608 1573 1462
1628 1605 1582 1460
1632 1609 1585 1450
1638 1609 1607 1421
1651 1610 1606 1409
1644 1615 1611 1405
1645 1625 1613 1393
1660 1635 1609 1371
1665 1642 1614 1355
1673 1637 1615 1350
1689 1641 1613 1333
1686 1645 1618 1326
1691 1639 1630 1316
1703 1642 1619 1311
1714 1645 1624 1293
1723 1637 1621 1294
1728 1638 1617 1293
1733 1631 1631 1280
1748 1622 1639 1267
1764 1614 1633 1264
1773 1623 1623 1257
1779 1627 1624 1245
1777 1640 1625 1234
1774 1636 1630 1235
1777 1638 1638 1222
1782 1633 1640 1220
1784 1636 1646 1209
1792 1645 1641 1197
1794 1652 1651 1178
1786 1662 1665 1162
1773 1669 1674 1159
1772 1664 1686 1153
1769 1670 1689 1147
1770 1680 1676 1149
1770 1677 1672 1156
1777 1671 1678 1149
1770 1673 1695 1137
1771 1679 1706 1119
1775 1674 1714 1112
1780 1674 1718 1103
1774 1681 1718 1102
1765 1668 1713 1129
1762 1673 1719 1121
1766 1664 1726 1119
1758 1656 1718 1143
1751 1654 1731 1139
1746 1653 1740 1136
1735 1646 1738 1156
1736 1644 1737 1158
1740 1647 1733 1155
1728 1645 1731 1171
1723 1656 1725 1171
1726 1650 1726 1173
1716 1655 1719 1185
1711 1651 1719 1194
1725 1653 1704 1193
1721 1655 1702 1197
1711 1646 1707 1211
1721 1640 1698 1216
1712 1647 1700 1216
1702 1653 1703 1217
1698 1653 1699 1225
1691 1649 1697 1238
1678 1664 1700 1233
1673 1660 1706 1236
1667 1667 1699 1242
1672 1669 1683 1251
1664 1686 1674 1251
1660 1688 1670 1257
1663 1681 1673 1258
1648 1683 1680 1264
1645 1677 1682 1271
1663 1655 1687 1270
1664 1655 1679 1277
1655 1648 1683 1289
1650 1651 1690 1284
1648 1647 1689 1291
1643 1640 1695 1297
1645 1638 1689 1303
1650 1643 1679 1303
1658 1633 1668 1316
1664 1631 1661 1319
1657 1633 1664 1321
1651 1632 1667 1325
1634 1639 1676 1326
1625 1639 1675 1336
1633 1633 1669 1340
1625 1632 1670 1348
1619 1645 1661 1350
1619 1640 1660 1356
1614 1628 1672 1361
1615 1629 1668 1363
1620 1620 1662 1373
1614 1625 1657 1379
1624 1621 1651 1379
1637 1612 1638 1388
1635 1609 1635 1396
1631 1617 1633 1394
1618 1632 1628 1397
1612 1621 1642 1400
1614 1629 1629 1403
1620 1619 1630 1406
1618 1633 1628 1396
1621 1622 1623 1409
1614 1633 1621 1407
1606 1625 1629 1415
1620 1610 1631 1414
1625 1609 1623 1418
1611 1617 1629 1418
1618 1615 1622 1420
1615 1609 1612 1439
1615 1601 1620 1439
1611 1601 1628 1435
1620 1569 1630 1456
1627 1541 1643 1464
1654 1510 1648 1463
1656 1481 1665 1473
1670 1445 1676 1481
1679 1422 1680 1480
1676 1398 1690 1499
1689 1372 1707 1500
1692 1372 1710 1501
1691 1377 1703 1504
1689 1378 1703 1505
1688 1378 1706 1503
1693 1364 1701 1517
1701 1359 1694 1521
1705 1357 1688 1525
1700 1358 1687 1530
1696 1359 1684 1536
1699 1355 1685 1536
1690 1357 1685 1543
1701 1344 1682 1548
1708 1332 1680 1555
1720 1324 1677 1554
1727 1321 1673 1554
1734 1318 1669 1554
1744 1315 1660 1556
1751 1303 1661 1560
1740 1314 1658 1563
1743 1318 1646 1568
1737 1321 1645 1572
1733 1313 1651 1578
1753 1311 1643 1568
1747 1322 1641 1565
1739 1338 1630 1568
1737 1344 1629 1565
1739 1336 1623 1577
1746 1320 1632 1577
1751 1333 1615 1576
1752 1323 1627 1573
1752 1326 1622 1575
1747 1325 1616 1587
1749 1336 1616 1574
1745 1330 1627 1573
1748 1341 1624 1562
1734 1356 1622 1563
1729 1358 1622 1566
1726 1358 1619 1572
1721 1353 1626 1575
1720 1357 1624 1574
1727 1347 1625 1576
1734 1351 1616 1574
1729 1371 1610 1565
1709 1406 1588 1572
1688 1436 1572 1579
1680 1470 1564 1561
1666 1506 1545 1561
1659 1533 1539 1558
1650 1563 1530 1544
1636 1581 1521 1544
1627 1586 1517 1545
1616 1594 1509 1556
1614 1599 1510 1552
1619 1593 1501 1562
1616 1601 1500 1558
1617 1605 1505 1548
1606 1617 1515 1537
1603 1628 1508 1536
1597 1626 1511 1541
1596 1632 1508 1539
1600 1626 1507 1542
1583 1630 1513 1549
1582 1628 1520 1545
1576 1638 1511 1550
1570 1642 1509 1554
1565 1644 1510 1556
1557 1651 1515 1552
1559 1659 1509 1548
1562 1648 1510 1555
1556 1653 1514 1552
1554 1646 1518 1557
1555 1648 1523 1549
1540 1641 1532 1562
1540 1625 1536 1574
1535 1627 1544 1569
1550 1623 1540 1562
1562 1616 1540 1557
1567 1620 1529 1559
1565 1622 1534 1554
1565 1611 1540 1559
1560 1609 1544 1562
1566 1593 1551 1565
1562 1589 1555 1569
1564 1585 1539 1587
1556 1586 1543 1590
1560 1577 1546 1592
1567 1573 1549 1586
1572 1558 1554 1591
1577 1551 1545 1602
1581 1544 1554 1596
1575 1555 1545 1600
1570 1564 1542 1599
1576 1557 1546 1596
1576 1554 1550 1595
1574 1553 1561 1587
1568 1548 1563 1596
1569 1532 1577 1597
1570 1523 1578 1604
1571 1521 1572 1611
1571 1519 1564 1621
1569 1510 1577 1619
1573 1503 1578 1621
1573 1503 1578 1622
1577 1500 1588 1610
1583 1496 1580 1617
1575 1491 1583 1626
1584 1489 1571 1632
1595 1475 1577 1628
1597 1478 1578 1623
1596 1485 1573 1621
1592 1484 1583 1617
1596 1485 1584 1610
1594 1487 1588 1607
1593 1493 1588 1601
1606 1486 1584 1600
1614 1492 1583 1586
1622 1489 1593 1572
1616 1498 1598 1563
1621 1508 1596 1551
1630 1512 1598 1535
1635 1524 1600 1517
1641 1536 1589 1509
1646 1548 1584 1498
1647 1548 1598 1482
1647 1543 1610 1476
1641 1550 1612 1472
1638 1558 1614 1466
1638 1558 1622 1457
1640 1556 1628 1452
1627 1574 1624 1450
1625 1584 1631 1436
1624 1592 1637 1422
1619 1602 1636 1419
1627 1604 1644 1400
1624 1607 1648 1397
1626 1609 1647 1393
1624 1610 1654 1388
1618 1622 1664 1371
1614 1638 1671 1353
1621 1642 1662 1350
1618 1651 1673 1334
1621 1646 1678 1330
1614 1646 1686 1330
1622 1648 1690 1315
1622 1656 1682 1316
1625 1662 1682 1306
1630 1672 1675 1299
1628 1675 1679 1293
1624 1680 1692 1280
1631 1669 1711 1264
1637 1681 1697 1261
1641 1695 1701 1238
1641 1687 1704 1243
1649 1691 1693 1242
1645 1693 1720 1217
1644 1710 1707 1214
1645 1706 1708 1216
1649 1713 1710 1203
1652 1711 1707 1205
1652 1710 1713 1200
1654 1726 1709 1186
1656 1729 1707 1183
1652 1735 1709 1179
1647 1732 1714 1182
1642 1746 1718 1169
1626 1745 1721 1183
1617 1749 1712 1197
1616 1743 1717 1199
1622 1733 1723 1197
1612 1731 1724 1208
1618 1720 1729 1208
1614 1712 1732 1217
1604 1708 1742 1221
1611 1716 1723 1225
1616 1720 1706 1233
1617 1713 1704 1241
1612 1717 1710 1236
1610 1716 1702 1247
1608 1715 1695 1257
1616 1720 1684 1255
1621 1710 1678 1266
1624 1715 1664 1272
1630 1708 1661 1276
1628 1710 1655 1282
1634 1699 1654 1288
1629 1689 1671 1286
1615 1686 1676 1298
1617 1689 1665 1304
1629 1675 1666 1305
1617 1683 1668 1307
1624 1679 1653 1319
1627 1678 1651 1319
1643 1666 1648 1318
1639 1660 1655 1321
1626 1652 1667 1330
1627 1649 1664 1335
1626 1652 1660 1337
1625 1657 1650 1343
1631 1655 1636 1353
1633 1667 1622 1353
1637 1662 1630 1346
1638 1649 1630 1358
1641 1650 1628 1356
1632 1652 1630 1361
1633 1666 1600 1376
1638 1658 1611 1368
1637 1663 1603 1372
1630 1666 1598 1381
1625 1667 1601 1382
1626 1666 1597 1386
1637 1653 1587 1398
1632 1657 1585 1401
1630 1660 1575 1410
1636 1659 1566 1414
1630 1653 1575 1417
1644 1647 1569 1415
1642 1638 1582 1413
1639 1636 1581 1419
1631 1634 1583 1427
1639 1626 1574 1436
1628 1639 1566 1442
1620 1647 1572 1436
1620 1645 1567 1443
1608 1653 1572 1442
1608 1643 1580 1444
1607 1637 1574 1457
1605 1629 1579 1462
1601 1633 1583 1458
1596 1628 1591 1460
1592 1618 1601 1464
1593 1620 1603 1459
1584 1615 1615 1461
1586 1604 1618 1467
1584 1604 1629 1458
1580 1607 1624 1464
1582 1604 1623 1466
1589 1603 1627 1456
1586 1600 1624 1465
1573 1606 1623 1473
1584 1598 1620 1473
1570 1594 1629 1482
1566 1590 1638 1481
1546 1605 1631 1493
1550 1614 1615 1496
1565 1611 1610 1489
1567 1606 1608 1494
1558 1596 1623 1498
1547 1600 1626 1502
1542 1594 1641 1498
1541 1586 1645 1503
1531 1584 1634 1526
1520 1596 1632 1527
1519 1599 1632 1525
1525 1597 1633 1520
1532 1583 1632 1528
1529 1585 1623 1538
1523 1582 1636 1534
1524 1574 1637 1540
1534 1564 1630 1547
1533 1561 1632 1549
1531 1561 1633 1550
1537 1547 1637 1554
1538 1546 1633 1558
1541 1538 1641 1555
1534 1547 1634 1560
1520 1552 1638 1565
1526 1561 1616 1572
1530 1552 1617 1576
1524 1562 1609 1580
1513 1577 1615 1570
1517 1563 1612 1583
1516 1565 1609 1585
1520 1571 1600 1584
1519 1563 1599 1594
1519 1568 1596 1592
1524 1572 1596 1583
1533 1567 1586 1589
1540 1557 1594 1584
1539 1556 1583 1597
1544 1554 1581 1596
1546 1544 1581 1604
1539 1551 1578 1607
1544 1552 1580 1599
1545 1537 1577 1616
1551 1529 1576 1619
1548 1540 1566 1621
1545 1545 1562 1623
1548 1537 1570 1620
1548 1537 1570 1620
1537 1545 1570 1623
1546 1553 1558 1618
1536 1552 1555 1632
1540 1542 1559 1634
1538 1534 1567 1636
1532 1534 1566 1643
1532 1532 1573 1638
1532 1542 1563 1638
1542 1544 1563 1626
1542 1544 1557 1632
1534 1545 1556 1640
1535 1547 1567 1626
1535 1542 1566 1632
1526 1553 1561 1635
1525 1553 1557 1640
1510 1564 1570 1631
1512 1557 1572 1634
1515 1548 1571 1641
1505 1549 1578 1643
1510 1552 1577 1636
1514 1540 1582 1639
1520 1519 1595 1641
1525 1510 1593 1647
1522 1503 1605 1645
1513 1506 1602 1654
1521 1497 1600 1657
1522 1494 1604 1655
1522 1497 1610 1646
1530 1506 1603 1636
1541 1502 1613 1619
1542 1496 1618 1619
1542 1503 1628 1602
1550 1495 1625 1605
1555 1477 1638 1605
1558 1472 1637 1608
1560 1485 1644 1586
1549 1496 1664 1566
1538 1505 1661 1571
1539 1523 1655 1558
1554 1525 1668 1528
1553 1530 1661 1531
1555 1545 1664 1511
1571 1534 1675 1495
1569 1533 1672 1501
1577 1554 1667 1477
1584 1562 1671 1458
1572 1569 1676 1458
1584 1574 1671 1446
1591 1587 1665 1432
1597 1591 1667 1420
1602 1585 1677 1411
1607 1583 1689 1396
1620 1589 1689 1377
1616 1611 1685 1363
1621 1618 1685 1351
1632 1623 1679 1341
1637 1631 1677 1330
1637 1631 1685 1322
1637 1629 1687 1322
1644 1642 1680 1309
1649 1651 1683 1292
1659 1660 1670 1286
1660 1666 1674 1276
1676 1651 1683 1265
1677 1660 1683 1256
1690 1654 1679 1252
1695 1660 1682 1239
1698 1666 1685 1226
1698 1677 1688 1213
1696 1675 1698 1206
1696 1685 1704 1191
1688 1708 1707 1172
1685 1720 1709 1162
1695 1726 1703 1151
1710 1730 1706 1130
1704 1726 1718 1127
1708 1722 1724 1122
1715 1712 1730 1118
1704 1731 1720 1121
1693 1745 1710 1127
1703 1745 1706 1122
1699 1745 1706 1125
1702 1748 1705 1121
1697 1768 1699 1111
1701 1776 1699 1100
1706 1770 1684 1115
1706 1770 1672 1128
1709 1768 1678 1120
1706 1761 1677 1132
1681 1784 1667 1143
1651 1796 1688 1141
1616 1805 1704 1150
1585 1824 1707 1160
1565 1836 1717 1157
1548 1834 1726 1168
1535 1835 1732 1173
1544 1837 1725 1170
1532 1832 1727 1184
1518 1844 1724 1190
1514 1838 1730 1193
1518 1840 1722 1196
1511 1851 1712 1201
1511 1848 1704 1213
1517 1832 1714 1212
1518 1829 1709 1220
1519 1829 1704 1223
1511 1828 1704 1233
1519 1828 1691 1237
1528 1820 1694 1234
1521 1811 1703 1240
1520 1800 1707 1249
1508 1799 1717 1251
1514 1790 1718 1253
1505 1804 1705 1261
1501 1801 1712 1261
1500 1791 1719 1265
1491 1786 1726 1272
1484 1792 1722 1277
1500 1783 1714 1278
1496 1794 1706 1279
1492 1799 1699 1285
1494 1797 1693 1291
1487 1811 1684 1293
1483 1814 1677 1301
1473 1815 1679 1308
1480 1822 1665 1308
1477 1831 1654 1313
1470 1833 1652 1320
1477 1818 1660 1320
1483 1800 1671 1321
1473 1800 1668 1334
1489 1789 1668 1329
1485 1794 1658 1338
1487 1788 1655 1345
1484 1788 1657 1346
1475 1790 1665 1345
1483 1772 1661 1359
1490 1769 1658 1358
1485 1766 1660 1364
1493 1749 1659 1374
1520 1734 1645 1376
1545 1718 1637 1375
1566 1699 1622 1388
1589 1691 1608 1387
1601 1691 1596 1387
1603 1682 1592 1398
1606 1667 1596 1406
1609 1665 1596 1405
1629 1638 1600 1408
1633 1633 1595 1414
1623 1634 1600 1418
1624 1616 1608 1427
1620 1620 1607 1428
1628 1615 1598 1434
1627 1618 1591 1439
1613 1626 1597 1439
1612 1617 1606 1440
1610 1598 1620 1447
1593 1598 1622 1462
1597 1601 1613 1464
1595 1612 1603 1465
1601 1598 1605 1471
1600 1600 1596 1479
1598 1585 1608 1484
1601 1585 1598 1491
1598 1596 1598 1483
1612 1586 1589 1488
1619 1573 1594 1489
1613 1577 1595 1490
1596 1570 1610 1499
1597 1566 1620 1492
1598 1564 1616 1497
1604 1557 1622 1492
1611 1555 1627 1482
1616 1555 1623 1481
1620 1551 1623 1481
1613 1547 1623 1492
1608 1551 1620 1496
1606 1544 1630 1495
1602 1558 1616 1499
1614 1554 1616 1491
1607 1568 1616 1484
1604 1558 1630 1483
1600 1555 1629 1491
1601 1551 1631 1492
1599 1544 1632 1500
1595 1561 1624 1495
1581 1573 1625 1496
1576 1569 1627 1503
1588 1561 1629 1497
1590 1567 1621 1497
1592 1572 1610 1501
1591 1574 1612 1498
1582 1577 1610 1506
1573 1583 1610 1509
1567 1590 1610 1508
1562 1597 1610 1506
1563 1598 1613 1501
1556 1599 1616 1504
1552 1606 1613 1504
1562 1601 1605 1507
1570 1600 1611 1494
1577 1594 1623 1481
1564 1604 1625 1482
1567 1603 1633 1472
1569 1594 1635 1477
1571 1599 1626 1479
1572 1613 1607 1483
1586 1616 1595 1478
1582 1615 1601 1477
1579 1612 1607 1477
1578 1618 1602 1477
1580 1609 1618 1468
1577 1609 1613 1476
1571 1612 1621 1471
1576 1606 1616 1477
1557 1612 1621 1485
1565 1614 1615 1481
1556 1615 1609 1495
1568 1616 1606 1485
1566 1612 1595 1502
1560 1616 1593 1506
1556 1617 1589 1513
1548 1608 1600 1519
1543 1606 1600 1526
1541 1607 1601 1526
1566 1604 1600 1505
1574 1591 1601 1509
1569 1594 1594 1518
1574 1578 1605 1518
1562 1578 1606 1529
1551 1579 1594 1551
1557 1580 1586 1552
1554 1583 1591 1547
1559 1594 1580 1542
1558 1596 1586 1535
1557 1580 1601 1537
1564 1566 1593 1552
1565 1572 1584 1554
1559 1573 1584 1559
1561 1561 1599 1554
1572 1559 1590 1554
1569 1556 1586 1564
1570 1555 1589 1561
1576 1542 1592 1565
1580 1528 1600 1567
1573 1519 1607 1576
1578 1521 1607 1569
1566 1526 1612 1571
1568 1522 1618 1567
1560 1517 1626 1572
1555 1525 1621 1574
1545 1527 1614 1589
1547 1517 1620 1591
1536 1519 1614 1606
1535 1520 1618 1602
1536 1521 1617 1601
1531 1519 1628 1597
1521 1532 1629 1593
1521 1535 1617 1602
1526 1534 1609 1606
1523 1529 1613 1610
1515 1544 1603 1613
1521 1548 1607 1599
1520 1543 1606 1606
1511 1545 1608 1611
1521 1541 1616 1597
1513 1553 1619 1590
1510 1558 1623 1584
1509 1562 1614 1590
1504 1569 1622 1580
1512 1571 1621 1571
1518 1564 1623 1570
1514 1574 1615 1572
1520 1578 1624 1553
1514 1587 1630 1544
1497 1588 1637 1553
1509 1594 1642 1530
1511 1600 1649 1515
1515 1612 1637 1511
1518 1618 1649 1490
1525 1613 1664 1473
1528 1608 1672 1467
1553 1608 1666 1448
1549 1604 1675 1447
1561 1596 1673 1445
1566 1607 1674 1428
1573 1610 1684 1408
1576 1613 1690 1396
1580 1623 1695 1377
1578 1635 1686 1376
1568 1633 1705 1369
1594 1631 1705 1345
1599 1637 1701 1338
1592 1650 1703 1330
1601 1665 1696 1313
1608 1670 1694 1303
1604 1673 1690 1308
1618 1680 1684 1293
1620 1693 1678 1284
1627 1697 1672 1279
1631 1696 1673 1275
1637 1700 1679 1259
1634 1703 1679 1259
1649 1693 1691 1242
1652 1697 1695 1231
1653 1702 1690 1230
1651 1705 1697 1222
1653 1707 1704 1211
1654 1697 1719 1205
1660 1696 1723 1196
1672 1705 1722 1177
1683 1699 1717 1176
1678 1700 1717 1181
1683 1715 1715 1162
1681 1723 1711 1161
1680 1730 1701 1164
1687 1724 1706 1159
1699 1710 1708 1158
1695 1705 1719 1157
1711 1696 1721 1147
1704 1699 1720 1153
1713 1695 1725 1142
1719 1694 1725 1138
1721 1681 1721 1152
1724 1673 1719 1160
1730 1674 1717 1154
1717 1684 1711 1164
1716 1681 1701 1177
1710 1685 1706 1175
1710 1687 1694 1184
1713 1688 1683 1192
1713 1693 1679 1190
1689 1698 1690 1199
1686 1694 1691 1204
1675 1703 1687 1211
1679 1692 1695 1209
1677 1690 1690 1219
1682 1688 1688 1217
1682 1683 1682 1229
1686 1681 1673 1235
1689 1677 1672 1238
1678 1681 1675 1241
1676 1679 1678 1243
1678 1667 1680 1250
1667 1681 1671 1257
1664 1687 1669 1255
1659 1685 1669 1263
1659 1677 1665 1274
1657 1676 1662 1281
1661 1679 1662 1273
1652 1687 1656 1281
1646 1684 1647 1298
1650 1684 1655 1287
1643 1685 1649 1298
1639 1684 1648 1305
1635 1676 1657 1307
1646 1675 1642 1313
1646 1661 1644 1324
1655 1665 1637 1319
1656 1670 1626 1323
1642 1663 1631 1339
1631 1659 1646 1339
1640 1664 1643 1328
1637 1652 1640 1346
1648 1640 1636 1351
1651 1642 1638 1344
1646 1640 1631 1358
1647 1647 1625 1356
1648 1650 1626 1351
1636 1655 1613 1371
1630 1661 1613 1371
1617 1671 1609 1378
1622 1668 1612 1373
1615 1676 1609 1375
1608 1678 1611 1378
1607 1674 1602 1392
1608 1660 1609 1398
1616 1662 1605 1392
1619 1650 1605 1401
1624 1637 1605 1409
1622 1644 1602 1407
1623 1639 1606 1407
1625 1633 1591 1426
1622 1628 1600 1425
1626 1626 1599 1424
1619 1628 1587 1441
1615 1634 1587 1439
1620 1625 1588 1442
1620 1613 1590 1452
1614 1609 1597 1455
1607 1611 1597 1460
1596 1615 1594 1470
1602 1612 1592 1469
1617 1611 1584 1463
1624 1588 1582 1481
1628 1585 1578 1484
1639 1583 1574 1479
1637 1583 1579 1476
1635 1574 1591 1475
1626 1573 1599 1477
1625 1564 1607 1479
1630 1559 1606 1480
1640 1559 1594 1482
1633 1567 1596 1479
1634 1571 1585 1485
1631 1579 1577 1488
1631 1581 1577 1486
1632 1586 1570 1487
1629 1583 1579 1484
1618 1582 1587 1488
1623 1584 1578 1490
1624 1584 1578 1489
1628 1582 1577 1488
1627 1573 1583 1492
1624 1576 1592 1483
1616 1574 1590 1495
1607 1580 1595 1493
1603 1582 1595 1495
1605 1577 1591 1502
1601 1588 1596 1490
1602 1587 1600 1486
1612 1574 1594 1495
1607 1576 1584 1508
1601 1585 1589 1500
1606 1589 1585 1495
1605 1588 1594 1488
1608 1590 1587 1490
1604 1594 1588 1489
1603 1597 1588 1487
1601 1601 1590 1483
1599 1590 1596 1490
1598 1588 1591 1498
1596 1589 1598 1492
1608 1580 1593 1494
1614 1571 1596 1494
1624 1573 1595 1483
1626 1571 1595 1483
1622 1576 1590 1487
1617 1592 1587 1479
1617 1596 1578 1484
1622 1601 1564 1488
1625 1602 1563 1485
1616 1605 1562 1492
1605 1597 1569 1504
1608 1600 1573 1494
1615 1594 1571 1495
1607 1603 1566 1499
1609 1601 1564 1501
1611 1599 1558 1507
1607 1605 1554 1509
1610 1608 1548 1509
1611 1617 1550 1497
1598 1622 1545 1510
1601 1622 1546 1506
1597 1610 1551 1517
1608 1604 1562 1501
1610 1594 1560 1511
1605 1595 1559 1516
1612 1594 1544 1525
1609 1586 1552 1528
1615 1584 1561 1515
1622 1583 1549 1521
1610 1577 1547 1541
1604 1595 1541 1535
1601 1595 1538 1541
1608 1597 1536 1534
1614 1586 1534 1541
1623 1570 1536 1546
1631 1577 1524 1543
1629 1581 1516 1549
1626 1569 1514 1566
1613 1582 1523 1557
1605 1575 1532 1563
1610 1566 1524 1575
1611 1558 1521 1585
1605 1569 1516 1585
1592 1572 1520 1591
1592 1565 1520 1598
1586 1569 1523 1597
1579 1579 1515 1602
1591 1556 1524 1604
1594 1535 1525 1621
1618 1505 1527 1625
1627 1484 1538 1626
1638 1464 1545 1628
1632 1443 1556 1644
1636 1420 1562 1657
1646 1400 1566 1663
1657 1388 1562 1668
1661 1373 1572 1669
1665 1366 1574 1670
1665 1359 1583 1668
1670 1358 1587 1660
1673 1362 1586 1654
1661 1367 1586 1661
1655 1370 1586 1664
1658 1362 1595 1660
1651 1373 1581 1670
1642 1371 1589 1673
1647 1364 1585 1679
1643 1357 1597 1678
1636 1350 1600 1689
1639 1351 1598 1687
1640 1334 1598 1703
1643 1340 1601 1691
1638 1346 1587 1704
1636 1357 1592 1690
1644 1346 1595 1690
1627 1349 1608 1691
1625 1353 1604 1693
1624 1360 1594 1697
1623 1360 1595 1697
1615 1368 1595 1697
1619 1355 1601 1700
1613 1353 1605 1704
1610 1355 1597 1713
1611 1358 1595 1711
1599 1382 1594 1700
1598 1379 1595 1703
1599 1360 1611 1705
1608 1362 1612 1693
1615 1361 1598 1701
1625 1363 1593 1694
1628 1352 1604 1691
1638 1358 1598 1681
1650 1356 1611 1658
1654 1356 1614 1651
1658 1349 1622 1646
1665 1363 1621 1626
1671 1361 1623 1620
1666 1386 1611 1612
1657 1423 1623 1572
1637 1452 1626 1560
1624 1487 1613 1551
1605 1522 1607 1541
1597 1548 1602 1528
1590 1578 1601 1506
1583 1600 1601 1491
1580 1603 1613 1479
1579 1612 1618 1466
1575 1630 1615 1455
1584 1634 1610 1447
1586 1634 1617 1438
1579 1642 1614 1440
1594 1642 1620 1419
1589 1651 1629 1406
1597 1657 1618 1403
1587 1663 1632 1393
1599 1671 1624 1381
1603 1676 1625 1371
1616 1676 1615 1368
1624 1676 1619 1356
1639 1668 1623 1345
1637 1679 1625 1334
1642 1681 1627 1325
1633 1687 1637 1318
1634 1678 1642 1321
1643 1678 1643 1311
1648 1688 1634 1305
1647 1703 1634 1292
1643 1705 1638 1289
1648 1710 1636 1282
1652 1716 1635 1272
1654 1715 1645 1262
1654 1721 1651 1249
1654 1728 1657 1237
1660 1729 1656 1230
1666 1720 1655 1235
1668 1718 1661 1228
1667 1726 1663 1220
1667 1729 1659 1220
1657 1734 1674 1211
1661 1741 1673 1200
1660 1751 1663 1202
1643 1753 1675 1204
1639 1748 1668 1221
1645 1752 1661 1217
1637 1758 1660 1221
1634 1744 1664 1233
1631 1744 1670 1231
1627 1745 1670 1233
1625 1746 1658 1247
1632 1741 1653 1249
1624 1736 1658 1258
1630 1732 1651 1262
1638 1723 1649 1266
1643 1711 1651 1270
1637 1703 1659 1277
1624 1707 1660 1284
1634 1706 1651 1285
1632 1700 1648 1295
1618 1703 1654 1301
1619 1691 1654 1311
1621 1690 1659 1306
1616 1690 1658 1311
1632 1680 1640 1324
1632 1670 1646 1327
1645 1664 1638 1329
1643 1663 1630 1339
1640 1658 1636 1342
1630 1658 1638 1349
1630 1654 1638 1354
1620 1662 1644 1349
1619 1668 1639 1350
1611 1664 1637 1363
1620 1661 1630 1365
1617 1671 1619 1368
1607 1674 1629 1366
1606 1655 1636 1378
1614 1640 1638 1383
1611 1650 1632 1382
1598 1654 1634 1389
1606 1643 1639 1387
1609 1648 1624 1394
1625 1633 1612 1405
1628 1627 1615 1405
1621 1622 1618 1414
1625 1614 1617 1419
1613 1620 1624 1418
1625 1621 1612 1417
1623 1619 1620 1413
1633 1605 1617 1420
1624 1597 1620 1434
1621 1602 1624 1428
1623 1598 1621 1433
1626 1607 1611 1431
1623 1607 1613 1432
1620 1616 1619 1420
1623 1610 1613 1429
1625 1596 1609 1445
1624 1595 1615 1441
1627 1588 1619 1441
1624 1594 1616 1441
1626 1599 1606 1444
1620 1595 1609 1451
1613 1609 1604 1449
1605 1622 1597 1451
1602 1628 1590 1455
1610 1627 1579 1459
1594 1628 1588 1465
1595 1620 1600 1460
1592 1613 1609 1461
1583 1630 1600 1462
1584 1619 1597 1475
1578 1615 1599 1483
1570 1622 1603 1480
1567 1624 1603 1481
1563 1617 1603 1492
1559 1613 1610 1493
1548 1617 1612 1498
1554 1621 1612 1488
1548 1631 1607 1489
1548 1629 1599 1499
1554 1627 1594 1500
1563 1621 1584 1507
1564 1609 1593 1509
1552 1603 1605 1515
1555 1607 1588 1525
1559 1622 1579 1515
1554 1631 1574 1516
1559 1612 1574 1530
1554 1612 1573 1536
1553 1605 1584 1533
1549 1610 1583 1533
1529 1628 1586 1532
1520 1624 1588 1543
1517 1623 1597 1538
1511 1620 1606 1538
1522 1609 1596 1548
1512 1609 1599 1555
1506 1607 1596 1566
1505 1617 1584 1569
1513 1624 1580 1558
1510 1614 1582 1569
1520 1615 1577 1563
1502 1614 1584 1575
1493 1609 1590 1583
1507 1600 1578 1590
1500 1609 1577 1589
1503 1618 1579 1575
1497 1622 1577 1579
1490 1626 1576 1583
1485 1625 1579 1586
1485 1627 1577 1586
1482 1639 1570 1584
1479 1635 1569 1592
1486 1624 1569 1596
1492 1625 1565 1593
1489 1633 1567 1586
1496 1638 1551 1590
1495 1644 1547 1589
1507 1648 1528 1592
1518 1633 1527 1597
1520 1636 1523 1596
1518 1639 1520 1598
1518 1634 1526 1597
1512 1636 1521 1606
1506 1641 1526 1602
1505 1646 1521 1603
1510 1649 1519 1597
1499 1655 1517 1604
1495 1651 1514 1615
1496 1655 1510 1614
1494 1648 1518 1615
1492 1649 1530 1604
1481 1654 1528 1612
1485 1653 1535 1602
1483 1653 1536 1603
1485 1657 1541 1592
1491 1655 1539 1590
1488 1658 1535 1594
1493 1665 1534 1583
1490 1677 1523 1585
1493 1666 1534 1582
1509 1660 1527 1579
1511 1661 1530 1573
1517 1671 1509 1578
1513 1684 1504 1574
1512 1685 1518 1560
1519 1675 1519 1562
1533 1682 1507 1553
1530 1685 1515 1545
1530 1674 1518 1553
1535 1675 1514 1551
1537 1663 1517 1558
1550 1659 1513 1553
1556 1667 1506 1546
1542 1677 1514 1542
1546 1674 1514 1541
1537 1669 1517 1552
1546 1669 1509 1551
1546 1662 1508 1559
1543 1658 1515 1559
1548 1654 1516 1557
1558 1634 1517 1566
1565 1628 1518 1564
1552 1622 1535 1566
1552 1616 1538 1569
1554 1607 1542 1572
1563 1597 1549 1566
1558 1599 1548 1570
1556 1588 1552 1579
1540 1602 1551 1582
1509 1617 1566 1583
1485 1615 1576 1599
1456 1629 1578 1612
1434 1632 1593 1616
1427 1641 1600 1607
1414 1639 1607 1615
1422 1627 1608 1618
1422 1620 1605 1628
1426 1615 1610 1624
1427 1613 1610 1625
1430 1618 1608 1619
1429 1616 1606 1624
1438 1613 1605 1619
1442 1623 1586 1624
1451 1615 1591 1618
1442 1612 1599 1622
1441 1610 1600 1624
1442 1605 1610 1618
1452 1588 1619 1616
1469 1589 1624 1593
1470 1596 1615 1594
1462 1596 1626 1591
1467 1606 1631 1571
1470 1598 1642 1565
1467 1597 1647 1564
1470 1607 1644 1554
1472 1618 1640 1545
1457 1615 1653 1550
1451 1618 1673 1533
1457 1624 1673 1521
1449 1629 1676 1521
1438 1649 1688 1500
1441 1642 1698 1494
1442 1640 1704 1489
1449 1632 1705 1489
1452 1638 1702 1483
1463 1636 1706 1470
1480 1603 1729 1463
1499 1602 1729 1445
1503 1610 1725 1437
1506 1608 1728 1433
1515 1621 1727 1412
1515 1627 1728 1405
1526 1635 1714 1400
1540 1646 1708 1381
1543 1651 1701 1380
1529 1661 1712 1373
1539 1656 1719 1361
1536 1673 1725 1341
1554 1666 1726 1329
1595 1650 1711 1319
1634 1654 1699 1288
1664 1646 1694 1271
1686 1647 1684 1258
1702 1637 1685 1251
1726 1627 1682 1240
1728 1633 1676 1238
1742 1632 1684 1217
1739 1639 1686 1211
1737 1638 1689 1211
1739 1654 1682 1200
1736 1667 1673 1199
1735 1677 1674 1189
1727 1677 1688 1183
1722 1680 1691 1182
1719 1675 1691 1191
1717 1674 1701 1183
1708 1685 1708 1175
1700 1696 1707 1172
1684 1695 1700 1197
1682 1689 1711 1193
1690 1689 1705 1192
1687 1671 1703 1214
1678 1680 1710 1208
1675 1683 1713 1204
1668 1679 1703 1226
1668 1674 1707 1226
1667 1686 1703 1220
1667 1680 1691 1237
1659 1685 1690 1242
1668 1691 1681 1235
1674 1684 1666 1252
1674 1700 1647 1254
1684 1703 1634 1255
1676 1699 1630 1270
1668 1701 1636 1271
1669 1707 1628 1271
1651 1738 1612 1275
1639 1744 1602 1290
1643 1739 1604 1290
1645 1739 1605 1286
1646 1716 1612 1302
1660 1682 1626 1307
1677 1652 1645 1302
1670 1615 1668 1322
1679 1582 1690 1325
1692 1556 1702 1325
1700 1526 1708 1342
1714 1499 1711 1351
1709 1488 1728 1351
1693 1489 1742 1351
1680 1479 1752 1365
1682 1471 1757 1365
1685 1464 1756 1371
1689 1461 1752 1373
1675 1471 1753 1377
1667 1469 1755 1384
1664 1467 1757 1388
1670 1465 1752 1388
1671 1450 1768 1387
1667 1441 1767 1400
1672 1433 1769 1402
1678 1423 1764 1410
1689 1419 1756 1412
1681 1418 1756 1420
1692 1415 1748 1420
1693 1425 1738 1419
1691 1432 1723 1429
1694 1423 1721 1437
1698 1424 1720 1433
1696 1428 1709 1442
1685 1430 1713 1447
1689 1434 1709 1443
1680 1435 1701 1459
1694 1426 1692 1463
1709 1419 1689 1458
1705 1415 1688 1467
1709 1404 1685 1477
1715 1410 1678 1472
1702 1411 1685 1477
1701 1399 1693 1482
1699 1397 1696 1483
1695 1382 1709 1489
1685 1373 1719 1498
1691 1377 1721 1486
1696 1368 1719 1492
1691 1370 1717 1497
1688 1373 1716 1498
1686 1369 1730 1490
1680 1366 1727 1502
1674 1363 1729 1509
1663 1384 1718 1510
1647 1410 1707 1511
1634 1443 1686 1512
1623 1474 1668 1510
1612 1497 1647 1519
1609 1521 1625 1520
1595 1552 1611 1517
1593 1570 1594 1518
1587 1580 1581 1527
1585 1582 1573 1535
1588 1590 1568 1529
1585 1599 1561 1530
1582 1603 1559 1531
1578 1609 1549 1539
1575 1604 1549 1547
1572 1612 1553 1538
1562 1605 1553 1555
1555 1596 1557 1567
1566 1606 1548 1555
1559 1601 1556 1559
1554 1607 1561 1553
1551 1611 1566 1547
1549 1602 1570 1554
1545 1593 1584 1553
1541 1603 1586 1545
1544 1593 1592 1546
1558 1587 1591 1539
1555 1594 1591 1535
1550 1585 1599 1541
1557 1583 1598 1537
1556 1578 1597 1544
1550 1577 1596 1552
1560 1577 1597 1541
1552 1571 1604 1548
1534 1577 1604 1560
1538 1570 1607 1560
1544 1569 1615 1547
1546 1559 1612 1558
1555 1555 1603 1562
1558 1554 1602 1561
1561 1552 1595 1567
1564 1558 1592 1561
1571 1558 1588 1558
1578 1550 1583 1564
1577 1545 1586 1567
1578 1541 1582 1574
1574 1537 1589 1575
1579 1536 1575 1585
1577 1549 1566 1583
1579 1553 1563 1580
1574 1557 1562 1582
1580 1559 1555 1581
1573 1557 1555 1590
1573 1557 1553 1592
1568 1568 1562 1577
1563 1571 1560 1581
1562 1566 1575 1572
1555 1570 1574 1576
1557 1572 1567 1579
1571 1572 1555 1577
1571 1572 1551 1581
1573 1559 1559 1584
1577 1554 1565 1579
1582 1547 1574 1572
1586 1562 1573 1554
1588 1565 1563 1559
1590 1571 1556 1558
1596 1566 1567 1546
1586 1566 1557 1566
1587 1550 1564 1574
1590 1553 1561 1571
1579 1553 1560 1583
1584 1555 1556 1580
1590 1566 1541 1578
1589 1559 1536 1591
1583 1561 1532 1599
1572 1552 1550 1601
1568 1551 1550 1606
1570 1551 1545 1609
1570 1553 1543 1609
1574 1559 1540 1602
1575 1567 1541 1592
1571 1559 1544 1601
1570 1569 1539 1597
1579 1567 1540 1589
1577 1582 1535 1581
1574 1585 1531 1585
1572 1587 1531 1585
1568 1595 1532 1580
1567 1592 1533 1583
1565 1591 1537 1582
1559 1580 1543 1593
1555 1584 1542 1594
1543 1596 1540 1596
1548 1589 1538 1600
1542 1593 1551 1589
1553 1597 1535 1590
1552 1596 1545 1582
1552 1591 1548 1584
1541 1600 1547 1587
1548 1592 1556 1579
1534 1596 1557 1588
1537 1592 1566 1580
1536 1588 1574 1577
1545 1579 1563 1588
1550 1571 1560 1594
1548 1571 1548 1608
1546 1581 1548 1600
1550 1584 1551 1590
1551 1586 1553 1585
1552 1587 1547 1589
1546 1594 1538 1597
1541 1590 1537 1607
1536 1588 1526 1625
1541 1569 1529 1636
1550 1557 1527 1641
1559 1564 1528 1624
1558 1577 1515 1625
1553 1584 1523 1615
1559 1604 1511 1601
1565 1589 1510 1611
1578 1589 1508 1600
1574 1590 1509 1602
1579 1592 1511 1593
1588 1596 1520 1571
1591 1592 1522 1570
1600 1600 1512 1563
1622 1598 1511 1544
1621 1605 1509 1540
1616 1612 1514 1533
1625 1618 1514 1518
1626 1616 1515 1518
1632 1619 1518 1506
1641 1619 1523 1492
1634 1621 1535 1485
1632 1619 1538 1486
1631 1626 1542 1476
1637 1619 1553 1466
1646 1601 1565 1463
1651 1610 1568 1446
1652 1610 1577 1436
1655 1620 1571 1429
1658 1618 1585 1414
1668 1612 1593 1402
1664 1625 1592 1394
1665 1637 1584 1389
1656 1643 1595 1381
1651 1661 1587 1376
1660 1651 1602 1362
1666 1638 1613 1358
1669 1633 1619 1354
1673 1638 1627 1337
1678 1640 1620 1337
1684 1646 1618 1327
1677 1653 1626 1319
1667 1665 1634 1309
1678 1668 1636 1293
1676 1656 1647 1296
1671 1657 1651 1296
1670 1661 1659 1285
1664 1655 1677 1279
1673 1651 1686 1265
1686 1646 1691 1252
1695 1643 1701 1236
1696 1650 1700 1229
1699 1645 1713 1218
1696 1642 1714 1223
1699 1638 1716 1222
1708 1633 1715 1219
1706 1629 1717 1223
1711 1633 1719 1212
1711 1633 1718 1213
1713 1634 1726 1202
1706 1637 1720 1213
1704 1630 1715 1226
1711 1625 1721 1219
1714 1617 1719 1225
1710 1612 1716 1238
1715 1612 1715 1233
1717 1605 1724 1230
1715 1592 1722 1246
1712 1592 1724 1248
1709 1595 1724 1247
1709 1596 1711 1260
1713 1581 1711 1270
1726 1549 1736 1265
1731 1543 1731 1270
1730 1549 1725 1272
1721 1562 1718 1274
1713 1564 1714 1285
1709 1565 1715 1286
1712 1564 1718 1282
1698 1569 1707 1301
1690 1570 1711 1305
1684 1568 1721 1302
1682 1560 1719 1315
1682 1549 1721 1323
1685 1535 1730 1326
1689 1547 1710 1329
1692 1552 1691 1341
1679 1562 1694 1340
1685 1564 1682 1345
1670 1573 1681 1351
1676 1569 1688 1343
1675 1570 1685 1345
1676 1561 1689 1350
1665 1564 1689 1357
1668 1561 1684 1363
1685 1547 1676 1367
1675 1547 1680 1374
1683 1549 1667 1376
1667 1559 1662 1388
1659 1574 1655 1387
1651 1577 1653 1395
1665 1566 1651 1393
1658 1571 1643 1404
1666 1568 1632 1409
1666 1574 1629 1407
1659 1573 1632 1411
1665 1566 1636 1409
1652 1569 1641 1413
1650 1565 1637 1424
1640 1568 1634 1433
1643 1567 1636 1429
1628 1574 1635 1438
1634 1573 1625 1443
1623 1574 1636 1442
1609 1583 1639 1444
1608 1577 1639 1451
1608 1567 1630 1470
1608 1576 1625 1466
1619 1565 1621 1470
1626 1568 1610 1471
1621 1570 1612 1472
1622 1578 1598 1477
1610 1612 1564 1489
1606 1600 1573 1496
1611 1587 1578 1499
1615 1582 1573 1505
1610 1576 1576 1513
1622 1570 1573 1510
1613 1573 1570 1519
1613 1568 1576 1518
1632 1557 1569 1517
1640 1558 1562 1515
1641 1550 1568 1516
1644 1552 1557 1522
1643 1561 1549 1522
1632 1555 1562 1526
1631 1552 1568 1524
1637 1540 1567 1531
1634 1528 1576 1537
1642 1526 1576 1531
1631 1536 1559 1549
1646 1515 1569 1545
1660 1509 1559 1547
1661 1510 1555 1549
1662 1515 1552 1546
1644 1526 1559 1546
1648 1525 1548 1554
1643 1524 1550 1558
1645 1519 1553 1558
1646 1514 1550 1565
1647 1513 1548 1567
1630 1519 1542 1584
1628 1525 1541 1581
1614 1525 1553 1583
1612 1524 1559 1580
1608 1519 1559 1589
1598 1525 1559 1593
1602 1520 1557 1596
1601 1522 1564 1588
1621 1511 1554 1589
1620 1502 1557 1596
1622 1502 1557 1594
1612 1511 1559 1593
1620 1509 1548 1598
1625 1501 1543 1606
1623 1504 1551 1597
1625 1512 1546 1592
1617 1516 1551 1591
1605 1536 1552 1582
1584 1534 1565 1592
1584 1536 1572 1583
1577 1537 1578 1583
1574 1530 1594 1577
1574 1539 1585 1577
1567 1553 1576 1579
1578 1555 1574 1568
1585 1555 1581 1554
1571 1555 1588 1561
1582 1542 1587 1564
1589 1545 1576 1565
1581 1544 1573 1577
1570 1549 1571 1585
1583 1551 1561 1580
1578 1549 1563 1585
1581 1534 1568 1592
1589 1532 1558 1596
1592 1534 1565 1584
1593 1538 1560 1584
1590 1545 1561 1579
1588 1540 1561 1586
1586 1531 1565 1593
1570 1551 1557 1597
1565 1548 1563 1599
1566 1542 1568 1599
1567 1539 1570 1599
1570 1536 1574 1595
1565 1535 1584 1591
1566 1546 1580 1583
1568 1540 1585 1582
1569 1544 1586 1576
1572 1543 1590 1570
1574 1544 1600 1557
1581 1535 1602 1557
1588 1537 1602 1548
1582 1534 1606 1553
1586 1534 1613 1542
1598 1534 1613 1530
1593 1545 1614 1523
1582 1549 1617 1527
1559 1568 1622 1526
1555 1571 1630 1519
1560 1575 1623 1517
1562 1576 1618 1519
1564 1587 1637 1487
1563 1596 1642 1474
1558 1595 1636 1486
1562 1602 1655 1456
1569 1594 1658 1454
1585 1579 1648 1463
1610 1589 1644 1432
1615 1585 1641 1434
1626 1591 1628 1430
1637 1599 1632 1407
1633 1596 1646 1400
1622 1595 1656 1402
1622 1594 1676 1383
1627 1600 1661 1387
1625 1604 1656 1390
1628 1624 1666 1357
1637 1626 1663 1349
1629 1643 1667 1336
1637 1647 1671 1320
1632 1649 1680 1314
1639 1652 1683 1301
1638 1662 1692 1283
1636 1669 1698 1272
1642 1667 1687 1279
1640 1680 1692 1263
1640 1681 1699 1255
1641 1675 1708 1251
1648 1678 1717 1232
1650 1681 1720 1224
1643 1690 1724 1218
1646 1696 1726 1207
1645 1704 1729 1197
1651 1700 1727 1197
1660 1693 1733 1189
1667 1678 1749 1181
1672 1682 1747 1174
1672 1672 1756 1175
1674 1689 1750 1162
1670 1692 1752 1161
1672 1690 1758 1155
1663 1698 1766 1148
1663 1704 1762 1146
1666 1707 1756 1146
1654 1716 1756 1149
1666 1710 1750 1149
1678 1712 1745 1140
1685 1698 1758 1134
1694 1700 1756 1125
1690 1697 1767 1121
1688 1696 1771 1120
1687 1680 1771 1137
1688 1669 1771 1147
1695 1671 1770 1139
1696 1668 1756 1155
1688 1663 1769 1155
1677 1671 1770 1157
1664 1662 1778 1171
1655 1665 1782 1173
1653 1669 1793 1160
1649 1660 1788 1178
1650 1660 1772 1193
1665 1658 1775 1177
1653 1664 1763 1195
1648 1665 1763 1199
1660 1661 1761 1193
1649 1657 1756 1213
1641 1654 1769 1211
1646 1635 1774 1220
1649 1625 1772 1229
1648 1624 1773 1230
1642 1638 1773 1222
1636 1642 1761 1236
1628 1643 1758 1246
1628 1652 1760 1235
1628 1637 1763 1247
1629 1628 1753 1265
1635 1635 1750 1255
1635 1623 1755 1262
1628 1620 1756 1271
1624 1617 1762 1272
1625 1608 1764 1278
1621 1602 1765 1287
1620 1610 1761 1284
1610 1628 1754 1283
1613 1629 1744 1289
1618 1630 1743 1284
1617 1644 1727 1287
1609 1632 1733 1301
1614 1632 1729 1300
1603 1641 1727 1304
1613 1633 1713 1316
1626 1628 1702 1319
1619 1635 1697 1324
1614 1624 1705 1332
1600 1629 1710 1336
1612 1623 1698 1342
1615 1623 1688 1350
1611 1622 1685 1357
1618 1616 1680 1362
1617 1617 1677 1364
1610 1618 1671 1377
1611 1621 1672 1371
1607 1618 1675 1376
1598 1607 1679 1391
1600 1612 1671 1393
1600 1616 1677 1382
1610 1609 1667 1390
1617 1610 1656 1392
1616 1602 1657 1401
1613 1612 1646 1404
1613 1618 1641 1404
1612 1613 1632 1418
1609 1618 1632 1417
1612 1608 1630 1425
1612 1616 1621 1427
1609 1613 1621 1432
1608 1612 1614 1442
1605 1617 1621 1432
1606 1607 1617 1446
1604 1612 1612 1447
1621 1591 1604 1460
1629 1586 1606 1454
1636 1575 1606 1459
1620 1564 1614 1477
1624 1577 1600 1475
1629 1580 1598 1468
1625 1585 1587 1479
1622 1590 1579 1484
1636 1580 1575 1485
1644 1590 1560 1481
1643 1592 1552 1489
1646 1587 1551 1491
1636 1583 1552 1505
1647 1567 1550 1511
1634 1575 1546 1521
1633 1577 1537 1528
1630 1575 1538 1533
1634 1574 1528 1539
1634 1574 1529 1539
1639 1572 1525 1539
1639 1577 1522 1538
1625 1582 1535 1533
1623 1584 1537 1532
1632 1580 1525 1538
1629 1578 1531 1538
1609 1580 1542 1544
1613 1583 1547 1532
1627 1578 1540 1530
1632 1574 1536 1533
1636 1570 1538 1531
1652 1573 1524 1526
1653 1581 1511 1530
1663 1584 1502 1526
1660 1590 1500 1525
1670 1584 1494 1527
1688 1568 1488 1531
1688 1567 1484 1536
1682 1557 1498 1538
1681 1557 1500 1537
1680 1556 1497 1542
1682 1550 1510 1533
1676 1551 1510 1538
1677 1545 1512 1541
1670 1559 1515 1531
1658 1555 1525 1537
1657 1541 1522 1555
1660 1540 1526 1549
1661 1543 1512 1559
1654 1554 1514 1553
1652 1559 1509 1555
1639 1563 1518 1555
1638 1558 1517 1562
1634 1562 1519 1560
1639 1572 1511 1553
1640 1565 1511 1559
1635 1573 1509 1558
1633 1572 1518 1552
1639 1571 1514 1551
1628 1581 1516 1550
1626 1569 1520 1560
1628 1566 1517 1564
1626 1564 1511 1574
1625 1575 1511 1564
1609 1588 1517 1561
1620 1585 1515 1555
1617 1587 1520 1551
1610 1585 1534 1546
1605 1588 1541 1541
1609 1590 1536 1540
1600 1593 1534 1548
1604 1585 1534 1552
1602 1581 1529 1563
1609 1578 1526 1562
1610 1582 1527 1556
1625 1579 1517 1554
1626 1581 1521 1547
1619 1575 1519 1562
1603 1583 1514 1575
1599 1584 1523 1569
1597 1581 1533 1564
1584 1591 1535 1565
1580 1579 1548 1568
1570 1579 1550 1576
1568 1586 1546 1575
1567 1594 1540 1574
1560 1595 1546 1574
1547 1603 1546 1579
1548 1607 1540 1580
1545 1615 1537 1578
1543 1610 1546 1576
1545 1614 1534 1582
1554 1610 1535 1576
1561 1607 1528 1579
1562 1597 1532 1584
1567 1602 1525 1581
1569 1607 1533 1566
1567 1606 1531 1571
1572 1604 1530 1569
1579 1599 1528 1569
1569 1591 1536 1579
1563 1598 1532 1582
1561 1598 1535 1581
1562 1594 1539 1580
1566 1579 1543 1587
1561 1573 1554 1587
1566 1569 1553 1587
1557 1565 1551 1602
1550 1573 1552 1600
1559 1565 1548 1603
1559 1568 1545 1603
1552 1581 1546 1596
1550 1586 1557 1582
1556 1572 1564 1583
