0 0 0 0 0 0 0 0 0 0 0
0 0 0 0 0 0 0 0 0 0 0
0 0 0 0 0 0 0 0 0 0 0
0 0 0 0 0 0 0 0 0 0 0
0 0 0 0 0 0 0 0 0 0 0
0 0 0 0 0 0 0 0 0 0 0
0 0 0 0 0 0 0 0 0 0 0
0 0 0 0 0 0 0 0 0 0 0
0 0 0 0 0 0 0 0 0 0 0
0 0 0 0 0 0 0 0 0 0 0
0 0 0 0 0 0 0 0 0 0 0
0 0 0 0 0 0 0 0 0 0 0
0 0 0 0 0 0 0 0 0 0 0
0 0 0 0 0 0 0 0 0 0 0
0 0 0 0 0 0 0 0 0 0 0
0 0 0 0 0 0 0 0 0 0 0
0 0 0 0 0 0 0 0 0 0 0
0 0 0 0 0 0 0 0 0 0 0
0 2 0 15 3 0 0 2 3 0 15
0 0 0 14 6 0 0 0 6 0 14
0 8 0 18 9 2 0 8 9 2 18
0 23 0 20 18 19 0 23 18 19 20
0 41 0 28 29 23 0 41 29 23 28
0 38 0 36 45 34 0 38 45 34 36
0 39 0 40 67 17 0 39 67 17 40
0 35 0 50 78 30 0 35 78 30 50
0 50 0 47 84 42 0 50 84 42 47
0 47 0 50 77 47 0 47 77 47 50
0 48 0 46 83 60 0 48 83 60 46
0 47 0 49 91 80 0 47 91 80 49
0 49 0 35 106 77 0 49 106 77 35
0 49 0 0 97 93 0 49 97 93 0
0 30 0 0 95 96 0 30 95 96 0
0 29 0 0 86 94 0 29 86 94 0
0 21 0 0 80 93 0 21 80 93 0
0 20 0 0 74 101 0 20 74 101 0
0 18 0 0 73 103 0 18 73 103 0
0 22 0 0 68 108 0 22 68 108 0
0 19 0 0 70 109 0 19 70 109 0
0 29 0 0 72 98 0 29 72 98 0
0 24 0 0 79 102 0 24 79 102 0
0 15 0 0 86 105 0 15 86 105 0
0 15 0 0 80 111 0 15 80 111 0
0 29 0 5 75 113 0 29 75 113 5
0 36 0 0 72 113 0 36 72 113 0
0 33 0 0 81 105 0 33 81 105 0
0 33 0 6 95 100 0 33 95 100 6
0 35 0 0 103 109 0 35 103 109 0
0 32 0 0 112 88 0 32 112 88 0
0 39 0 9 115 93 0 39 115 93 9
0 37 0 19 124 87 0 37 124 87 19
0 46 0 0 124 56 0 46 124 56 0
0 41 0 13 126 23 0 41 126 23 13
0 40 0 23 141 0 0 40 141 0 23
0 41 0 4 137 0 0 41 137 0 4
0 27 0 0 136 5 0 27 136 5 0
0 35 0 7 145 8 0 35 145 8 7
0 47 0 13 135 0 0 47 135 0 13
0 41 0 2 134 0 0 41 134 0 2
0 26 0 0 134 0 0 26 134 0 0
0 32 0 1 123 0 0 32 123 0 1
0 37 0 16 131 10 0 37 131 10 16
0 49 0 7 142 5 0 49 142 5 7
0 44 0 5 148 0 0 44 148 0 5
0 40 0 2 137 0 0 40 137 0 2
0 44 0 2 143 3 0 44 143 3 2
0 50 0 12 157 11 0 50 157 11 12
0 57 0 12 165 25 0 57 165 25 12
0 51 0 9 164 27 0 51 164 27 9
0 42 0 0 169 0 0 42 169 0 0
0 38 0 7 171 12 0 38 171 12 7
0 33 0 6 169 34 0 33 169 34 6
0 35 0 6 174 46 0 35 174 46 6
0 27 0 1 179 49 0 27 179 49 1
0 39 0 4 176 43 0 39 176 43 4
0 29 0 11 181 35 0 29 181 35 11
0 32 0 14 198 21 0 32 198 21 14
0 30 0 23 196 17 0 30 196 17 23
0 30 0 14 204 16 0 30 204 16 14
0 40 0 12 196 15 0 40 196 15 12
0 47 0 2 197 18 0 47 197 18 2
0 31 0 19 195 33 0 31 195 33 19
0 43 0 13 204 37 0 43 204 37 13
0 40 0 19 215 37 0 40 215 37 19
0 37 0 13 223 37 0 37 223 37 13
0 46 0 18 222 37 0 46 222 37 18
0 48 0 24 233 23 0 48 233 23 24
0 52 0 15 240 20 0 52 240 20 15
0 43 0 14 244 16 0 43 244 16 14
0 38 0 11 253 18 0 38 253 18 11
0 39 0 11 256 18 0 39 256 18 11
0 31 0 11 262 25 0 31 262 25 11
0 28 0 5 275 22 0 28 275 22 5
0 27 0 18 272 22 0 27 272 22 18
0 25 0 20 281 20 0 25 281 20 20
0 20 0 34 290 25 0 20 290 25 34
0 19 0 27 301 32 0 19 301 32 27
0 31 0 22 311 38 0 31 311 38 22
0 32 0 8 316 45 0 32 316 45 8
0 34 0 6 322 41 0 34 322 41 6
0 29 0 13 333 39 0 29 333 39 13
0 29 0 19 345 42 0 29 345 42 19
0 39 0 14 345 35 0 39 345 35 14
0 36 0 7 356 35 0 36 356 35 7
0 36 0 9 361 31 0 36 361 31 9
0 41 0 16 373 26 0 41 373 26 16
0 29 0 23 384 22 0 29 384 22 23
0 32 0 20 384 38 0 32 384 38 20
0 42 0 29 392 32 0 42 392 32 29
0 36 0 19 405 34 0 36 405 34 19
0 42 0 33 413 24 0 42 413 24 33
0 37 0 36 427 7 0 37 427 7 36
0 35 0 39 439 7 0 35 439 7 39
0 45 0 23 445 9 0 45 445 9 23
0 44 0 23 446 6 0 44 446 6 23
0 35 0 28 457 20 0 35 457 20 28
0 37 0 26 468 34 0 37 468 34 26
0 44 0 19 481 32 0 44 481 32 19
0 32 0 29 489 30 0 32 489 30 29
0 41 0 32 493 36 0 41 493 36 32
0 44 0 35 495 29 0 44 495 29 35
0 40 0 23 503 33 0 40 503 33 23
0 38 0 22 518 39 0 38 518 39 22
0 40 0 8 537 37 0 40 537 37 8
0 32 0 4 558 38 0 32 558 38 4
0 33 0 17 568 32 0 33 568 32 17
0 39 0 23 573 40 0 39 573 40 23
0 29 0 37 584 45 0 29 584 45 37
0 35 0 40 596 33 0 35 596 33 40
0 27 0 50 609 29 0 27 609 29 50
0 38 0 47 616 27 0 38 616 27 47
0 38 0 36 623 32 0 38 623 32 36
0 36 0 17 638 42 0 36 638 42 17
0 40 0 8 653 42 0 40 653 42 8
0 36 0 10 663 45 0 36 663 45 10
0 28 0 0 678 41 0 28 678 41 0
0 26 0 3 680 28 0 26 680 28 3
0 35 0 5 688 28 0 35 688 28 5
0 39 0 0 693 25 0 39 693 25 0
0 35 0 0 693 9 0 35 693 9 0
0 37 0 3 705 12 0 37 705 12 3
0 36 0 0 712 21 0 36 712 21 0
0 31 0 1 714 13 0 31 714 13 1
0 33 0 3 725 12 0 33 725 12 3
0 38 0 0 736 15 0 38 736 15 0
0 26 0 1 745 14 0 26 745 14 1
0 34 0 0 758 15 0 34 758 15 0
0 41 0 0 765 19 0 41 765 19 0
0 37 0 1 774 10 0 37 774 10 1
0 34 0 8 782 11 0 34 782 11 8
0 48 0 6 790 9 0 48 790 9 6
0 40 0 0 792 18 0 40 792 18 0
0 39 0 0 791 29 0 39 791 29 0
0 43 0 6 799 32 0 43 799 32 6
0 43 0 0 809 39 0 43 809 39 0
0 40 0 0 821 33 0 40 821 33 0
0 44 0 0 828 27 0 44 828 27 0
0 39 0 7 837 25 0 39 837 25 7
0 42 0 0 841 35 0 42 841 35 0
0 41 0 1 851 36 0 41 851 36 1
0 47 0 4 868 26 0 47 868 26 4
0 52 0 3 881 25 0 52 881 25 3
0 51 0 2 900 11 0 51 900 11 2
0 55 0 1 915 2 0 55 915 2 1
0 53 0 4 923 10 0 53 923 10 4
0 49 0 1 925 31 0 49 925 31 1
0 51 0 1 933 42 0 51 933 42 1
0 64 0 0 933 45 0 64 933 45 0
0 53 0 3 945 45 0 53 945 45 3
0 51 0 5 947 33 0 51 947 33 5
0 47 0 1 953 25 0 47 953 25 1
0 33 0 1 946 21 0 33 946 21 1
0 29 0 0 911 34 0 29 911 34 0
0 37 0 3 881 33 0 37 881 33 3
0 40 0 0 850 17 0 40 850 17 0
0 49 0 5 811 11 0 49 811 11 5
0 45 0 3 779 11 0 45 779 11 3
0 40 0 0 742 11 0 40 742 11 0
0 40 0 3 703 27 0 40 703 27 3
0 37 0 0 709 34 0 37 709 34 0
0 40 0 0 710 37 0 40 710 37 0
0 54 0 5 699 33 0 54 699 33 5
0 48 0 11 701 26 0 48 701 26 11
0 51 0 1 713 13 0 51 713 13 1
0 47 0 1 710 15 0 47 710 15 1
0 49 0 1 705 24 0 49 705 24 1
0 56 0 0 709 26 0 56 709 26 0
0 59 0 0 700 26 0 59 700 26 0
0 44 0 1 707 26 0 44 707 26 1
0 47 0 2 708 16 0 47 708 16 2
0 49 0 0 711 8 0 49 711 8 0
0 37 0 1 706 2 0 37 706 2 1
0 33 0 4 705 0 0 33 705 0 4
0 29 0 0 711 8 0 29 711 8 0
0 29 0 0 699 19 0 29 699 19 0
0 30 0 4 668 24 0 30 668 24 4
0 38 0 0 629 35 0 38 629 35 0
0 31 0 0 600 41 0 31 600 41 0
0 43 0 2 562 36 0 43 562 36 2
0 35 0 0 532 36 0 35 532 36 0
0 30 0 2 496 45 0 30 496 45 2
0 38 0 2 454 51 0 38 454 51 2
0 43 0 0 450 56 0 43 450 56 0
0 28 0 0 464 63 0 28 464 63 0
0 39 0 0 466 56 0 39 466 56 0
0 43 0 11 472 43 0 43 472 43 11
0 45 0 9 479 43 0 45 479 43 9
0 43 0 1 492 48 0 43 492 48 1
0 51 0 0 482 45 0 51 482 45 0
0 40 0 9 496 41 0 40 496 41 9
0 48 0 17 505 43 0 48 505 43 17
0 38 0 0 516 47 0 38 516 47 0
0 48 0 2 518 42 0 48 518 42 2
0 46 0 0 531 41 0 46 531 41 0
0 35 0 10 547 46 0 35 547 46 10
0 46 0 4 547 52 0 46 547 52 4
0 43 0 3 560 53 0 43 560 53 3
0 39 0 6 582 43 0 39 582 43 6
0 42 0 6 556 42 0 42 556 42 6
0 55 0 4 523 32 0 55 523 32 4
0 49 0 2 507 23 0 49 507 23 2
0 47 0 4 500 24 0 47 500 24 4
0 41 0 6 472 29 0 41 472 29 6
0 27 0 1 444 30 0 27 444 30 1
0 18 0 5 408 37 0 18 408 37 5
0 23 0 2 379 40 0 23 379 40 2
0 23 0 3 349 45 0 23 349 45 3
0 27 0 2 334 45 0 27 334 45 2
0 30 0 7 335 54 0 30 335 54 7
0 37 0 10 344 41 0 37 344 41 10
0 35 0 2 350 35 0 35 350 35 2
0 32 0 6 354 29 0 32 354 29 6
0 36 0 5 359 26 0 36 359 26 5
0 39 0 4 358 30 0 39 358 30 4
0 28 0 4 368 35 0 28 368 35 4
0 34 0 5 383 28 0 34 383 28 5
0 35 0 4 379 33 0 35 379 33 4
0 35 0 0 380 41 0 35 380 41 0
0 43 0 1 375 37 0 43 375 37 1
0 36 0 4 376 41 0 36 376 41 4
0 34 0 3 386 48 0 34 386 48 3
0 46 0 0 378 41 0 46 378 41 0
0 49 0 4 359 40 0 49 359 40 4
0 50 0 9 350 44 0 50 350 44 9
0 41 0 11 361 33 0 41 361 33 11
0 34 0 11 355 41 0 34 355 41 11
0 28 0 9 350 49 0 28 350 49 9
0 17 0 21 334 51 0 17 334 51 21
0 25 0 12 307 51 0 25 307 51 12
0 26 0 15 266 58 0 26 266 58 15
0 22 0 1 238 54 0 22 238 54 1
0 10 0 11 211 56 0 10 211 56 11
0 15 0 8 179 67 0 15 179 67 8
0 26 0 12 143 64 0 26 143 64 12
0 23 0 11 106 73 0 23 106 73 11
0 29 0 6 76 70 0 29 76 70 6
0 29 0 2 49 55 0 29 49 55 2
0 31 0 3 20 48 0 31 20 48 3
0 27 0 1 0 45 0 27 0 45 1
0 17 0 1 1 25 0 17 1 25 1
0 2 0 5 0 16 0 2 0 16 5
0 2 0 1 0 15 0 2 0 15 1
0 0 0 0 0 0 0 0 0 0 0
0 0 0 0 0 0 0 0 0 0 0
0 0 0 0 0 0 0 0 0 0 0
0 0 0 0 0 0 0 0 0 0 0
0 3 0 3 4 9 0 3 4 9 3
0 5 0 19 3 15 0 5 3 15 19
0 14 0 21 14 26 0 14 14 26 21
0 34 0 17 23 28 0 34 23 28 17
0 34 0 6 40 36 0 34 40 36 6
0 28 0 4 54 50 0 28 54 50 4
0 28 0 1 70 52 0 28 70 52 1
0 35 0 2 83 55 0 35 83 55 2
0 33 0 8 88 64 0 33 88 64 8
0 30 0 6 105 68 0 30 105 68 6
0 38 0 5 114 62 0 38 114 62 5
0 24 0 7 130 62 0 24 130 62 7
0 30 0 6 146 70 0 30 146 70 6
0 27 0 12 163 55 0 27 163 55 12
0 29 0 15 179 58 0 29 179 58 15
0 24 0 20 193 52 0 24 193 52 20
0 25 0 16 205 59 0 25 205 59 16
0 30 0 12 224 58 0 30 224 58 12
0 36 0 9 204 65 0 36 204 65 9
0 28 0 8 178 67 0 28 178 67 8
0 35 0 8 153 62 0 35 153 62 8
0 34 0 2 161 57 0 34 161 57 2
0 17 0 14 156 61 0 17 156 61 14
0 28 0 24 140 65 0 28 140 65 24
0 34 0 26 147 74 0 34 147 74 26
0 40 0 20 143 72 0 40 143 72 20
0 39 0 8 143 72 0 39 143 72 8
0 36 0 14 157 60 0 36 157 60 14
0 29 0 18 155 59 0 29 155 59 18
0 29 0 30 157 51 0 29 157 51 30
0 32 0 27 163 61 0 32 163 61 27
0 37 0 23 154 68 0 37 154 68 23
0 37 0 25 154 67 0 37 154 67 25
0 41 0 33 161 59 0 41 161 59 33
0 32 0 40 163 63 0 32 163 63 40
0 35 0 39 162 63 0 35 162 63 39
0 39 0 26 168 65 0 39 168 65 26
0 42 0 17 174 71 0 42 174 71 17
0 43 0 14 179 78 0 43 179 78 14
0 42 0 13 185 75 0 42 185 75 13
0 36 0 14 205 60 0 36 205 60 14
0 38 0 19 191 58 0 38 191 58 19
0 45 0 21 181 64 0 45 181 64 21
0 50 0 18 184 66 0 50 184 66 18
0 39 0 15 194 73 0 39 194 73 15
0 41 0 20 196 77 0 41 196 77 20
0 42 0 28 189 81 0 42 189 81 28
0 23 0 33 195 74 0 23 195 74 33
0 25 0 32 204 70 0 25 204 70 32
0 27 0 31 205 63 0 27 205 63 31
0 30 0 23 206 62 0 30 206 62 23
0 31 0 18 209 59 0 31 209 59 18
0 31 0 22 205 65 0 31 205 65 22
0 38 0 13 217 65 0 38 217 65 13
0 38 0 16 216 66 0 38 216 66 16
0 28 0 22 212 64 0 28 212 64 22
0 40 0 40 211 57 0 40 211 57 40
0 41 0 38 208 56 0 41 208 56 38
0 46 0 26 212 58 0 46 212 58 26
0 38 0 20 221 65 0 38 221 65 20
0 43 0 13 229 71 0 43 229 71 13
0 47 0 12 226 64 0 47 226 64 12
0 37 0 11 234 62 0 37 234 62 11
0 39 0 21 225 61 0 39 225 61 21
0 46 0 21 225 61 0 46 225 61 21
0 37 0 26 226 63 0 37 226 63 26
0 46 0 30 221 67 0 46 221 67 30
0 39 0 32 227 73 0 39 227 73 32
0 45 0 23 237 71 0 45 237 71 23
0 46 0 18 233 68 0 46 233 68 18
0 51 0 10 235 67 0 51 235 67 10
0 44 0 19 238 57 0 44 238 57 19
0 44 0 17 241 53 0 44 241 53 17
0 43 0 18 244 47 0 43 244 47 18
0 38 0 21 229 52 0 38 229 52 21
0 17 0 34 228 57 0 17 228 57 34
0 17 0 35 238 60 0 17 238 60 35
0 22 0 37 231 71 0 22 231 71 37
0 27 0 35 225 78 0 27 225 78 35
0 23 0 39 246 62 0 23 246 62 39
0 28 0 36 238 65 0 28 238 65 36
0 26 0 26 239 58 0 26 239 58 26
0 35 0 29 233 46 0 35 233 46 29
0 33 0 21 233 62 0 33 233 62 21
0 32 0 30 228 69 0 32 228 69 30
0 24 0 30 228 72 0 24 228 72 30
0 26 0 41 238 78 0 26 238 78 41
0 30 0 30 243 75 0 30 243 75 30
0 31 0 16 245 83 0 31 245 83 16
0 33 0 17 242 75 0 33 242 75 17
0 33 0 19 236 74 0 33 236 74 19
0 35 0 32 225 74 0 35 225 74 32
0 31 0 37 229 76 0 31 229 76 37
0 39 0 34 235 75 0 39 235 75 34
0 34 0 38 239 69 0 34 239 69 38
0 38 0 32 235 68 0 38 235 68 32
0 36 0 38 241 56 0 36 241 56 38
0 30 0 32 250 50 0 30 250 50 32
0 34 0 30 238 55 0 34 238 55 30
0 37 0 21 237 70 0 37 237 70 21
0 38 0 22 242 61 0 38 242 61 22
0 33 0 21 243 71 0 33 243 71 21
0 36 0 33 236 66 0 36 236 66 33
0 35 0 36 240 57 0 35 240 57 36
0 33 0 33 243 61 0 33 243 61 33
0 34 0 28 241 65 0 34 241 65 28
0 32 0 30 234 69 0 32 234 69 30
0 29 0 39 240 73 0 29 240 73 39
0 40 0 45 232 73 0 40 232 73 45
0 32 0 41 230 80 0 32 230 80 41
0 41 0 36 243 72 0 41 243 72 36
0 38 0 35 245 61 0 38 245 61 35
0 32 0 38 246 58 0 32 246 58 38
0 35 0 40 235 60 0 35 235 60 40
0 23 0 16 244 55 0 23 244 55 16
0 17 0 0 242 67 0 17 242 67 0
0 21 0 5 240 66 0 21 240 66 5
0 32 0 14 233 67 0 32 233 67 14
0 33 0 0 237 69 0 33 237 69 0
0 27 0 1 237 57 0 27 237 57 1
0 35 0 0 242 57 0 35 242 57 0
0 29 0 4 244 64 0 29 244 64 4
0 29 0 0 240 69 0 29 240 69 0
0 35 0 0 251 53 0 35 251 53 0
0 41 0 0 255 41 0 41 255 41 0
0 35 0 2 242 42 0 35 242 42 2
0 34 0 0 246 45 0 34 246 45 0
0 35 0 1 255 46 0 35 255 46 1
0 36 0 0 253 51 0 36 253 51 0
0 46 0 0 252 55 0 46 252 55 0
0 42 0 0 250 52 0 42 250 52 0
0 39 0 1 254 46 0 39 254 46 1
0 49 0 4 252 46 0 49 252 46 4
0 38 0 0 257 52 0 38 257 52 0
0 48 0 1 256 54 0 48 256 54 1
0 30 0 3 260 64 0 30 260 64 3
0 19 0 1 271 69 0 19 271 69 1
0 27 0 0 272 56 0 27 272 56 0
0 26 0 3 265 58 0 26 265 58 3
0 18 0 0 274 59 0 18 274 59 0
0 29 0 1 277 55 0 29 277 55 1
0 26 0 1 277 62 0 26 277 62 1
0 33 0 0 285 62 0 33 285 62 0
0 31 0 0 288 57 0 31 288 57 0
0 31 0 0 285 63 0 31 285 63 0
0 34 0 1 284 67 0 34 284 67 1
0 30 0 0 292 65 0 30 292 65 0
0 34 0 0 307 67 0 34 307 67 0
0 41 0 4 303 60 0 41 303 60 4
0 33 0 1 319 46 0 33 319 46 1
0 37 0 0 313 53 0 37 313 53 0
0 32 0 11 308 47 0 32 308 47 11
0 38 0 1 321 53 0 38 321 53 1
0 32 0 0 327 66 0 32 327 66 0
0 43 0 4 332 53 0 43 332 53 4
0 41 0 7 321 62 0 41 321 62 7
0 38 0 1 328 70 0 38 328 70 1
0 30 0 1 337 66 0 30 337 66 1
0 38 0 2 343 73 0 38 343 73 2
0 42 0 6 342 87 0 42 342 87 6
0 45 0 1 343 79 0 45 343 79 1
0 45 0 6 350 73 0 45 350 73 6
0 48 0 8 360 66 0 48 360 66 8
0 49 0 1 364 63 0 49 364 63 1
0 36 0 6 369 62 0 36 369 62 6
0 45 0 3 376 63 0 45 376 63 3
0 40 0 4 381 68 0 40 381 68 4
0 30 0 0 388 67 0 30 388 67 0
0 12 0 6 404 65 0 12 404 65 6
0 25 0 8 405 64 0 25 405 64 8
0 21 0 9 421 52 0 21 421 52 9
0 22 0 2 421 56 0 22 421 56 2
0 31 0 4 425 50 0 31 425 50 4
0 22 0 2 428 62 0 22 428 62 2
0 29 0 0 435 70 0 29 435 70 0
0 27 0 0 440 78 0 27 440 78 0
0 33 0 7 444 79 0 33 444 79 7
0 32 0 2 455 83 0 32 455 83 2
0 33 0 3 458 82 0 33 458 82 3
0 37 0 1 459 88 0 37 459 88 1
0 36 0 0 471 83 0 36 471 83 0
0 33 0 1 474 97 0 33 474 97 1
0 43 0 1 479 92 0 43 479 92 1
0 37 0 2 485 95 0 37 485 95 2
0 39 0 0 495 88 0 39 495 88 0
0 36 0 8 512 72 0 36 512 72 8
0 50 0 1 526 58 0 50 526 58 1
0 43 0 2 532 55 0 43 532 55 2
0 31 0 1 547 52 0 31 547 52 1
0 45 0 8 547 64 0 45 547 64 8
0 36 0 2 556 81 0 36 556 81 2
0 36 0 5 562 93 0 36 562 93 5
0 29 0 9 583 90 0 29 583 90 9
0 40 0 16 597 79 0 40 597 79 16
0 53 0 7 605 66 0 53 605 66 7
0 43 0 0 610 60 0 43 610 60 0
0 40 0 1 609 62 0 40 609 62 1
0 42 0 4 619 76 0 42 619 76 4
0 38 0 0 628 92 0 38 628 92 0
0 37 0 2 637 96 0 37 637 96 2
0 36 0 16 648 87 0 36 648 87 16
0 36 0 19 662 83 0 36 662 83 19
0 40 0 13 675 82 0 40 675 82 13
0 43 0 3 687 76 0 43 687 76 3
0 45 0 1 685 85 0 45 685 85 1
0 41 0 12 691 88 0 41 691 88 12
0 41 0 10 696 104 0 41 696 104 10
0 39 0 12 701 103 0 39 701 103 12
0 48 0 0 706 99 0 48 706 99 0
0 38 0 6 712 102 0 38 712 102 6
0 37 0 0 726 105 0 37 726 105 0
0 44 0 5 730 93 0 44 730 93 5
0 33 0 0 737 92 0 33 737 92 0
0 21 0 0 741 100 0 21 741 100 0
0 24 0 8 752 87 0 24 752 87 8
0 15 0 12 765 90 0 15 765 90 12
0 30 0 19 779 73 0 30 779 73 19
0 32 0 15 789 68 0 32 789 68 15
0 28 0 10 807 57 0 28 807 57 10
0 26 0 1 823 68 0 26 823 68 1
0 35 0 0 827 68 0 35 827 68 0
0 37 0 11 833 72 0 37 833 72 11
0 39 0 13 845 75 0 39 845 75 13
0 39 0 15 846 73 0 39 846 73 15
0 37 0 5 863 67 0 37 863 67 5
0 35 0 0 877 76 0 35 877 76 0
0 40 0 2 889 75 0 40 889 75 2
0 41 0 7 896 81 0 41 896 81 7
0 41 0 14 908 76 0 41 908 76 14
0 44 0 11 919 65 0 44 919 65 11
0 39 0 14 929 67 0 39 929 67 14
0 43 0 18 936 68 0 43 936 68 18
0 44 0 11 952 67 0 44 952 67 11
0 40 0 19 959 64 0 40 959 64 19
0 46 0 15 966 72 0 46 966 72 15
0 39 0 25 986 67 0 39 986 67 25
0 46 0 18 1000 57 0 46 1000 57 18
0 49 0 18 997 64 0 49 997 64 18
0 48 0 5 999 69 0 48 999 69 5
0 37 0 6 1000 71 0 37 1000 71 6
0 48 0 0 1000 78 0 48 1000 78 0
0 39 0 13 1000 83 0 39 1000 83 13
0 47 0 4 999 85 0 47 999 85 4
0 34 0 16 998 88 0 34 998 88 16
0 17 0 12 1000 82 0 17 1000 82 12
0 18 0 15 1000 90 0 18 1000 90 15
0 28 0 14 1000 84 0 28 1000 84 14
0 35 0 4 999 81 0 35 999 81 4
0 29 0 14 1000 70 0 29 1000 70 14
0 26 0 14 1000 65 0 26 1000 65 14
0 32 0 5 1000 73 0 32 1000 73 5
0 33 0 6 1000 84 0 33 1000 84 6
0 31 0 9 999 86 0 31 999 86 9
0 29 0 22 999 93 0 29 999 93 22
0 28 0 12 999 95 0 28 999 95 12
0 33 0 13 999 103 0 33 999 103 13
0 39 0 8 997 111 0 39 997 111 8
0 32 0 13 991 106 0 32 991 106 13
0 32 0 9 964 110 0 32 964 110 9
0 37 0 8 931 105 0 37 931 105 8
0 33 0 4 903 104 0 33 903 104 4
0 40 0 11 879 102 0 40 879 102 11
0 44 0 8 845 104 0 44 845 104 8
0 36 0 11 816 90 0 36 816 90 11
0 48 0 12 776 91 0 48 776 91 12
0 47 0 21 742 95 0 47 742 95 21
0 42 0 17 705 101 0 42 705 101 17
0 42 0 10 687 93 0 42 687 93 10
0 45 0 9 684 98 0 45 684 98 9
0 49 0 19 677 92 0 49 677 92 19
0 43 0 11 688 89 0 43 688 89 11
0 46 0 20 680 84 0 46 680 84 20
0 37 0 14 673 91 0 37 673 91 14
0 33 0 18 681 94 0 33 681 94 18
0 19 0 13 685 98 0 19 685 98 13
0 15 0 18 683 104 0 15 683 104 18
0 15 0 21 693 102 0 15 693 102 21
0 20 0 27 691 90 0 20 691 90 27
0 30 0 16 691 96 0 30 691 96 16
0 26 0 19 685 89 0 26 685 89 19
0 25 0 11 694 87 0 25 694 87 11
0 39 0 20 676 85 0 39 676 85 20
0 28 0 25 681 83 0 28 681 83 25
0 30 0 21 701 77 0 30 701 77 21
0 30 0 14 689 81 0 30 689 81 14
0 32 0 17 679 85 0 32 679 85 17
0 40 0 27 681 78 0 40 681 78 27
0 39 0 31 692 77 0 39 692 77 31
0 39 0 23 664 77 0 39 664 77 23
0 42 0 19 625 84 0 42 625 84 19
0 39 0 16 588 98 0 39 588 98 16
0 46 0 15 557 101 0 46 557 101 15
0 42 0 5 531 106 0 42 531 106 5
0 39 0 13 502 99 0 39 502 99 13
0 33 0 16 475 88 0 33 475 88 16
0 16 0 25 448 85 0 16 448 85 25
0 23 0 27 411 83 0 23 411 83 27
0 20 0 37 373 85 0 20 373 85 37
0 22 0 34 346 86 0 22 346 86 34
0 26 0 26 320 89 0 26 320 89 26
0 25 0 18 289 86 0 25 289 86 18
0 26 0 22 255 91 0 26 255 91 22
0 31 0 27 212 96 0 31 212 96 27
0 21 0 24 184 96 0 21 184 96 24
0 34 0 31 143 95 0 34 143 95 31
0 23 0 29 112 108 0 23 112 108 29
0 28 0 22 87 108 0 28 87 108 22
0 33 0 18 58 94 0 33 58 94 18
0 20 0 19 28 100 0 20 28 100 19
0 20 0 22 7 105 0 20 7 105 22
0 16 0 19 0 88 0 16 0 88 19
0 21 0 14 6 90 0 21 6 90 14
0 34 0 13 21 81 0 34 21 81 13
0 34 0 13 31 84 0 34 31 84 13
0 27 0 21 42 83 0 27 42 83 21
0 32 0 24 53 89 0 32 53 89 24
0 26 0 39 55 98 0 26 55 98 39
0 20 0 48 64 98 0 20 64 98 48
0 23 0 48 76 94 0 23 76 94 48
0 35 0 42 84 87 0 35 84 87 42
0 28 0 43 95 76 0 28 95 76 43
0 28 0 34 107 76 0 28 107 76 34
0 22 0 28 131 66 0 22 131 66 28
0 32 0 3 144 78 0 32 144 78 3
0 28 0 0 143 81 0 28 143 81 0
0 32 0 2 143 71 0 32 143 71 2
0 34 0 6 151 78 0 34 151 78 6
0 24 0 0 150 78 0 24 150 78 0
0 17 0 0 161 71 0 17 161 71 0
0 27 0 6 168 85 0 27 168 85 6
0 23 0 0 173 86 0 23 173 86 0
0 24 0 2 185 74 0 24 185 74 2
0 28 0 2 201 79 0 28 201 79 2
0 19 0 0 202 86 0 19 202 86 0
0 15 0 0 209 77 0 15 209 77 0
0 36 0 8 211 80 0 36 211 80 8
0 24 0 0 215 87 0 24 215 87 0
0 24 0 1 219 89 0 24 219 89 1
0 26 0 7 224 89 0 26 224 89 7
0 29 0 0 233 87 0 29 233 87 0
0 26 0 0 240 86 0 26 240 86 0
0 26 0 6 245 90 0 26 245 90 6
0 38 0 0 238 93 0 38 238 93 0
0 26 0 3 244 91 0 26 244 91 3
0 21 0 0 254 103 0 21 254 103 0
0 22 0 3 261 101 0 22 261 101 3
0 37 0 0 266 89 0 37 266 89 0
0 31 0 2 272 89 0 31 272 89 2
0 28 0 2 273 100 0 28 273 100 2
0 33 0 1 280 86 0 33 280 86 1
0 26 0 4 282 101 0 26 282 101 4
0 37 0 1 284 109 0 37 284 109 1
0 29 0 0 298 95 0 29 298 95 0
0 31 0 1 303 105 0 31 303 105 1
0 32 0 1 309 105 0 32 309 105 1
0 30 0 0 314 101 0 30 314 101 0
0 34 0 0 325 103 0 34 325 103 0
0 47 0 4 327 97 0 47 327 97 4
0 36 0 0 341 91 0 36 341 91 0
0 38 0 5 352 83 0 38 352 83 5
0 42 0 12 363 75 0 42 363 75 12
0 43 0 4 378 72 0 43 378 72 4
0 45 0 0 387 75 0 45 387 75 0
0 41 0 0 393 81 0 41 393 81 0
0 55 0 1 408 76 0 55 408 76 1
0 51 0 0 423 77 0 51 423 77 0
0 45 0 0 434 78 0 45 434 78 0
0 50 0 2 425 90 0 50 425 90 2
0 40 0 0 423 95 0 40 423 95 0
0 21 0 3 431 101 0 21 431 101 3
0 31 0 0 442 99 0 31 442 99 0
0 23 0 0 451 101 0 23 451 101 0
0 27 0 2 454 93 0 27 454 93 2
0 27 0 1 460 93 0 27 460 93 1
0 20 0 0 465 105 0 20 465 105 0
0 29 0 1 465 112 0 29 465 112 1
0 30 0 1 475 107 0 30 475 107 1
0 17 0 0 481 105 0 17 481 105 0
0 0 0 0 468 104 0 0 468 104 0
0 0 0 0 464 83 0 0 464 83 0
0 0 0 0 442 63 0 0 442 63 0
0 0 0 2 421 52 0 0 421 52 2
0 0 0 1 425 35 0 0 425 35 1
0 1 0 2 428 38 0 1 428 38 2
0 10 0 1 434 41 0 10 434 41 1
0 15 0 10 433 52 0 15 433 52 10
0 23 0 4 443 58 0 23 443 58 4
0 26 0 0 435 70 0 26 435 70 0
0 19 0 0 446 74 0 19 446 74 0
0 15 0 5 453 87 0 15 453 87 5
0 24 0 4 449 105 0 24 449 105 4
0 19 0 0 446 118 0 19 446 118 0
0 25 0 0 416 112 0 25 416 112 0
0 21 0 0 383 111 0 21 383 111 0
0 17 0 4 384 120 0 17 384 120 4
0 27 0 0 392 115 0 27 392 115 0
0 29 0 3 397 116 0 29 397 116 3
0 24 0 11 411 114 0 24 411 114 11
0 36 0 8 421 105 0 36 421 105 8
0 38 0 6 439 94 0 38 439 94 6
0 44 0 4 442 89 0 44 442 89 4
0 37 0 1 453 84 0 37 453 84 1
0 42 0 5 453 94 0 42 453 94 5
0 41 0 8 459 100 0 41 459 100 8
0 40 0 6 434 101 0 40 434 101 6
0 48 0 7 402 96 0 48 402 96 7
0 49 0 0 365 103 0 49 365 103 0
0 39 0 9 371 96 0 39 371 96 9
0 46 0 9 365 108 0 46 365 108 9
0 36 0 12 364 111 0 36 364 111 12
0 21 0 12 371 111 0 21 371 111 12
0 32 0 9 354 116 0 32 354 116 9
0 31 0 3 318 120 0 31 318 120 3
0 32 0 1 281 114 0 32 281 114 1
0 31 0 4 247 114 0 31 247 114 4
0 36 0 8 245 118 0 36 245 118 8
0 34 0 4 248 112 0 34 248 112 4
0 33 0 6 247 113 0 33 247 113 6
0 37 0 9 257 108 0 37 257 108 9
0 45 0 6 254 102 0 45 254 102 6
0 29 0 8 259 96 0 29 259 96 8
0 36 0 2 252 107 0 36 252 107 2
0 38 0 7 250 105 0 38 250 105 7
0 45 0 1 251 109 0 45 251 109 1
0 44 0 11 248 116 0 44 248 116 11
0 41 0 2 265 119 0 41 265 119 2
0 40 0 5 268 113 0 40 268 113 5
0 47 0 0 266 113 0 47 266 113 0
0 52 0 2 270 116 0 52 270 116 2
0 48 0 2 281 109 0 48 281 109 2
0 48 0 5 293 95 0 48 293 95 5
0 43 0 5 302 97 0 43 302 97 5
0 24 0 4 304 96 0 24 304 96 4
0 14 0 5 302 102 0 14 302 102 5
0 25 0 7 308 103 0 25 308 103 7
0 24 0 5 321 109 0 24 321 109 5
0 30 0 1 314 106 0 30 314 106 1
0 18 0 8 326 99 0 18 326 99 8
0 19 0 9 330 96 0 19 330 96 9
0 35 0 11 314 101 0 35 314 101 11
0 33 0 1 326 99 0 33 326 99 1
0 32 0 2 319 114 0 32 319 114 2
0 26 0 2 330 117 0 26 330 117 2
0 30 0 4 325 129 0 30 325 129 4
0 35 0 9 323 131 0 35 323 131 9
0 35 0 10 339 119 0 35 339 119 10
0 33 0 9 356 104 0 33 356 104 9
0 41 0 2 350 93 0 41 350 93 2
0 32 0 0 340 93 0 32 340 93 0
0 38 0 6 341 94 0 38 341 94 6
0 35 0 10 351 99 0 35 351 99 10
0 33 0 5 349 115 0 33 349 115 5
0 39 0 3 354 114 0 39 354 114 3
0 34 0 5 350 118 0 34 350 118 5
0 33 0 16 348 112 0 33 348 112 16
0 25 0 18 363 118 0 25 363 118 18
0 31 0 19 370 118 0 31 370 118 19
0 34 0 15 361 110 0 34 361 110 15
0 49 0 12 359 103 0 49 359 103 12
0 34 0 25 362 89 0 34 362 89 25
0 31 0 23 370 89 0 31 370 89 23
0 34 0 31 366 89 0 34 366 89 31
0 31 0 28 365 94 0 31 365 94 28
0 32 0 31 360 104 0 32 360 104 31
0 28 0 28 368 116 0 28 368 116 28
0 46 0 13 374 117 0 46 374 117 13
0 39 0 3 365 123 0 39 365 123 3
0 35 0 10 377 114 0 35 377 114 10
0 37 0 18 370 116 0 37 370 116 18
0 31 0 24 376 111 0 31 376 111 24
0 32 0 34 373 106 0 32 373 106 34
0 41 0 32 379 103 0 41 379 103 32
0 39 0 17 385 108 0 39 385 108 17
0 36 0 6 382 103 0 36 382 103 6
0 42 0 9 376 108 0 42 376 108 9
0 37 0 14 370 117 0 37 370 117 14
0 45 0 15 368 121 0 45 368 121 15
0 45 0 10 378 121 0 45 378 121 10
0 32 0 15 389 121 0 32 389 121 15
0 36 0 13 379 122 0 36 379 122 13
0 38 0 22 378 117 0 38 378 117 22
0 41 0 19 387 115 0 41 387 115 19
0 44 0 12 387 122 0 44 387 122 12
0 43 0 13 372 125 0 43 372 125 13
0 47 0 8 377 119 0 47 377 119 8
0 44 0 21 383 120 0 44 383 120 21
0 43 0 23 388 108 0 43 388 108 23
0 38 0 28 395 102 0 38 395 102 28
0 41 0 23 389 102 0 41 389 102 23
0 38 0 17 386 108 0 38 386 108 17
0 36 0 25 392 109 0 36 392 109 25
0 35 0 39 393 111 0 35 393 111 39
0 50 0 42 383 112 0 50 383 112 42
0 38 0 42 386 109 0 38 386 109 42
0 47 0 27 385 112 0 47 385 112 27
0 46 0 27 392 111 0 46 392 111 27
0 47 0 14 388 122 0 47 388 122 14
0 41 0 15 393 138 0 41 393 138 15
0 35 0 18 386 124 0 35 386 124 18
0 30 0 24 387 127 0 30 387 127 24
0 29 0 24 390 122 0 29 390 122 24
0 28 0 26 396 110 0 28 396 110 26
0 37 0 18 397 104 0 37 397 104 18
0 36 0 22 389 103 0 36 389 103 22
0 29 0 24 390 107 0 29 390 107 24
0 40 0 23 396 112 0 40 396 112 23
0 28 0 21 397 118 0 28 397 118 21
0 44 0 12 389 125 0 44 389 125 12
0 43 0 28 386 120 0 43 386 120 28
0 40 0 19 394 126 0 40 394 126 19
0 39 0 22 396 121 0 39 396 121 22
0 46 0 16 389 113 0 46 389 113 16
0 44 0 26 394 112 0 44 394 112 26
0 42 0 26 390 114 0 42 390 114 26
0 36 0 30 393 115 0 36 393 115 30
0 15 0 39 399 115 0 15 399 115 39
0 12 0 35 408 121 0 12 408 121 35
0 26 0 28 394 125 0 26 394 125 28
0 23 0 20 405 120 0 23 405 120 20
0 32 0 18 398 113 0 32 398 113 18
0 35 0 16 392 118 0 35 392 118 16
0 24 0 12 400 122 0 24 400 122 12
0 30 0 17 398 123 0 30 398 123 17
0 22 0 30 390 132 0 22 390 132 30
0 29 0 40 393 123 0 29 393 123 40
0 31 0 36 407 118 0 31 407 118 36
0 31 0 19 407 124 0 31 407 124 19
0 36 0 5 402 128 0 36 402 128 5
0 31 0 6 406 121 0 31 406 121 6
0 31 0 17 414 119 0 31 414 119 17
0 20 0 31 409 132 0 20 409 132 31
0 38 0 27 409 122 0 38 409 122 27
0 37 0 18 406 120 0 37 406 120 18
0 32 0 14 412 123 0 32 412 123 14
0 37 0 21 422 118 0 37 422 118 21
0 42 0 19 425 103 0 42 425 103 19
0 31 0 32 417 97 0 31 417 97 32
0 40 0 33 417 85 0 40 417 85 33
0 32 0 45 421 85 0 32 421 85 45
0 37 0 26 422 92 0 37 422 92 26
0 33 0 35 420 99 0 33 420 99 35
0 33 0 29 418 110 0 33 418 110 29
0 36 0 34 431 111 0 36 431 111 34
0 37 0 22 427 122 0 37 427 122 22
0 34 0 28 428 121 0 34 428 121 28
0 32 0 31 434 125 0 32 434 125 31
0 36 0 34 436 120 0 36 436 120 34
0 35 0 39 429 127 0 35 429 127 39
0 35 0 31 430 136 0 35 430 136 31
0 33 0 28 441 138 0 33 441 138 28
0 36 0 20 453 140 0 36 453 140 20
0 36 0 29 446 135 0 36 446 135 29
0 31 0 38 453 130 0 31 453 130 38
0 36 0 38 454 122 0 36 454 122 38
0 34 0 33 459 119 0 34 459 119 33
0 30 0 36 470 107 0 30 470 107 36
0 29 0 50 461 114 0 29 461 114 50
0 42 0 41 461 116 0 42 461 116 41
0 37 0 40 465 119 0 37 465 119 40
0 40 0 35 472 115 0 40 472 115 35
0 25 0 42 482 121 0 25 482 121 42
0 29 0 34 494 125 0 29 494 125 34
0 40 0 12 492 119 0 40 492 119 12
0 29 0 0 492 113 0 29 492 113 0
0 38 0 1 493 111 0 38 493 111 1
0 36 0 6 504 108 0 36 504 108 6
0 20 0 0 517 100 0 20 517 100 0
0 31 0 1 516 95 0 31 516 95 1
0 30 0 6 518 113 0 30 518 113 6
0 40 0 0 523 107 0 40 523 107 0
0 39 0 1 534 92 0 39 534 92 1
0 33 0 0 547 98 0 33 547 98 0
0 18 0 0 551 100 0 18 551 100 0
0 28 0 2 544 104 0 28 544 104 2
0 32 0 8 559 109 0 32 559 109 8
0 35 0 0 561 114 0 35 561 114 0
0 38 0 2 566 118 0 38 566 118 2
0 48 0 2 569 114 0 48 569 114 2
0 41 0 0 570 111 0 41 570 111 0
0 48 0 0 575 108 0 48 575 108 0
0 49 0 10 586 108 0 49 586 108 10
0 34 0 1 601 110 0 34 601 110 1
0 42 0 0 605 114 0 42 605 114 0
0 59 0 0 601 119 0 59 601 119 0
0 51 0 0 608 121 0 51 608 121 0
0 52 0 0 620 121 0 52 620 121 0
0 46 0 0 626 116 0 46 626 116 0
0 41 0 0 631 110 0 41 631 110 0
0 30 0 11 631 109 0 30 631 109 11
0 30 0 3 643 120 0 30 643 120 3
0 27 0 0 651 126 0 27 651 126 0
0 30 0 2 655 127 0 30 655 127 2
0 44 0 1 667 117 0 44 667 117 1
0 27 0 0 681 114 0 27 681 114 0
0 37 0 0 687 104 0 37 687 104 0
0 38 0 6 693 113 0 38 693 113 6
0 48 0 1 702 111 0 48 702 111 1
0 45 0 1 698 111 0 45 698 111 1
0 46 0 3 714 114 0 46 714 114 3
0 40 0 1 725 117 0 40 725 117 1
0 37 0 0 732 112 0 37 732 112 0
0 38 0 6 741 121 0 38 741 121 6
0 51 0 0 751 125 0 51 751 125 0
0 49 0 2 746 128 0 49 746 128 2
0 52 0 1 748 134 0 52 748 134 1
0 40 0 1 758 133 0 40 758 133 1
0 34 0 0 768 124 0 34 768 124 0
0 31 0 3 783 125 0 31 783 125 3
0 36 0 0 793 112 0 36 793 112 0
0 17 0 0 809 107 0 17 809 107 0
0 26 0 2 816 111 0 26 816 111 2
0 20 0 10 833 109 0 20 833 109 10
0 28 0 0 841 110 0 28 841 110 0
0 25 0 4 857 117 0 25 857 117 4
0 33 0 1 867 122 0 33 867 122 1
0 29 0 1 878 121 0 29 878 121 1
0 29 0 8 881 124 0 29 881 124 8
0 38 0 2 887 129 0 38 887 129 2
0 34 0 0 889 133 0 34 889 133 0
0 40 0 0 893 139 0 40 893 139 0
0 34 0 3 904 136 0 34 904 136 3
0 30 0 2 917 136 0 30 917 136 2
0 42 0 5 922 120 0 42 922 120 5
0 41 0 7 928 126 0 41 928 126 7
0 44 0 1 935 120 0 44 935 120 1
0 31 0 8 952 104 0 31 952 104 8
0 37 0 5 966 113 0 37 966 113 5
0 40 0 8 972 118 0 40 972 118 8
0 37 0 1 979 123 0 37 979 123 1
0 36 0 1 985 135 0 36 985 135 1
0 38 0 6 999 132 0 38 999 132 6
0 34 0 7 1000 134 0 34 1000 134 7
0 41 0 10 999 134 0 41 999 134 10
0 45 0 1 999 124 0 45 999 124 1
0 47 0 2 992 130 0 47 992 130 2
0 46 0 5 997 131 0 46 997 131 5
0 44 0 3 1000 130 0 44 1000 130 3
0 31 0 1 1000 128 0 31 1000 128 1
0 36 0 1 998 132 0 36 998 132 1
0 19 0 11 999 134 0 19 999 134 11
0 23 0 10 999 143 0 23 999 143 10
0 26 0 0 999 152 0 26 999 152 0
0 27 0 3 999 132 0 27 999 132 3
0 20 0 1 1000 132 0 20 1000 132 1
0 30 0 10 1000 121 0 30 1000 121 10
0 30 0 0 998 119 0 30 998 119 0
0 24 0 3 997 122 0 24 997 122 3
0 29 0 1 999 127 0 29 999 127 1
0 22 0 4 999 129 0 22 999 129 4
0 24 0 9 999 145 0 24 999 145 9
0 36 0 0 999 140 0 36 999 140 0
0 38 0 1 1000 129 0 38 1000 129 1
0 28 0 13 1000 132 0 28 1000 132 13
0 36 0 11 998 125 0 36 998 125 11
0 30 0 2 1000 130 0 30 1000 130 2
0 30 0 4 1000 140 0 30 1000 140 4
0 30 0 5 1000 148 0 30 1000 148 5
0 31 0 12 981 152 0 31 981 152 12
0 42 0 12 946 134 0 42 946 134 12
0 37 0 5 915 137 0 37 915 137 5
0 42 0 1 874 140 0 42 874 140 1
0 38 0 0 840 141 0 38 840 141 0
0 32 0 17 809 135 0 32 809 135 17
0 38 0 18 775 140 0 38 775 140 18
0 46 0 13 743 127 0 46 743 127 13
0 36 0 1 752 135 0 36 752 135 1
0 36 0 0 754 125 0 36 754 125 0
0 34 0 4 739 137 0 34 739 137 4
0 37 0 8 747 145 0 37 747 145 8
0 36 0 2 751 142 0 36 751 142 2
0 39 0 3 741 146 0 39 741 146 3
0 31 0 11 753 142 0 31 753 142 11
0 41 0 2 749 144 0 41 749 144 2
0 45 0 0 746 133 0 45 746 133 0
0 40 0 1 741 131 0 40 741 131 1
0 37 0 9 750 130 0 37 750 130 9
0 39 0 4 739 133 0 39 739 133 4
0 32 0 7 748 133 0 32 748 133 7
0 37 0 4 754 140 0 37 754 140 4
0 41 0 2 748 145 0 41 748 145 2
0 45 0 2 748 133 0 45 748 133 2
0 43 0 4 743 128 0 43 743 128 4
0 36 0 11 747 132 0 36 747 132 11
0 29 0 15 742 140 0 29 742 140 15
0 34 0 5 748 151 0 34 748 151 5
0 42 0 7 745 149 0 42 745 149 7
0 36 0 5 742 152 0 36 742 152 5
0 37 0 19 749 143 0 37 749 143 19
0 41 0 26 743 130 0 41 743 130 26
0 41 0 29 737 124 0 41 737 124 29
0 45 0 22 706 118 0 45 706 118 22
0 37 0 10 718 124 0 37 718 124 10
0 36 0 13 730 132 0 36 730 132 13
0 42 0 18 736 138 0 42 736 138 18
0 44 0 19 739 146 0 44 739 146 19
0 43 0 13 744 150 0 43 744 150 13
0 35 0 10 752 154 0 35 752 154 10
0 41 0 14 757 156 0 41 757 156 14
0 26 0 27 772 147 0 26 772 147 27
0 23 0 20 780 144 0 23 780 144 20
0 23 0 12 792 145 0 23 792 145 12
0 30 0 11 804 132 0 30 804 132 11
0 19 0 26 811 134 0 19 811 134 26
0 30 0 24 827 138 0 30 827 138 24
0 28 0 23 838 133 0 28 838 133 23
0 33 0 10 849 131 0 33 849 131 10
0 36 0 18 855 136 0 36 855 136 18
0 32 0 15 860 142 0 32 860 142 15
0 39 0 19 872 141 0 39 872 141 19
0 40 0 21 872 139 0 40 872 139 21
0 40 0 25 874 141 0 40 874 141 25
0 28 0 22 895 145 0 28 895 145 22
0 36 0 10 878 150 0 36 878 150 10
0 44 0 19 850 144 0 44 850 144 19
0 40 0 32 812 147 0 40 812 147 32
0 36 0 34 786 142 0 36 786 142 34
0 30 0 23 759 136 0 30 759 136 23
0 38 0 23 718 140 0 38 718 140 23
0 38 0 24 687 149 0 38 687 149 24
0 41 0 25 658 151 0 41 658 151 25
0 43 0 17 631 142 0 43 631 142 17
0 36 0 13 609 144 0 36 609 144 13
0 45 0 8 577 141 0 45 577 141 8
0 36 0 14 556 133 0 36 556 133 14
0 36 0 18 532 132 0 36 532 132 18
0 31 0 32 503 135 0 31 503 135 32
0 40 0 32 502 134 0 40 502 134 32
0 39 0 27 502 146 0 39 502 146 27
0 44 0 22 500 152 0 44 500 152 22
0 45 0 16 498 159 0 45 498 159 16
0 44 0 13 506 169 0 44 506 169 13
0 44 0 13 512 165 0 44 512 165 13
0 48 0 18 518 170 0 48 518 170 18
0 43 0 12 535 154 0 43 535 154 12
0 39 0 10 539 153 0 39 539 153 10
0 39 0 15 547 155 0 39 547 155 15
0 47 0 23 535 153 0 47 535 153 23
0 37 0 27 549 149 0 37 549 149 27
0 39 0 29 561 147 0 39 561 147 29
0 46 0 31 558 144 0 46 558 144 31
0 46 0 29 555 138 0 46 555 138 29
0 40 0 36 550 149 0 40 550 149 36
0 48 0 28 556 153 0 48 556 153 28
0 42 0 32 555 152 0 42 555 152 32
0 48 0 16 559 148 0 48 559 148 16
0 36 0 35 558 141 0 36 558 141 35
0 35 0 19 561 144 0 35 561 144 19
0 46 0 26 543 151 0 46 543 151 26
0 32 0 16 545 154 0 32 545 154 16
0 46 0 18 544 155 0 46 544 155 18
0 38 0 28 542 151 0 38 542 151 28
0 40 0 30 535 148 0 40 535 148 30
0 46 0 26 530 145 0 46 530 145 26
0 49 0 16 514 145 0 49 514 145 16
0 44 0 20 491 151 0 44 491 151 20
0 39 0 29 458 155 0 39 458 155 29
0 31 0 28 433 152 0 31 433 152 28
0 12 0 25 413 154 0 12 413 154 25
0 17 0 21 376 157 0 17 376 157 21
0 31 0 28 331 169 0 31 331 169 28
0 33 0 21 303 162 0 33 303 162 21
0 35 0 21 269 160 0 35 269 160 21
0 37 0 13 243 154 0 37 243 154 13
0 33 0 22 209 151 0 33 209 151 22
0 33 0 16 179 142 0 33 179 142 16
0 37 0 22 142 147 0 37 142 147 22
0 42 0 23 112 151 0 42 112 151 23
0 35 0 26 78 160 0 35 78 160 26
0 40 0 25 43 151 0 40 43 151 25
0 45 0 30 4 153 0 45 4 153 30
0 29 0 25 0 143 0 29 0 143 25
0 27 0 4 0 140 0 27 0 140 4
0 16 0 0 0 141 0 16 0 141 0
0 11 0 5 3 117 0 11 3 117 5
0 5 0 15 0 111 0 5 0 111 15
0 10 0 20 0 109 0 10 0 109 20
0 15 0 13 2 107 0 15 2 107 13
0 13 0 7 0 113 0 13 0 113 7
0 13 0 12 0 130 0 13 0 130 12
0 22 0 14 14 140 0 22 14 140 14
0 28 0 20 29 153 0 28 29 153 20
0 40 0 27 41 153 0 40 41 153 27
0 45 0 40 48 147 0 45 48 147 40
0 43 0 44 62 144 0 43 62 144 44
0 51 0 29 70 151 0 51 70 151 29
0 46 0 24 82 148 0 46 82 148 24
0 44 0 29 91 151 0 44 91 151 29
0 43 0 33 95 158 0 43 95 158 33
0 38 0 31 109 148 0 38 109 148 31
0 20 0 24 120 151 0 20 120 151 24
0 25 0 33 133 142 0 25 133 142 33
0 26 0 33 143 140 0 26 143 140 33
0 28 0 31 149 142 0 28 149 142 31
0 26 0 22 171 147 0 26 171 147 22
0 33 0 28 180 144 0 33 180 144 28
0 30 0 30 183 159 0 30 183 159 30
0 27 0 44 148 155 0 27 148 155 44
0 31 0 43 152 157 0 31 152 157 43
0 38 0 42 154 152 0 38 154 152 42
0 42 0 28 151 151 0 42 151 151 28
0 30 0 35 146 147 0 30 146 147 35
0 35 0 38 152 148 0 35 152 148 38
0 49 0 33 146 151 0 49 146 151 33
0 41 0 28 151 156 0 41 151 156 28
0 46 0 26 160 149 0 46 160 149 26
0 39 0 28 157 159 0 39 157 159 28
0 36 0 30 161 156 0 36 161 156 30
0 44 0 43 144 161 0 44 144 161 43
0 41 0 46 151 169 0 41 151 169 46
0 48 0 41 166 156 0 48 166 156 41
0 42 0 34 170 153 0 42 170 153 34
0 40 0 28 169 155 0 40 169 155 28
0 42 0 27 174 156 0 42 174 156 27
0 42 0 20 184 151 0 42 184 151 20
0 34 0 0 175 162 0 34 175 162 0
0 31 0 7 175 149 0 31 175 149 7
0 43 0 3 180 137 0 43 180 137 3
0 39 0 0 194 136 0 39 194 136 0
0 42 0 0 171 139 0 42 171 139 0
0 46 0 0 171 143 0 46 171 143 0
0 40 0 0 184 142 0 40 184 142 0
0 44 0 1 187 141 0 44 187 141 1
0 45 0 1 195 136 0 45 195 136 1
0 43 0 7 197 130 0 43 197 130 7
0 45 0 1 194 130 0 45 194 130 1
0 46 0 3 200 128 0 46 200 128 3
0 46 0 2 199 132 0 46 199 132 2
0 40 0 1 202 134 0 40 202 134 1
0 38 0 4 210 136 0 38 210 136 4
0 44 0 1 215 138 0 44 215 138 1
0 44 0 0 204 149 0 44 204 149 0
0 37 0 0 206 144 0 37 206 144 0
0 40 0 10 213 141 0 40 213 141 10
0 48 0 2 215 151 0 48 215 151 2
0 38 0 0 215 147 0 38 215 147 0
0 50 0 3 210 135 0 50 210 135 3
0 38 0 10 210 149 0 38 210 149 10
0 51 0 1 208 149 0 51 208 149 1
0 38 0 4 213 145 0 38 213 145 4
0 36 0 4 218 156 0 36 218 156 4
0 24 0 2 229 154 0 24 229 154 2
0 17 0 4 222 147 0 17 222 147 4
0 14 0 4 227 153 0 14 227 153 4
0 25 0 0 231 149 0 25 231 149 0
0 28 0 3 224 143 0 28 224 143 3
0 36 0 3 217 140 0 36 217 140 3
0 24 0 1 231 140 0 24 231 140 1
0 16 0 0 236 139 0 16 236 139 0
0 26 0 1 227 153 0 26 227 153 1
0 42 0 0 217 154 0 42 217 154 0
0 35 0 0 219 155 0 35 219 155 0
0 30 0 6 228 160 0 30 228 160 6
0 45 0 0 221 158 0 45 221 158 0
0 41 0 0 228 148 0 41 228 148 0
0 44 0 3 228 138 0 44 228 138 3
0 40 0 7 222 144 0 40 222 144 7
0 32 0 5 232 143 0 32 232 143 5
0 37 0 0 227 148 0 37 227 148 0
0 33 0 1 237 158 0 33 237 158 1
0 49 0 4 232 156 0 49 232 156 4
0 40 0 0 231 154 0 40 231 154 0
0 50 0 1 225 148 0 50 225 148 1
0 39 0 3 226 148 0 39 226 148 3
0 41 0 1 232 150 0 41 232 150 1
0 51 0 0 230 155 0 51 230 155 0
0 39 0 2 235 150 0 39 235 150 2
0 37 0 6 234 153 0 37 234 153 6
0 39 0 0 233 150 0 39 233 150 0
0 22 0 5 229 146 0 22 229 146 5
0 28 0 5 229 150 0 28 229 150 5
0 23 0 6 232 152 0 23 232 152 6
0 29 0 5 230 148 0 29 230 148 5
0 23 0 1 237 149 0 23 237 149 1
0 35 0 0 237 146 0 35 237 146 0
0 28 0 0 232 149 0 28 232 149 0
0 27 0 3 237 148 0 27 237 148 3
0 30 0 4 240 142 0 30 240 142 4
0 36 0 3 243 140 0 36 243 140 3
0 42 0 0 236 136 0 42 236 136 0
0 27 0 0 242 142 0 27 242 142 0
0 37 0 1 231 152 0 37 231 152 1
0 44 0 0 228 148 0 44 228 148 0
0 36 0 0 245 150 0 36 245 150 0
0 41 0 6 241 151 0 41 241 151 6
0 39 0 8 235 146 0 39 235 146 8
0 30 0 3 241 150 0 30 241 150 3
0 33 0 6 239 158 0 33 239 158 6
0 40 0 3 236 170 0 40 236 170 3
0 40 0 2 233 178 0 40 233 178 2
0 41 0 3 243 173 0 41 243 173 3
0 45 0 0 242 166 0 45 242 166 0
0 39 0 5 247 160 0 39 247 160 5
0 43 0 9 240 146 0 43 240 146 9
0 46 0 14 230 147 0 46 230 147 14
0 50 0 7 240 151 0 50 240 151 7
0 42 0 3 237 150 0 42 237 150 3
0 40 0 3 234 167 0 40 234 167 3
0 38 0 12 246 163 0 38 246 163 12
0 23 0 2 259 159 0 23 259 159 2
0 26 0 1 254 157 0 26 254 157 1
0 28 0 2 231 149 0 28 231 149 2
0 33 0 6 234 147 0 33 234 147 6
0 29 0 13 244 156 0 29 244 156 13
0 31 0 6 249 167 0 31 249 167 6
0 21 0 0 267 167 0 21 267 167 0
0 26 0 5 251 168 0 26 251 168 5
0 31 0 2 264 170 0 31 264 170 2
0 26 0 0 266 170 0 26 266 170 0
0 41 0 4 256 164 0 41 256 164 4
0 32 0 18 257 163 0 32 257 163 18
0 35 0 23 256 157 0 35 256 157 23
0 35 0 12 274 150 0 35 274 150 12
0 40 0 1 275 151 0 40 275 151 1
0 40 0 3 268 152 0 40 268 152 3
0 46 0 5 268 151 0 46 268 151 5
0 34 0 19 269 161 0 34 269 161 19
0 39 0 16 272 163 0 39 272 163 16
0 47 0 30 269 159 0 47 269 159 30
0 39 0 22 279 164 0 39 279 164 22
0 43 0 8 298 160 0 43 298 160 8
0 42 0 1 294 152 0 42 294 152 1
0 42 0 9 289 152 0 42 289 152 9
0 40 0 21 294 155 0 40 294 155 21
0 49 0 12 293 154 0 49 293 154 12
0 48 0 6 297 161 0 48 297 161 6
0 46 0 8 298 165 0 46 298 165 8
0 49 0 13 296 170 0 49 296 170 13
0 49 0 12 306 167 0 49 306 167 12
0 44 0 7 311 168 0 44 311 168 7
0 49 0 3 320 161 0 49 320 161 3
0 43 0 7 327 160 0 43 327 160 7
0 41 0 14 330 143 0 41 330 143 14
0 27 0 18 323 140 0 27 323 140 18
0 25 0 7 339 141 0 25 339 141 7
0 29 0 1 337 144 0 29 337 144 1
0 27 0 4 338 154 0 27 338 154 4
0 24 0 16 348 166 0 24 348 166 16
0 32 0 5 353 169 0 32 353 169 5
0 31 0 5 359 173 0 31 359 173 5
0 41 0 2 356 166 0 41 356 166 2
0 29 0 19 364 159 0 29 364 159 19
0 35 0 22 368 154 0 35 368 154 22
0 32 0 26 373 159 0 32 373 159 26
0 29 0 20 381 167 0 29 381 167 20
0 33 0 7 398 180 0 33 398 180 7
0 35 0 9 405 178 0 35 405 178 9
0 46 0 2 408 169 0 46 408 169 2
0 36 0 10 406 170 0 36 406 170 10
0 35 0 13 407 173 0 35 407 173 13
0 48 0 16 409 171 0 48 409 171 16
0 37 0 12 422 181 0 37 422 181 12
0 51 0 3 427 184 0 51 427 184 3
0 41 0 10 444 163 0 41 444 163 10
0 45 0 16 443 165 0 45 443 165 16
0 45 0 21 440 159 0 45 440 159 21
0 32 0 9 450 160 0 32 450 160 9
0 22 0 13 469 151 0 22 469 151 13
0 20 0 14 487 147 0 20 487 147 14
0 21 0 11 496 149 0 21 496 149 11
0 31 0 14 484 156 0 31 484 156 14
0 29 0 10 496 155 0 29 496 155 10
0 25 0 5 504 172 0 25 504 172 5
0 21 0 12 512 179 0 21 512 179 12
0 30 0 13 526 173 0 30 526 173 13
0 24 0 23 529 175 0 24 529 175 23
0 36 0 16 532 172 0 36 532 172 16
0 36 0 19 544 162 0 36 544 162 19
0 20 0 18 553 167 0 20 553 167 18
0 30 0 21 557 170 0 30 557 170 21
0 27 0 28 567 168 0 27 567 168 28
0 35 0 28 576 166 0 35 576 166 28
0 36 0 29 582 162 0 36 582 162 29
0 32 0 24 592 160 0 32 592 160 24
0 35 0 19 597 165 0 35 597 165 19
0 36 0 18 596 173 0 36 596 173 18
0 36 0 19 603 178 0 36 603 178 19
0 30 0 18 616 184 0 30 616 184 18
0 28 0 18 625 181 0 28 625 181 18
0 34 0 29 625 182 0 34 625 182 29
0 31 0 24 633 185 0 31 633 185 24
0 33 0 27 638 186 0 33 638 186 27
0 28 0 22 647 183 0 28 647 183 22
0 26 0 24 664 181 0 26 664 181 24
0 32 0 12 679 185 0 32 679 185 12
0 37 0 9 687 177 0 37 687 177 9
0 31 0 16 698 177 0 31 698 177 16
0 31 0 18 707 177 0 31 707 177 18
0 39 0 17 714 175 0 39 714 175 17
0 35 0 12 720 178 0 35 720 178 12
0 38 0 25 724 173 0 38 724 173 25
0 37 0 30 726 170 0 37 726 170 30
0 36 0 22 734 171 0 36 734 171 22
0 30 0 23 738 181 0 30 738 181 23
0 28 0 21 753 178 0 28 753 178 21
0 31 0 30 769 173 0 31 769 173 30
0 39 0 24 779 166 0 39 779 166 24
0 36 0 27 791 152 0 36 791 152 27
0 28 0 28 799 153 0 28 799 153 28
0 24 0 45 802 158 0 24 802 158 45
0 31 0 43 807 166 0 31 807 166 43
0 33 0 34 818 181 0 33 818 181 34
0 39 0 26 816 190 0 39 816 190 26
0 35 0 29 820 181 0 35 820 181 29
0 33 0 39 833 175 0 33 833 175 39
0 28 0 38 843 173 0 28 843 173 38
0 33 0 35 852 166 0 33 852 166 35
0 31 0 31 861 179 0 31 861 179 31
0 39 0 28 866 183 0 39 866 183 28
0 34 0 41 879 172 0 34 879 172 41
0 33 0 42 895 170 0 33 895 170 42
0 28 0 45 901 172 0 28 901 172 45
0 35 0 36 906 165 0 35 906 165 36
0 33 0 36 925 173 0 33 925 173 36
0 37 0 27 938 183 0 37 938 183 27
0 35 0 27 956 182 0 35 956 182 27
0 39 0 30 964 174 0 39 964 174 30
0 44 0 38 969 173 0 44 969 173 38
0 48 0 44 968 170 0 48 968 170 44
0 42 0 46 975 173 0 42 975 173 46
0 50 0 38 990 168 0 50 990 168 38
0 40 0 30 998 167 0 40 998 167 30
0 49 0 23 999 167 0 49 999 167 23
0 36 0 25 998 162 0 36 998 162 25
0 19 0 27 1000 167 0 19 1000 167 27
0 16 0 27 1000 175 0 16 1000 175 27
0 18 0 26 971 170 0 18 971 170 26
0 31 0 23 948 160 0 31 948 160 23
0 17 0 27 921 164 0 17 921 164 27
0 16 0 31 889 159 0 16 889 159 31
0 8 0 36 865 162 0 8 865 162 36
0 24 0 38 826 165 0 24 826 165 38
0 19 0 27 804 174 0 19 804 174 27
0 0 0 25 765 175 0 0 765 175 25
0 0 0 13 723 164 0 0 723 164 13
0 0 0 1 692 156 0 0 692 156 1
0 0 0 0 677 152 0 0 677 152 0
0 0 0 0 678 141 0 0 678 141 0
0 0 0 15 676 135 0 0 676 135 15
0 9 0 16 682 143 0 9 682 143 16
0 11 0 27 692 149 0 11 692 149 27
0 29 0 22 689 157 0 29 689 157 22
0 30 0 28 696 163 0 30 696 163 28
0 25 0 26 683 178 0 25 683 178 26
0 26 0 40 681 180 0 26 681 180 40
0 31 0 43 699 175 0 31 699 175 43
0 33 0 40 694 175 0 33 694 175 40
0 34 0 35 682 177 0 34 682 177 35
0 23 0 44 694 176 0 23 694 176 44
0 37 0 49 683 169 0 37 683 169 49
0 40 0 47 680 176 0 40 680 176 47
0 38 0 25 654 173 0 38 654 173 25
0 39 0 2 627 164 0 39 627 164 2
0 32 0 0 589 154 0 32 589 154 0
0 41 0 3 553 164 0 41 553 164 3
0 52 0 7 521 158 0 52 521 158 7
0 48 0 2 478 152 0 48 478 152 2
0 42 0 3 453 160 0 42 453 160 3
0 55 0 0 417 158 0 55 417 158 0
0 49 0 0 379 152 0 49 379 152 0
0 50 0 4 342 157 0 50 342 157 4
0 53 0 1 309 157 0 53 309 157 1
0 39 0 0 269 144 0 39 269 144 0
0 21 0 0 240 149 0 21 240 149 0
0 37 0 2 206 151 0 37 206 151 2
0 38 0 2 163 139 0 38 163 139 2
0 31 0 0 136 140 0 31 136 140 0
0 38 0 13 101 145 0 38 101 145 13
0 36 0 1 66 145 0 36 66 145 1
0 38 0 1 25 158 0 38 25 158 1
0 38 0 1 0 159 0 38 0 159 1
0 22 0 1 0 147 0 22 0 147 1
0 19 0 5 6 150 0 19 6 150 5
0 29 0 7 12 146 0 29 12 146 7
0 35 0 3 23 147 0 35 23 147 3
0 32 0 2 29 163 0 32 29 163 2
0 39 0 1 36 173 0 39 36 173 1
0 49 0 0 47 176 0 49 47 176 0
0 35 0 3 51 186 0 35 51 186 3
0 41 0 0 55 187 0 41 55 187 0
0 54 0 8 63 181 0 54 63 181 8
0 49 0 4 71 176 0 49 71 176 4
0 55 0 13 74 168 0 55 74 168 13
0 41 0 11 84 160 0 41 84 160 11
0 35 0 0 100 167 0 35 100 167 0
0 29 0 3 107 175 0 29 107 175 3
0 23 0 4 111 177 0 23 111 177 4
0 30 0 4 116 186 0 30 116 186 4
0 30 0 5 124 174 0 30 124 174 5
0 24 0 1 142 172 0 24 142 172 1
0 28 0 0 152 170 0 28 152 170 0
0 26 0 3 163 167 0 26 163 167 3
0 39 0 0 162 164 0 39 162 164 0
0 33 0 1 160 175 0 33 160 175 1
0 28 0 7 149 183 0 28 149 183 7
0 39 0 0 153 186 0 39 153 186 0
0 37 0 9 156 187 0 37 156 187 9
0 46 0 1 159 184 0 46 159 184 1
0 32 0 7 166 175 0 32 166 175 7
0 44 0 1 172 162 0 44 172 162 1
0 42 0 2 165 153 0 42 165 153 2
0 46 0 1 160 151 0 46 160 151 1
0 42 0 10 162 150 0 42 162 150 10
0 42 0 4 160 155 0 42 160 155 4
0 41 0 6 167 153 0 41 167 153 6
0 37 0 5 169 160 0 37 169 160 5
0 41 0 1 172 163 0 41 172 163 1
0 42 0 0 168 160 0 42 168 160 0
0 47 0 7 161 154 0 47 161 154 7
0 41 0 4 161 160 0 41 161 160 4
0 35 0 4 168 160 0 35 168 160 4
0 39 0 4 154 169 0 39 154 169 4
0 29 0 6 159 170 0 29 159 170 6
0 16 0 3 163 173 0 16 163 173 3
0 23 0 2 157 178 0 23 157 178 2
0 24 0 1 161 187 0 24 161 187 1
0 21 0 4 155 202 0 21 155 202 4
0 17 0 10 154 212 0 17 154 212 10
0 32 0 0 162 204 0 32 162 204 0
0 33 0 0 161 200 0 33 161 200 0
0 25 0 0 139 197 0 25 139 197 0
0 26 0 10 108 183 0 26 108 183 10
0 30 0 3 74 183 0 30 74 183 3
0 29 0 1 44 176 0 29 44 176 1
0 27 0 8 13 180 0 27 13 180 8
0 21 0 8 0 182 0 21 0 182 8
0 10 0 1 0 160 0 10 0 160 1
0 3 0 1 1 143 0 3 1 143 1
0 4 0 1 0 126 0 4 0 126 1
0 2 0 0 0 112 0 2 0 112 0
0 3 0 1 0 97 0 3 0 97 1
0 2 0 1 3 96 0 2 3 96 1
0 0 0 0 0 95 0 0 0 95 0
0 8 0 2 7 91 0 8 7 91 2
0 24 0 6 7 92 0 24 7 92 6
0 38 0 0 24 94 0 38 24 94 0
0 36 0 4 37 101 0 36 37 101 4
0 41 0 0 49 114 0 41 49 114 0
0 38 0 13 60 120 0 38 60 120 13
0 48 0 4 68 129 0 48 68 129 4
0 45 0 2 79 139 0 45 79 139 2
0 39 0 3 92 142 0 39 92 142 3
0 39 0 9 100 155 0 39 100 155 9
0 40 0 14 122 154 0 40 122 154 14
0 38 0 9 122 172 0 38 122 172 9
0 38 0 3 128 181 0 38 128 181 3
0 37 0 2 132 185 0 37 132 185 2
0 40 0 4 128 189 0 40 128 189 4
0 44 0 7 132 190 0 44 132 190 7
0 36 0 4 137 187 0 36 137 187 4
0 42 0 11 123 183 0 42 123 183 11
0 51 0 7 118 192 0 51 118 192 7
0 40 0 8 131 189 0 40 131 189 8
0 38 0 8 134 195 0 38 134 195 8
0 39 0 9 135 194 0 39 135 194 9
0 33 0 7 138 185 0 33 138 185 7
0 15 0 6 150 179 0 15 150 179 6
0 31 0 0 148 184 0 31 148 184 0
0 18 0 5 147 183 0 18 147 183 5
0 9 0 7 155 183 0 9 155 183 7
0 18 0 13 160 186 0 18 160 186 13
0 31 0 1 150 194 0 31 150 194 1
0 31 0 6 144 195 0 31 144 195 6
0 39 0 10 149 184 0 39 149 184 10
0 30 0 13 159 183 0 30 159 183 13
0 32 0 9 157 181 0 32 157 181 9
0 32 0 9 166 177 0 32 166 177 9
0 35 0 10 167 175 0 35 167 175 10
0 37 0 11 158 180 0 37 158 180 11
0 35 0 16 165 179 0 35 165 179 16
0 37 0 15 169 187 0 37 169 187 15
0 39 0 15 165 184 0 39 165 184 15
0 38 0 18 173 179 0 38 173 179 18
0 40 0 13 178 176 0 40 178 176 13
0 39 0 10 182 176 0 39 182 176 10
0 35 0 2 174 181 0 35 174 181 2
0 39 0 7 183 182 0 39 183 182 7
0 37 0 14 176 189 0 37 176 189 14
0 42 0 15 181 192 0 42 181 192 15
0 38 0 8 185 194 0 38 185 194 8
0 35 0 8 184 194 0 35 184 194 8
0 45 0 10 182 196 0 45 182 196 10
0 32 0 17 188 202 0 32 188 202 17
0 43 0 11 187 198 0 43 187 198 11
0 48 0 3 194 195 0 48 194 195 3
0 43 0 7 189 186 0 43 189 186 7
0 41 0 16 187 189 0 41 187 189 16
0 43 0 20 189 188 0 43 189 188 20
0 42 0 18 190 199 0 42 190 199 18
0 48 0 3 197 195 0 48 197 195 3
0 48 0 10 190 192 0 48 190 192 10
0 48 0 3 209 179 0 48 209 179 3
0 45 0 1 213 178 0 45 213 178 1
0 17 0 13 208 171 0 17 208 171 13
0 20 0 20 202 172 0 20 202 172 20
0 27 0 31 201 174 0 27 201 174 31
0 21 0 24 203 178 0 21 203 178 24
0 27 0 22 216 179 0 27 216 179 22
0 34 0 20 221 164 0 34 221 164 20
0 28 0 20 210 166 0 28 210 166 20
0 29 0 31 208 161 0 29 208 161 31
0 28 0 35 209 176 0 28 209 176 35
0 37 0 34 206 176 0 37 206 176 34
0 38 0 25 218 179 0 38 218 179 25
0 32 0 26 225 190 0 32 225 190 26
0 41 0 15 228 186 0 41 228 186 15
0 39 0 10 228 178 0 39 228 178 10
0 37 0 13 223 184 0 37 223 184 13
0 41 0 15 236 180 0 41 236 180 15
0 42 0 12 236 183 0 42 236 183 12
0 33 0 9 248 185 0 33 248 185 9
0 37 0 22 248 181 0 37 248 181 22
0 38 0 22 251 184 0 38 251 184 22
0 40 0 17 250 190 0 40 250 190 17
0 34 0 13 264 189 0 34 264 189 13
0 38 0 13 263 201 0 38 263 201 13
0 37 0 23 263 207 0 37 263 207 23
0 35 0 27 274 199 0 35 274 199 27
0 36 0 28 282 203 0 36 282 203 28
0 42 0 21 284 198 0 42 284 198 21
0 40 0 13 292 198 0 40 292 198 13
0 46 0 20 300 189 0 46 300 189 20
0 37 0 13 305 194 0 37 305 194 13
0 46 0 19 300 200 0 46 300 200 19
0 39 0 21 306 195 0 39 306 195 21
0 42 0 19 310 211 0 42 310 211 19
0 35 0 25 322 217 0 35 322 217 25
0 45 0 18 332 211 0 45 332 211 18
0 42 0 20 337 209 0 42 337 209 20
0 45 0 24 341 204 0 45 341 204 24
0 40 0 33 347 198 0 40 347 198 33
0 45 0 42 359 182 0 45 359 182 42
0 39 0 33 367 185 0 39 367 185 33
0 42 0 25 376 194 0 42 376 194 25
0 34 0 14 389 203 0 34 389 203 14
0 42 0 18 398 205 0 42 398 205 18
0 37 0 26 414 205 0 37 414 205 26
0 38 0 32 421 196 0 38 421 196 32
0 36 0 40 424 185 0 36 424 185 40
0 46 0 45 415 180 0 46 415 180 45
0 46 0 44 415 192 0 46 415 192 44
0 46 0 28 429 191 0 46 429 191 28
0 42 0 24 450 183 0 42 450 183 24
0 36 0 18 462 190 0 36 462 190 18
0 41 0 13 486 177 0 41 486 177 13
0 42 0 21 483 181 0 42 483 181 21
0 52 0 22 484 183 0 52 484 183 22
0 37 0 30 498 187 0 37 498 187 30
0 42 0 29 509 188 0 42 509 188 29
0 45 0 29 520 198 0 45 520 198 29
0 50 0 26 526 196 0 50 526 196 26
0 48 0 26 539 187 0 48 539 187 26
0 47 0 32 546 185 0 47 546 185 32
0 43 0 30 559 183 0 43 559 183 30
0 30 0 30 566 182 0 30 566 182 30
0 24 0 31 573 188 0 24 573 188 31
0 25 0 39 579 194 0 25 579 194 39
0 29 0 32 594 195 0 29 594 195 32
0 30 0 32 602 191 0 30 602 191 32
0 25 0 29 613 191 0 25 613 191 29
0 28 0 41 618 195 0 28 618 195 41
0 30 0 44 624 201 0 30 624 201 44
0 34 0 40 634 198 0 34 634 198 40
0 39 0 34 637 199 0 39 637 199 34
0 34 0 27 655 199 0 34 655 199 27
0 36 0 28 666 203 0 36 666 203 28
0 39 0 24 684 195 0 39 684 195 24
0 37 0 26 693 197 0 37 693 197 26
0 45 0 30 696 201 0 45 696 201 30
0 35 0 26 716 196 0 35 716 196 26
0 46 0 32 725 192 0 46 725 192 32
0 33 0 39 733 202 0 33 733 202 39
0 38 0 45 746 197 0 38 746 197 45
0 47 0 38 753 193 0 47 753 193 38
0 51 0 39 754 200 0 51 754 200 39
0 38 0 36 766 208 0 38 766 208 36
0 47 0 32 775 200 0 47 775 200 32
0 36 0 34 789 195 0 36 789 195 34
0 26 0 35 802 185 0 26 802 185 35
0 16 0 36 815 189 0 16 815 189 36
0 16 0 28 830 198 0 16 830 198 28
0 28 0 24 842 199 0 28 842 199 24
0 23 0 36 840 213 0 23 840 213 36
0 23 0 45 846 215 0 23 846 215 45
0 19 0 49 856 219 0 19 856 219 49
0 27 0 41 864 219 0 27 864 219 41
0 31 0 32 874 224 0 31 874 224 32
0 31 0 24 891 212 0 31 891 212 24
0 28 0 15 905 215 0 28 905 215 15
0 28 0 20 922 207 0 28 922 207 20
0 27 0 24 934 207 0 27 934 207 24
0 27 0 40 941 209 0 27 941 209 40
0 32 0 47 950 203 0 32 950 203 47
0 33 0 48 955 198 0 33 955 198 48
0 29 0 46 959 201 0 29 959 201 46
0 26 0 39 978 200 0 26 978 200 39
0 29 0 41 986 200 0 29 986 200 41
0 32 0 24 999 205 0 32 999 205 24
0 27 0 8 999 201 0 27 999 201 8
0 24 0 1 1000 188 0 24 1000 188 1
0 33 0 2 997 188 0 33 997 188 2
0 30 0 0 999 188 0 30 999 188 0
0 19 0 2 998 184 0 19 998 184 2
0 32 0 4 1000 189 0 32 1000 189 4
0 32 0 4 999 196 0 32 999 196 4
0 28 0 1 997 193 0 28 997 193 1
0 34 0 4 998 192 0 34 998 192 4
0 32 0 2 1000 189 0 32 1000 189 2
0 28 0 0 998 183 0 28 998 183 0
0 35 0 3 989 176 0 35 989 176 3
0 31 0 5 955 173 0 31 955 173 5
0 35 0 1 912 171 0 35 912 171 1
0 28 0 4 887 170 0 28 887 170 4
0 28 0 1 866 171 0 28 866 171 1
0 25 0 0 833 172 0 25 833 172 0
0 32 0 3 802 165 0 32 802 165 3
0 31 0 0 769 177 0 31 769 177 0
0 28 0 0 738 173 0 28 738 173 0
0 27 0 7 708 177 0 27 708 177 7
0 30 0 6 709 184 0 30 709 184 6
0 37 0 1 698 187 0 37 698 187 1
0 36 0 2 696 186 0 36 696 186 2
0 34 0 9 692 201 0 34 692 201 9
0 28 0 8 709 195 0 28 709 195 8
0 36 0 3 716 177 0 36 716 177 3
0 26 0 3 719 176 0 26 719 176 3
0 37 0 0 707 173 0 37 707 173 0
0 31 0 0 710 173 0 31 710 173 0
0 32 0 6 709 181 0 32 709 181 6
0 38 0 2 706 186 0 38 706 186 2
0 40 0 1 702 188 0 40 702 188 1
0 32 0 3 707 187 0 32 707 187 3
0 38 0 1 709 185 0 38 709 185 1
0 41 0 1 700 190 0 41 700 190 1
0 32 0 4 706 192 0 32 706 192 4
0 44 0 0 711 178 0 44 711 178 0
0 35 0 5 683 178 0 35 683 178 5
0 31 0 2 663 173 0 31 663 173 2
0 31 0 6 638 178 0 31 638 178 6
0 40 0 1 606 176 0 40 606 176 1
0 36 0 2 582 179 0 36 582 179 2
0 44 0 1 550 184 0 44 550 184 1
0 44 0 1 521 184 0 44 521 184 1
0 40 0 2 489 189 0 40 489 189 2
0 49 0 0 455 192 0 49 455 192 0
0 40 0 3 428 197 0 40 428 197 3
0 46 0 2 395 204 0 46 395 204 2
0 52 0 8 365 196 0 52 365 196 8
0 54 0 2 330 198 0 54 330 198 2
0 49 0 0 302 198 0 49 302 198 0
0 53 0 0 275 190 0 53 275 190 0
0 44 0 4 246 191 0 44 246 191 4
0 22 0 6 218 199 0 22 218 199 6
0 29 0 4 182 193 0 29 182 193 4
0 36 0 15 148 193 0 36 148 193 15
0 33 0 9 120 201 0 33 120 201 9
0 43 0 7 86 192 0 43 86 192 7
0 40 0 1 53 185 0 40 53 185 1
0 36 0 3 18 194 0 36 18 194 3
0 43 0 0 0 194 0 43 0 194 0
0 33 0 0 0 163 0 33 0 163 0
0 40 0 10 5 169 0 40 5 169 10
0 46 0 17 16 169 0 46 16 169 17
0 53 0 6 24 161 0 53 24 161 6
0 50 0 1 31 171 0 50 31 171 1
0 45 0 6 40 175 0 45 40 175 6
0 41 0 9 50 185 0 41 50 185 9
0 48 0 2 56 192 0 48 56 192 2
0 38 0 3 64 186 0 38 64 186 3
0 28 0 4 73 181 0 28 73 181 4
0 32 0 2 78 193 0 32 78 193 2
0 28 0 1 90 180 0 28 90 180 1
0 27 0 0 100 185 0 27 100 185 0
0 20 0 10 105 198 0 20 105 198 10
0 28 0 1 114 213 0 28 114 213 1
0 35 0 3 121 209 0 35 121 209 3
0 30 0 3 123 216 0 30 123 216 3
0 42 0 8 125 218 0 42 125 218 8
0 25 0 18 137 197 0 25 137 197 18
0 35 0 18 142 197 0 35 142 197 18
0 37 0 20 154 198 0 37 154 198 20
0 41 0 4 160 188 0 41 160 188 4
0 36 0 0 173 192 0 36 173 192 0
0 22 0 1 191 204 0 22 191 204 1
0 36 0 3 198 201 0 36 198 201 3
0 34 0 5 210 208 0 34 210 208 5
0 48 0 1 214 211 0 48 214 211 1
0 36 0 4 221 208 0 36 221 208 4
0 37 0 2 235 206 0 37 235 206 2
0 25 0 10 255 207 0 25 255 207 10
0 32 0 2 268 208 0 32 268 208 2
0 30 0 3 281 213 0 30 281 213 3
0 36 0 2 288 216 0 36 288 216 2
0 37 0 10 299 214 0 37 299 214 10
0 33 0 17 311 213 0 33 311 213 17
0 42 0 12 292 204 0 42 292 204 12
0 38 0 4 275 199 0 38 275 199 4
0 45 0 0 274 200 0 45 274 200 0
0 38 0 4 268 198 0 38 268 198 4
0 49 0 4 273 203 0 49 273 203 4
0 29 0 5 283 210 0 29 283 210 5
0 41 0 5 292 198 0 41 292 198 5
0 43 0 16 282 197 0 43 282 197 16
0 37 0 10 287 199 0 37 287 199 10
0 38 0 1 300 198 0 38 300 198 1
0 35 0 2 265 207 0 35 265 207 2
0 33 0 4 245 211 0 33 245 211 4
0 34 0 16 251 220 0 34 251 220 16
0 39 0 13 256 226 0 39 256 226 13
0 36 0 5 271 225 0 36 271 225 5
0 38 0 2 277 230 0 38 277 230 2
0 40 0 2 294 217 0 40 294 217 2
0 33 0 8 318 206 0 33 318 206 8
0 39 0 8 312 207 0 39 312 207 8
0 44 0 3 283 191 0 44 283 191 3
0 32 0 6 257 191 0 32 257 191 6
0 44 0 9 234 201 0 44 234 201 9
0 49 0 14 238 199 0 49 238 199 14
0 25 0 11 243 194 0 25 243 194 11
0 31 0 23 243 196 0 31 243 196 23
0 47 0 22 242 199 0 47 242 199 22
0 41 0 12 237 205 0 41 237 205 12
0 42 0 9 197 212 0 42 197 212 9
0 43 0 15 166 209 0 43 166 209 15
0 45 0 11 160 211 0 45 160 211 11
0 42 0 11 171 207 0 42 171 207 11
0 46 0 6 169 197 0 46 169 197 6
0 47 0 15 156 202 0 47 156 202 15
0 48 0 17 148 211 0 48 148 211 17
0 35 0 23 172 200 0 35 172 200 23
0 33 0 19 172 210 0 33 172 210 19
0 47 0 18 157 217 0 47 157 217 18
0 45 0 15 161 214 0 45 161 214 15
0 52 0 15 168 214 0 52 168 214 15
0 46 0 12 176 220 0 46 176 220 12
0 51 0 8 188 220 0 51 188 220 8
0 42 0 4 189 215 0 42 189 215 4
0 22 0 6 196 216 0 22 196 216 6
0 17 0 7 196 216 0 17 196 216 7
0 29 0 0 201 216 0 29 201 216 0
0 30 0 0 196 222 0 30 196 222 0
0 38 0 3 201 222 0 38 201 222 3
0 35 0 19 196 210 0 35 196 210 19
0 41 0 16 209 205 0 41 209 205 16
0 39 0 18 207 200 0 39 207 200 18
0 39 0 12 213 196 0 39 213 196 12
0 38 0 19 211 197 0 38 211 197 19
0 26 0 19 217 205 0 26 217 205 19
0 32 0 16 224 210 0 32 224 210 16
0 48 0 12 214 212 0 48 214 212 12
0 43 0 17 211 214 0 43 211 214 17
0 43 0 18 220 217 0 43 220 217 18
0 45 0 19 221 214 0 45 221 214 19
0 47 0 22 215 206 0 47 215 206 22
0 44 0 24 224 215 0 44 224 215 24
0 49 0 30 215 213 0 49 215 213 30
0 53 0 34 210 213 0 53 210 213 34
0 50 0 32 217 202 0 50 217 202 32
0 38 0 36 220 205 0 38 220 205 36
0 42 0 19 230 200 0 42 230 200 19
0 30 0 29 237 191 0 30 237 191 29
0 29 0 21 231 199 0 29 231 199 21
0 26 0 27 230 204 0 26 230 204 27
0 18 0 30 235 212 0 18 235 212 30
0 27 0 38 239 204 0 27 239 204 38
0 36 0 40 247 198 0 36 247 198 40
0 23 0 25 251 200 0 23 251 200 25
0 32 0 15 240 201 0 32 240 201 15
0 26 0 11 247 206 0 26 247 206 11
0 41 0 17 236 216 0 41 236 216 17
0 28 0 20 237 228 0 28 237 228 20
0 38 0 14 245 226 0 38 245 226 14
0 32 0 17 250 221 0 32 250 221 17
0 29 0 15 248 228 0 29 248 228 15
0 34 0 29 242 218 0 34 242 218 29
0 35 0 31 249 215 0 35 249 215 31
0 41 0 36 248 214 0 41 248 214 36
0 42 0 28 245 207 0 42 245 207 28
0 42 0 20 245 210 0 42 245 210 20
0 42 0 17 241 209 0 42 241 209 17
0 31 0 20 256 212 0 31 256 212 20
0 41 0 26 249 208 0 41 249 208 26
0 35 0 27 248 211 0 35 248 211 27
0 39 0 32 247 207 0 39 247 207 32
0 41 0 32 244 204 0 41 244 204 32
0 40 0 38 243 210 0 40 243 210 38
0 45 0 31 250 203 0 45 250 203 31
0 34 0 36 246 210 0 34 246 210 36
0 34 0 35 248 205 0 34 248 205 35
0 37 0 39 251 207 0 37 251 207 39
0 31 0 32 255 206 0 31 255 206 32
0 36 0 37 251 206 0 36 251 206 37
0 43 0 37 248 195 0 43 248 195 37
0 37 0 45 253 191 0 37 253 191 45
0 31 0 49 246 191 0 31 246 191 49
0 42 0 50 247 189 0 42 247 189 50
0 49 0 40 242 190 0 49 242 190 40
0 46 0 28 241 199 0 46 241 199 28
0 39 0 26 249 192 0 39 249 192 26
0 40 0 20 244 206 0 40 244 206 20
0 27 0 0 240 212 0 27 240 212 0
0 13 0 1 237 198 0 13 237 198 1
0 21 0 9 240 203 0 21 240 203 9
0 28 0 1 249 203 0 28 249 203 1
0 18 0 0 242 181 0 18 242 181 0
0 22 0 1 245 183 0 22 245 183 1
0 15 0 1 252 201 0 15 252 201 1
0 13 0 1 239 205 0 13 239 205 1
0 17 0 5 240 212 0 17 240 212 5
0 21 0 0 248 235 0 21 248 235 0
0 20 0 0 246 218 0 20 246 218 0
0 35 0 4 250 205 0 35 250 205 4
0 41 0 2 256 197 0 41 256 197 2
0 23 0 0 258 174 0 23 258 174 0
0 27 0 0 250 173 0 27 250 173 0
0 40 0 1 258 178 0 40 258 178 1
0 26 0 1 246 182 0 26 246 182 1
0 28 0 1 246 200 0 28 246 200 1
0 36 0 11 249 210 0 36 249 210 11
0 38 0 0 245 212 0 38 245 212 0
0 33 0 3 248 212 0 33 248 212 3
0 36 0 0 257 213 0 36 257 213 0
0 35 0 0 253 200 0 35 253 200 0
0 34 0 4 254 199 0 34 254 199 4
0 30 0 0 261 214 0 30 261 214 0
0 39 0 1 251 204 0 39 251 204 1
0 42 0 3 255 201 0 42 255 201 3
0 42 0 6 269 199 0 42 269 199 6
0 36 0 0 265 188 0 36 265 188 0
0 41 0 0 257 185 0 41 257 185 0
0 38 0 4 266 188 0 38 266 188 4
0 40 0 1 266 191 0 40 266 191 1
0 37 0 2 261 197 0 37 261 197 2
0 33 0 3 275 204 0 33 275 204 3
0 34 0 0 282 198 0 34 282 198 0
0 34 0 4 288 192 0 34 288 192 4
0 39 0 5 282 189 0 39 282 189 5
0 35 0 0 288 187 0 35 288 187 0
0 31 0 4 272 190 0 31 272 190 4
0 42 0 3 278 195 0 42 278 195 3
0 29 0 0 296 201 0 29 296 201 0
0 44 0 2 283 198 0 44 283 198 2
0 44 0 5 285 195 0 44 285 195 5
0 36 0 4 297 190 0 36 297 190 4
0 42 0 3 292 196 0 42 292 196 3
0 30 0 3 298 205 0 30 298 205 3
0 35 0 5 295 206 0 35 295 206 5
0 42 0 1 307 204 0 42 307 204 1
0 33 0 10 314 203 0 33 314 203 10
0 45 0 6 310 202 0 45 310 202 6
0 38 0 1 310 201 0 38 310 201 1
0 35 0 2 325 184 0 35 325 184 2
0 36 0 0 338 192 0 36 338 192 0
0 38 0 1 329 200 0 38 329 200 1
0 34 0 0 328 199 0 34 328 199 0
0 44 0 8 338 192 0 44 338 192 8
0 40 0 1 340 210 0 40 340 210 1
0 42 0 2 338 198 0 42 338 198 2
0 43 0 4 341 198 0 43 341 198 4
0 36 0 15 345 205 0 36 345 205 15
0 34 0 12 359 206 0 34 359 206 12
0 29 0 1 368 208 0 29 368 208 1
0 16 0 3 376 206 0 16 376 206 3
0 24 0 4 372 202 0 24 372 202 4
0 24 0 9 373 206 0 24 373 206 9
0 21 0 2 389 206 0 21 389 206 2
0 30 0 2 385 209 0 30 385 209 2
0 28 0 8 391 211 0 28 391 211 8
0 27 0 2 413 206 0 27 413 206 2
0 28 0 0 412 207 0 28 412 207 0
0 32 0 0 407 201 0 32 407 201 0
0 38 0 14 402 205 0 38 402 205 14
0 39 0 9 404 215 0 39 404 215 9
0 39 0 1 409 221 0 39 409 221 1
0 28 0 5 412 228 0 28 412 228 5
0 32 0 7 429 223 0 32 429 223 7
0 42 0 0 444 219 0 42 444 219 0
0 34 0 2 452 214 0 34 452 214 2
0 35 0 1 472 197 0 35 472 197 1
0 47 0 9 471 193 0 47 471 193 9
0 47 0 0 481 187 0 47 481 187 0
0 42 0 3 490 186 0 42 490 186 3
0 43 0 2 493 190 0 43 493 190 2
0 37 0 8 497 198 0 37 497 198 8
0 47 0 13 495 206 0 47 495 206 13
0 32 0 17 511 211 0 32 511 211 17
0 36 0 21 521 209 0 36 521 209 21
0 39 0 12 525 223 0 39 525 223 12
0 43 0 8 535 219 0 43 535 219 8
0 40 0 4 546 223 0 40 546 223 4
0 45 0 0 555 219 0 45 555 219 0
0 39 0 3 566 221 0 39 566 221 3
0 36 0 1 575 227 0 36 575 227 1
0 46 0 1 577 229 0 46 577 229 1
0 50 0 2 588 221 0 50 588 221 2
0 44 0 3 595 220 0 44 595 220 3
0 28 0 1 606 229 0 28 606 229 1
0 32 0 0 621 220 0 32 621 220 0
0 19 0 3 633 218 0 19 633 218 3
0 22 0 2 645 230 0 22 645 230 2
0 24 0 2 651 226 0 24 651 226 2
0 28 0 0 669 213 0 28 669 213 0
0 24 0 3 681 212 0 24 681 212 3
0 33 0 7 692 212 0 33 692 212 7
0 33 0 1 708 206 0 33 708 206 1
0 34 0 1 709 203 0 34 709 203 1
0 33 0 11 707 211 0 33 707 211 11
0 26 0 17 721 213 0 26 721 213 17
0 30 0 17 724 222 0 30 724 222 17
0 32 0 13 737 227 0 32 737 227 13
0 34 0 12 741 232 0 34 741 232 12
0 41 0 4 746 243 0 41 746 243 4
0 34 0 0 763 239 0 34 763 239 0
0 41 0 7 764 227 0 41 764 227 7
0 35 0 2 780 238 0 35 780 238 2
0 33 0 7 788 232 0 33 788 232 7
0 45 0 1 795 233 0 45 795 233 1
0 42 0 8 805 233 0 42 805 233 8
0 40 0 12 821 218 0 40 821 218 12
0 39 0 4 840 217 0 39 840 217 4
0 41 0 10 845 213 0 41 845 213 10
0 30 0 3 862 223 0 30 862 223 3
0 34 0 16 869 229 0 34 869 229 16
0 39 0 6 885 234 0 39 885 234 6
0 50 0 2 898 237 0 50 898 237 2
0 39 0 0 902 235 0 39 902 235 0
0 41 0 7 914 231 0 41 914 231 7
0 43 0 14 918 233 0 43 918 233 14
0 42 0 7 933 230 0 42 933 230 7
0 36 0 9 949 229 0 36 949 229 9
0 38 0 14 953 231 0 38 953 231 14
0 44 0 13 965 228 0 44 965 228 13
0 39 0 10 979 221 0 39 979 221 10
0 49 0 0 990 225 0 49 990 225 0
0 39 0 6 1000 227 0 39 1000 227 6
0 45 0 3 997 225 0 45 997 225 3
0 38 0 12 997 228 0 38 997 228 12
0 42 0 6 998 241 0 42 998 241 6
0 39 0 5 998 248 0 39 998 248 5
0 41 0 8 1000 242 0 41 1000 242 8
0 41 0 12 998 245 0 41 998 245 12
0 40 0 18 994 237 0 40 994 237 18
0 49 0 23 998 229 0 49 998 229 23
0 48 0 24 998 222 0 48 998 222 24
0 41 0 14 1000 228 0 41 1000 228 14
0 48 0 12 999 212 0 48 999 212 12
0 47 0 7 1000 215 0 47 1000 215 7
0 37 0 22 1000 211 0 37 1000 211 22
0 19 0 26 999 214 0 19 999 214 26
0 9 0 24 1000 223 0 9 1000 223 24
0 15 0 20 999 228 0 15 999 228 20
0 11 0 19 999 234 0 11 999 234 19
0 18 0 22 997 250 0 18 997 250 22
0 21 0 25 1000 249 0 21 1000 249 25
0 33 0 19 997 245 0 33 997 245 19
0 23 0 20 999 240 0 23 999 240 20
0 12 0 21 999 244 0 12 999 244 21
0 15 0 25 999 234 0 15 999 234 25
0 27 0 22 999 228 0 27 999 228 22
0 33 0 21 1000 227 0 33 1000 227 21
0 35 0 20 997 230 0 35 997 230 20
0 37 0 22 997 221 0 37 997 221 22
0 40 0 15 995 221 0 40 995 221 15
0 39 0 22 986 220 0 39 986 220 22
0 41 0 22 977 224 0 41 977 224 22
0 46 0 25 988 212 0 46 988 212 25
0 44 0 1 1000 221 0 44 1000 221 1
0 40 0 1 994 225 0 40 994 225 1
0 39 0 4 967 228 0 39 967 228 4
0 43 0 12 933 227 0 43 933 227 12
0 45 0 17 891 232 0 45 891 232 17
0 38 0 21 862 232 0 38 862 232 21
0 38 0 25 832 234 0 38 832 234 25
0 36 0 18 802 232 0 36 802 232 18
0 24 0 19 767 233 0 24 767 233 19
0 14 0 17 774 241 0 14 774 241 17
0 22 0 22 768 245 0 22 768 245 22
0 26 0 29 766 239 0 26 766 239 29
0 18 0 32 779 237 0 18 779 237 32
0 30 0 31 771 231 0 30 771 231 31
0 25 0 22 779 226 0 25 779 226 22
0 26 0 15 782 228 0 26 782 228 15
0 27 0 1 783 236 0 27 783 236 1
0 33 0 10 764 237 0 33 764 237 10
0 37 0 21 761 232 0 37 761 232 21
0 24 0 34 770 235 0 24 770 235 34
0 28 0 38 768 230 0 28 768 230 38
0 35 0 32 771 221 0 35 771 221 32
0 30 0 32 772 222 0 30 772 222 32
0 26 0 30 770 227 0 26 770 227 30
0 37 0 23 774 228 0 37 774 228 23
0 25 0 20 778 235 0 25 778 235 20
0 37 0 12 776 239 0 37 776 239 12
0 30 0 20 775 238 0 30 775 238 20
0 24 0 26 776 240 0 24 776 240 26
0 24 0 34 779 235 0 24 779 235 34
0 35 0 35 774 228 0 35 774 228 35
0 32 0 28 782 228 0 32 782 228 28
0 30 0 15 778 229 0 30 778 229 15
0 29 0 18 775 221 0 29 775 221 18
0 29 0 32 788 220 0 29 788 220 32
0 31 0 40 793 221 0 31 793 221 40
0 31 0 38 809 218 0 31 809 218 38
0 33 0 26 816 219 0 33 816 219 26
0 36 0 22 820 228 0 36 820 228 22
0 25 0 27 827 239 0 25 827 239 27
0 17 0 35 844 240 0 17 844 240 35
0 33 0 33 851 244 0 33 851 244 33
0 33 0 30 860 243 0 33 860 243 30
0 31 0 29 864 238 0 31 864 238 29
0 30 0 36 874 230 0 30 874 230 36
0 30 0 34 869 236 0 30 869 236 34
0 24 0 32 874 236 0 24 874 236 32
0 26 0 30 854 236 0 26 854 236 30
0 31 0 31 836 234 0 31 836 234 31
0 32 0 32 825 232 0 32 825 232 32
0 33 0 27 817 223 0 33 817 223 27
0 31 0 28 802 227 0 31 802 227 28
0 24 0 27 779 227 0 24 779 227 27
0 27 0 30 762 230 0 27 762 230 30
0 44 0 23 744 232 0 44 744 232 23
0 38 0 20 710 236 0 38 710 236 20
0 30 0 23 680 236 0 30 680 236 23
0 30 0 30 654 226 0 30 654 226 30
0 33 0 27 631 226 0 33 631 226 27
0 33 0 26 637 226 0 33 637 226 26
0 31 0 30 645 226 0 31 645 226 30
0 46 0 29 654 228 0 46 654 228 29
0 36 0 31 661 224 0 36 661 224 31
0 32 0 29 675 232 0 32 675 232 29
0 35 0 31 689 235 0 35 689 235 31
0 43 0 29 691 237 0 43 691 237 29
0 41 0 36 702 232 0 41 702 232 36
0 40 0 40 716 226 0 40 716 226 40
