0.000 0.000 0.000 0.000 
20497.000 46682.000 0.000 0.000 
24228.000 57236.000 0.000 0.000 
27772.000 96329.000 0.000 202000.000 
31367.000 124823.000 362000.000 202000.000 
38262.000 128885.000 362000.000 216420.000 
44058.000 137696.000 362000.000 216420.000 
47636.000 141328.000 362000.000 229045.000 
51268.000 144848.000 378147.000 229045.000 
54842.000 148486.000 378147.000 231742.000 
58485.000 152094.000 378147.000 242157.000 
62187.000 155644.000 376879.000 233433.000 
65771.000 159372.000 381641.000 282479.000 
82734.000 170443.000 381641.000 231476.000 
98447.000 191683.000 381641.000 280297.000 
102092.000 195765.000 381426.000 342955.000 
105813.000 199348.000 432852.000 394264.000 
127749.000 215335.000 432852.000 428567.000 
155403.000 242384.000 432852.000 479666.000 
165994.000 268745.000 415891.000 540866.000 
154749.000 274825.000 455223.000 567420.000 
159107.000 279004.000 507049.000 567420.000 
192730.000 305033.000 516740.000 567420.000 
235790.000 320993.000 516740.000 567420.000 
238955.000 365028.000 476352.000 567420.000 
211796.000 405064.000 536147.000 567420.000 
192885.000 453332.000 579244.000 567420.000 
213025.000 458654.000 623600.000 567420.000 
231923.000 416285.000 671330.000 567420.000 
246019.000 347721.000 549115.000 567420.000 
233965.000 349990.000 596238.000 567420.000 
247407.000 378662.000 625160.000 567420.000 
263961.000 407213.000 674380.000 567420.000 
272062.000 422632.000 743023.000 567420.000 
272062.000 419854.000 788496.000 567420.000 
151100.000 373145.000 845424.000 567420.000 
144398.000 360041.000 883498.000 567420.000 
147215.000 344431.000 920580.000 567420.000 
149033.000 348486.000 943402.000 567420.000 
151733.000 353320.000 957044.000 567420.000 
167224.000 358129.000 957044.000 567420.000 
172772.000 362782.000 957044.000 567420.000 
161577.000 367607.000 957044.000 567420.000 
164557.000 372409.000 957044.000 567420.000 
168421.000 377093.000 957044.000 567420.000 
191923.000 381884.000 957044.000 567420.000 
201911.000 386638.000 957044.000 567420.000 
180962.000 395003.000 957044.000 567420.000 
189729.000 421193.000 957044.000 567420.000 
192039.000 441716.000 957044.000 567420.000 
185984.000 464643.000 957044.000 567420.000 
190666.000 481091.000 957044.000 567420.000 
207115.000 497022.000 957044.000 353754.000 
206941.000 479840.000 957044.000 389238.000 
192551.000 493667.000 957044.000 336212.000 
193939.000 501757.000 957044.000 356722.000 
193664.000 499378.000 957044.000 382749.000 
195834.000 509880.000 957044.000 310925.000 
204572.000 521423.000 957044.000 292942.000 
217816.000 500034.000 957044.000 314072.000 
208295.000 484426.000 957044.000 320751.000 
200285.000 482661.000 957044.000 292097.000 
200754.000 460633.000 957044.000 290396.000 
207554.000 465018.000 957044.000 303554.000 
219778.000 481560.000 540044.000 334198.000 
215200.000 494814.000 506759.000 317697.000 
203257.000 499453.000 504034.000 300232.000 
210600.000 508962.000 504034.000 291261.000 
234672.000 540296.000 504034.000 298201.000 
265528.000 547937.000 487097.000 320381.000 
292517.000 557283.000 524163.000 314683.000 
291827.000 583045.000 576496.000 303873.000 
291827.000 594488.000 633343.000 303881.000 
291827.000 618327.000 504052.000 317565.000 
195804.000 614597.000 517696.000 311345.000 
202624.000 619170.000 582201.000 296495.000 
202478.000 622322.000 614218.000 294909.000 
183125.000 655961.000 620136.000 306158.000 
180952.000 687602.000 615111.000 322872.000 
171782.000 722061.000 589507.000 336661.000 
190756.000 745876.000 521544.000 352578.000 
219400.000 763010.000 506246.000 336337.000 
230946.000 749922.000 502644.000 318476.000 
217705.000 758220.000 499878.000 303964.000 
208663.000 768527.000 507076.000 333989.000 
197480.000 763483.000 534961.000 330814.000 
212949.000 739836.000 568917.000 349608.000 
232955.000 730310.000 571685.000 330968.000 
256972.000 764317.000 569757.000 346378.000 
276685.000 768060.000 575298.000 356426.000 
265620.000 811754.000 540612.000 328289.000 
265620.000 835788.000 523225.000 336675.000 
265620.000 840313.000 499614.000 312510.000 
224554.000 872926.000 504706.000 326269.000 
179077.000 874299.000 503176.000 306014.000 
177041.000 895332.000 518572.000 315813.000 
155815.000 906961.000 513548.000 340190.000 
150082.000 903782.000 520951.000 359886.000 
162631.000 934346.000 519579.000 384797.000 
192571.000 936022.000 525260.000 388718.000 
209163.000 954950.000 542736.000 359717.000 
195013.000 963355.000 558455.000 322663.000 
173473.000 1001538.000 586883.000 298941.000 
193718.000 1003763.000 592409.000 323902.000 
221496.000 1020035.000 586034.000 339552.000 
227632.000 1053285.000 594056.000 325732.000 
218733.000 1065229.000 589069.000 315526.000 
203905.000 1103199.000 561863.000 324285.000 
183838.000 1112378.000 569150.000 333748.000 
204613.000 1124646.000 540863.000 361493.000 
216915.000 1140427.000 548727.000 343422.000 
216723.000 1169013.000 560049.000 362573.000 
226926.000 1186251.000 560456.000 360466.000 
232630.000 1222005.000 568921.000 390545.000 
239785.000 1222294.000 536327.000 409628.000 
251650.000 1223613.000 487664.000 397610.000 
226720.000 1235184.000 466205.000 403259.000 
197842.000 1244111.000 469163.000 372496.000 
214709.000 1278925.000 466249.000 374338.000 
217126.000 1301542.000 500944.000 374757.000 
208222.000 1312571.000 534517.000 374844.000 
222926.000 1327504.000 540802.000 376664.000 
238430.000 1334464.000 534741.000 381606.000 
232301.000 1377409.000 566040.000 395374.000 
223342.000 1426999.000 574618.000 355990.000 
195049.000 1460964.000 553616.000 342639.000 
181530.000 1488819.000 557021.000 310256.000 
202460.000 1518230.000 576641.000 311795.000 
194612.000 1527428.000 587496.000 340403.000 
182162.000 1567640.000 569494.000 369466.000 
171627.000 1589952.000 570526.000 390423.000 
176570.000 1627636.000 578496.000 436023.000 
201278.000 1657581.000 569148.000 458109.000 
206118.000 1691198.000 549032.000 463283.000 
210667.000 1736013.000 540649.000 448361.000 
208302.000 1761979.000 568451.000 448361.000 
175707.000 1787732.000 568288.000 448361.000 
161508.000 1812480.000 575647.000 390098.000 
175660.000 1824712.000 587687.000 339931.000 
203092.000 1855745.000 589669.000 311293.000 
208234.000 1885276.000 552213.000 306685.000 
195826.000 1911364.000 534295.000 297430.000 
201068.000 1932637.000 535352.000 291203.000 
198380.000 1917817.000 497821.000 294319.000 
190676.000 1893937.000 486709.000 296617.000 
193618.000 1925425.000 501543.000 292213.000 
186115.000 1932666.000 485501.000 302655.000 
173441.000 1972727.000 480450.000 298544.000 
202907.000 2006752.000 490869.000 293740.000 
210776.000 2001720.000 501992.000 294191.000 
186674.000 2051742.000 489441.000 294978.000 
203726.000 2075198.000 497166.000 291123.000 
217198.000 2096410.000 481561.000 320577.000 
199237.000 2119895.000 479978.000 310409.000 
204499.000 2132392.000 477502.000 291690.000 
208877.000 2162453.000 510749.000 292980.000 
205100.000 2170264.000 524875.000 300412.000 
225332.000 2186911.000 540590.000 292932.000 
214766.000 2220607.000 559580.000 291098.000 
197657.000 2249740.000 564215.000 305113.000 
206709.000 2286822.000 545008.000 300101.000 
215342.000 2334363.000 536639.000 292547.000 
225271.000 2382891.000 549697.000 296391.000 
230109.000 2431799.000 551660.000 301218.000 
232376.000 2477819.000 533454.000 297175.000 
229495.000 2538237.000 520391.000 294195.000 
235654.000 2571740.000 485261.000 292431.000 
224954.000 2601360.000 458912.000 297406.000 
255981.000 2609413.000 479825.000 291117.000 
277455.000 2609413.000 530028.000 292364.000 
295377.000 2609413.000 552825.000 290618.000 
295377.000 2609413.000 560369.000 292322.000 
295377.000 2609413.000 564511.000 300736.000 
295377.000 2609413.000 584693.000 294128.000 
260485.000 2609413.000 547507.000 291801.000 
208540.000 2609413.000 515316.000 294766.000 
231530.000 2609413.000 533492.000 293073.000 
251728.000 2609413.000 527622.000 295352.000 
239175.000 2609413.000 512876.000 307646.000 
207863.000 2609413.000 484168.000 294965.000 
197167.000 2609413.000 482198.000 292273.000 
203164.000 2609413.000 483342.000 291970.000 
225545.000 2609413.000 520755.000 290038.000 
238059.000 2609413.000 537859.000 295521.000 
248603.000 2609413.000 536144.000 304750.000 
229749.000 2609413.000 544245.000 319086.000 
217363.000 2609413.000 534770.000 297967.000 
236328.000 2609413.000 491804.000 296337.000 
251733.000 2609413.000 495444.000 297018.000 
268583.000 2609413.000 512054.000 292046.000 
294735.000 2609413.000 524268.000 301182.000 
294735.000 2609413.000 521821.000 297149.000 
294735.000 2609413.000 522817.000 292826.000 
294735.000 2609413.000 497717.000 296225.000 
201763.000 2609413.000 481581.000 304940.000 
182709.000 2609413.000 462274.000 293330.000 
177653.000 2609413.000 453714.000 292092.000 
197528.000 2609413.000 470125.000 294855.000 
199631.000 2609413.000 493249.000 297218.000 
199541.000 2609413.000 506295.000 291929.000 
216454.000 2609413.000 533687.000 292453.000 
187031.000 2609413.000 557076.000 298029.000 
185482.000 2609413.000 560655.000 300037.000 
206169.000 2609413.000 569722.000 296529.000 
215070.000 2609413.000 588184.000 300030.000 
200134.000 2609413.000 614681.000 293039.000 
204647.000 2609413.000 604924.000 290861.000 
228059.000 2609413.000 618337.000 296624.000 
235422.000 2609413.000 639629.000 329481.000 
240176.000 2609413.000 611684.000 313010.000 
229029.000 2609413.000 603369.000 293299.000 
231562.000 2609413.000 594246.000 304179.000 
216857.000 2609413.000 598518.000 331859.000 
213162.000 2609413.000 568088.000 347099.000 
231192.000 2609413.000 573464.000 298487.000 
219239.000 2609413.000 602034.000 293524.000 
211644.000 2609413.000 584444.000 298114.000 
216077.000 2609413.000 577041.000 299554.000 
208322.000 2609413.000 583011.000 292357.000 
209323.000 2609413.000 610601.000 296287.000 
241134.000 2609413.000 619060.000 302975.000 
271877.000 2609413.000 584890.000 301352.000 
279739.000 2609413.000 579550.000 296081.000 
279739.000 2609413.000 558747.000 304456.000 
279739.000 2609413.000 532665.000 302622.000 
279739.000 2609413.000 519907.000 309022.000 
158082.000 2609413.000 526983.000 296674.000 
164007.000 2609413.000 533901.000 307224.000 
175454.000 2609413.000 548499.000 295777.000 
181821.000 2609413.000 568652.000 293958.000 
199872.000 2609413.000 586183.000 298620.000 
213942.000 2609413.000 589970.000 315411.000 
202776.000 2609413.000 601348.000 319379.000 
205601.000 2609413.000 592708.000 301523.000 
214920.000 2609413.000 565977.000 302594.000 
204279.000 2609413.000 559674.000 303454.000 
178194.000 2609413.000 538250.000 293334.000 
194674.000 2609413.000 526742.000 299790.000 
197028.000 2609413.000 548917.000 304887.000 
209516.000 2609413.000 542282.000 298840.000 
212843.000 2609413.000 543731.000 291658.000 
186523.000 2609413.000 558800.000 299445.000 
209006.000 2609413.000 565797.000 309729.000 
241749.000 2609413.000 563766.000 297180.000 
275861.000 2609413.000 569777.000 296616.000 
279330.000 2609413.000 581884.000 305516.000 
273421.000 2609413.000 577434.000 322627.000 
273421.000 2609413.000 580771.000 312919.000 
198313.000 2609413.000 549609.000 316444.000 
156623.000 2609413.000 575220.000 328009.000 
174883.000 2609413.000 583699.000 355030.000 
173527.000 2609413.000 596971.000 347385.000 
135961.000 2609413.000 602111.000 334494.000 
134609.000 2609413.000 604978.000 293505.000 
160751.000 2609413.000 630305.000 318061.000 
170279.000 2609413.000 649250.000 317547.000 
175644.000 2609413.000 656864.000 337630.000 
188199.000 2609413.000 652742.000 313852.000 
186707.000 2609413.000 673353.000 310295.000 
182154.000 2609413.000 666858.000 297538.000 
154707.000 2609413.000 660286.000 294162.000 
141192.000 2299987.000 632741.000 291398.000 
143511.000 1791677.000 600211.000 292168.000 
145561.000 1104475.000 557064.000 302024.000 
145830.000 695315.000 517357.000 290799.000 
145853.000 457378.000 504277.000 275946.000 
147655.000 173242.000 471237.000 280438.000 
148198.000 149491.000 463718.000 285069.000 
148175.000 147066.000 463726.000 287667.000 
148153.000 185122.000 465291.000 307887.000 
175732.000 205939.000 473622.000 343183.000 
202785.000 258129.000 492155.000 349434.000 
177510.000 324171.000 512097.000 338907.000 
166077.000 384864.000 523998.000 315379.000 
189649.000 436185.000 542548.000 294786.000 
203377.000 497182.000 577196.000 292341.000 
184740.000 535386.000 608901.000 310698.000 
201142.000 576238.000 603771.000 310283.000 
179171.000 613186.000 622674.000 312139.000 
164750.000 670995.000 639878.000 300006.000 
162962.000 724493.000 660322.000 302376.000 
175043.000 772724.000 664796.000 323169.000 
158658.000 838657.000 651442.000 330093.000 
155132.000 860019.000 637088.000 343372.000 
171755.000 860019.000 632580.000 361782.000 
193392.000 860019.000 626991.000 334572.000 
202154.000 860019.000 653997.000 321443.000 
195543.000 860019.000 632395.000 303181.000 
197094.000 860019.000 633099.000 317422.000 
172009.000 860019.000 642494.000 318569.000 
156129.000 860019.000 647313.000 317974.000 
175249.000 860019.000 650125.000 342548.000 
208095.000 758787.000 649225.000 354197.000 
229483.000 589790.000 665039.000 354434.000 
230913.000 561647.000 676668.000 350591.000 
201964.000 567515.000 673458.000 324064.000 
173776.000 573297.000 677080.000 333912.000 
178812.000 582317.000 668140.000 350116.000 
195747.000 585026.000 663937.000 371335.000 
207814.000 579224.000 642612.000 376430.000 
235138.000 562308.000 636249.000 395115.000 
215370.000 558897.000 661546.000 390102.000 
193763.000 544578.000 648382.000 406637.000 
203678.000 529965.000 645919.000 427776.000 
216441.000 557991.000 649038.000 415926.000 
235202.000 572535.000 675737.000 386756.000 
243666.000 580418.000 698635.000 348105.000 
210463.000 623304.000 683923.000 332269.000 
189248.000 665503.000 664882.000 336206.000 
214879.000 685835.000 677833.000 336770.000 
248121.000 689538.000 694370.000 346418.000 
256431.000 689772.000 679687.000 343713.000 
239205.000 710747.000 671517.000 340454.000 
239205.000 709865.000 668373.000 342056.000 
229150.000 641737.000 685458.000 357986.000 
170669.000 651217.000 687753.000 367811.000 
184220.000 670914.000 710034.000 406743.000 
188921.000 691064.000 711218.000 397136.000 
195901.000 700421.000 703204.000 390572.000 
195663.000 690739.000 675774.000 376790.000 
203775.000 715328.000 668787.000 355753.000 
212800.000 753040.000 667512.000 349243.000 
196360.000 751323.000 658046.000 324709.000 
199395.000 749370.000 649481.000 341392.000 
217511.000 744236.000 659376.000 370644.000 
246318.000 741153.000 651635.000 385361.000 
236483.000 744181.000 641224.000 413068.000 
228763.000 772345.000 646641.000 394026.000 
236155.000 766530.000 652511.000 344669.000 
248612.000 778222.000 648082.000 318698.000 
220253.000 805245.000 652959.000 323051.000 
221640.000 817444.000 649795.000 317596.000 
217624.000 839892.000 658525.000 345215.000 
215060.000 855386.000 658002.000 354871.000 
223790.000 855764.000 655400.000 376378.000 
230505.000 873274.000 647077.000 391498.000 
226623.000 878365.000 638674.000 390060.000 
242340.000 894554.000 653712.000 364531.000 
259923.000 907683.000 673618.000 352592.000 
249927.000 900031.000 662678.000 328197.000 
249927.000 930993.000 651380.000 348456.000 
249927.000 949111.000 628185.000 335268.000 
181038.000 932090.000 625859.000 354189.000 
136383.000 957234.000 601888.000 357902.000 
142674.000 969672.000 604887.000 396686.000 
166497.000 925814.000 603130.000 402417.000 
167956.000 949150.000 625371.000 402409.000 
170540.000 936086.000 660402.000 430032.000 
172558.000 941012.000 654556.000 396408.000 
186582.000 921260.000 649111.000 397573.000 
208636.000 904148.000 657721.000 394457.000 
218214.000 906879.000 653706.000 370955.000 
179500.000 872899.000 638042.000 356858.000 
160165.000 882059.000 626189.000 383365.000 
166618.000 907865.000 626480.000 385281.000 
184911.000 929798.000 655595.000 389455.000 
191183.000 928265.000 690067.000 386572.000 
191572.000 926038.000 687728.000 345752.000 
194449.000 907304.000 700140.000 336783.000 
204280.000 888721.000 705682.000 351041.000 
209825.000 893936.000 701868.000 380442.000 
201330.000 922425.000 711436.000 389031.000 
209921.000 919115.000 710524.000 393344.000 
220238.000 906641.000 693387.000 412710.000 
189408.000 914273.000 675974.000 398516.000 
185793.000 891053.000 666490.000 400522.000 
201545.000 898190.000 645063.000 403768.000 
218496.000 912853.000 631790.000 368322.000 
213501.000 946617.000 629896.000 351682.000 
201935.000 970307.000 642123.000 356493.000 
207855.000 977434.000 625748.000 359809.000 
196537.000 985339.000 643562.000 386143.000 
196387.000 993286.000 645234.000 401104.000 
197036.000 988305.000 653612.000 376338.000 
179178.000 959609.000 652822.000 381163.000 
190141.000 943152.000 634823.000 373469.000 
207783.000 913986.000 653070.000 401290.000 
225572.000 888017.000 667274.000 425589.000 
226956.000 900176.000 662349.000 426038.000 
213381.000 899437.000 697978.000 426038.000 
200288.000 883947.000 693685.000 426038.000 
192802.000 861958.000 657965.000 426038.000 
155823.000 878211.000 638607.000 426038.000 
152884.000 866933.000 638238.000 422968.000 
162392.000 862407.000 658249.000 344440.000 
189645.000 874417.000 635854.000 316091.000 
185202.000 839814.000 622148.000 337798.000 
184830.000 822432.000 636005.000 302167.000 
182175.000 810279.000 660446.000 293081.000 
173711.000 816164.000 659685.000 297388.000 
187894.000 805030.000 643038.000 295693.000 
215034.000 821035.000 629328.000 290435.000 
214056.000 829313.000 643293.000 299796.000 
188336.000 826773.000 625666.000 293173.000 
190603.000 836521.000 589102.000 309365.000 
195490.000 849794.000 580717.000 290814.000 
219236.000 852438.000 594915.000 293989.000 
241693.000 843756.000 579032.000 292105.000 
239862.000 835997.000 574908.000 292718.000 
248629.000 809585.000 581193.000 293722.000 
233736.000 804010.000 598469.000 292860.000 
236513.000 809328.000 588262.000 303915.000 
236513.000 801107.000 579211.000 291695.000 
183258.000 803419.000 593501.000 292222.000 
166420.000 820024.000 601763.000 296454.000 
182468.000 825894.000 630541.000 299389.000 
160305.000 831203.000 628160.000 299177.000 
163524.000 844492.000 623658.000 300993.000 
183587.000 856815.000 635101.000 294249.000 
181208.000 865629.000 631630.000 295603.000 
189133.000 890034.000 626603.000 291522.000 
185286.000 906804.000 616426.000 295110.000 
190053.000 890775.000 613019.000 291940.000 
191206.000 879991.000 630108.000 299485.000 
176588.000 913768.000 647696.000 292844.000 
191897.000 934613.000 633580.000 293055.000 
210065.000 954270.000 653608.000 291370.000 
202344.000 976392.000 644345.000 295742.000 
193887.000 987629.000 626649.000 293319.000 
191726.000 1004612.000 610921.000 298218.000 
194288.000 1010791.000 607495.000 302000.000 
205162.000 1040083.000 604330.000 295070.000 
218925.000 1047022.000 593405.000 290182.000 
226319.000 1056104.000 609374.000 309167.000 
203506.000 1074135.000 611978.000 309188.000 
186663.000 1068109.000 639668.000 295163.000 
208853.000 1067406.000 655471.000 295748.000 
235900.000 1040253.000 649446.000 299570.000 
232555.000 1037230.000 661768.000 306992.000 
240542.000 1055015.000 668700.000 294857.000 
255219.000 1052423.000 673886.000 312419.000 
247273.000 1042172.000 689016.000 312120.000 
243376.000 1044559.000 673421.000 292577.000 
243376.000 1064829.000 661587.000 299686.000 
243376.000 1082523.000 646824.000 299981.000 
136353.000 1100782.000 641386.000 306021.000 
149906.000 1109617.000 637683.000 292662.000 
151100.000 1152953.000 634027.000 316311.000 
163704.000 1182492.000 639200.000 310590.000 
178737.000 1212171.000 640795.000 313162.000 
180017.000 1230519.000 623134.000 293642.000 
165108.000 1257530.000 611119.000 302807.000 
182065.000 1273627.000 598585.000 290075.000 
184067.000 1275607.000 630173.000 294223.000 
195241.000 1314618.000 639821.000 295407.000 
188268.000 1331136.000 659775.000 300397.000 
192253.000 1348564.000 666960.000 293457.000 
204429.000 1358929.000 691467.000 295035.000 
193946.000 1365537.000 707481.000 302418.000 
203815.000 1349460.000 740202.000 295151.000 
214450.000 1352251.000 736756.000 299499.000 
214611.000 1354528.000 750695.000 296536.000 
206597.000 1372919.000 754478.000 293147.000 
242739.000 1387015.000 753894.000 304873.000 
249900.000 1421082.000 744622.000 310090.000 
212398.000 1439510.000 705119.000 303225.000 
208142.000 1459309.000 657331.000 290932.000 
219066.000 1470677.000 633243.000 293554.000 
195152.000 1498028.000 632901.000 295885.000 
189290.000 1505798.000 627544.000 297065.000 
192750.000 1554073.000 645002.000 297519.000 
232380.000 1586606.000 680694.000 326036.000 
261180.000 1618235.000 694887.000 327458.000 
229258.000 1641894.000 689168.000 309038.000 
214754.000 1662231.000 674362.000 291823.000 
225919.000 1691746.000 681754.000 296923.000 
209427.000 1720416.000 682600.000 301385.000 
188687.000 1750812.000 658985.000 292946.000 
192397.000 1786653.000 673065.000 306300.000 
199587.000 1821421.000 697988.000 335951.000 
216411.000 1827761.000 719852.000 358733.000 
235408.000 1835738.000 732490.000 330376.000 
218042.000 1827182.000 737708.000 297444.000 
221217.000 1827387.000 732384.000 294671.000 
216773.000 1838553.000 742280.000 323920.000 
223320.000 1861928.000 738356.000 329291.000 
241304.000 1870125.000 759808.000 316731.000 
223859.000 1911749.000 766463.000 294086.000 
223859.000 1929524.000 782159.000 294480.000 
223859.000 1908387.000 803510.000 304309.000 
210441.000 1913539.000 815809.000 303077.000 
149644.000 1917385.000 805054.000 301274.000 
156704.000 1963064.000 791549.000 296312.000 
157194.000 2008037.000 811599.000 318097.000 
198793.000 2049775.000 753857.000 337453.000 
194356.000 2072437.000 747533.000 341892.000 
173858.000 2121467.000 704251.000 341240.000 
193599.000 2146468.000 673034.000 305156.000 
215650.000 2161116.000 659088.000 293274.000 
227504.000 2184853.000 649119.000 299744.000 
230228.000 2197308.000 640994.000 326044.000 
213573.000 2203179.000 639497.000 338813.000 
205600.000 2238561.000 638197.000 336718.000 
206553.000 2269199.000 663495.000 304141.000 
217047.000 2303414.000 677929.000 295065.000 
237519.000 2344440.000 686757.000 299849.000 
241162.000 2388734.000 662410.000 314891.000 
231386.000 2427127.000 661081.000 329493.000 
232136.000 2466089.000 672314.000 328868.000 
236279.000 2502023.000 672153.000 339822.000 
242911.000 2530287.000 661492.000 334334.000 
240126.000 2566031.000 640910.000 328718.000 
216909.000 2593928.000 641362.000 341565.000 
221983.000 2638293.000 630911.000 337352.000 
241190.000 2671432.000 654815.000 383467.000 
262124.000 2696815.000 645429.000 345931.000 
235840.000 2734020.000 627114.000 343415.000 
243500.000 2772241.000 626969.000 294464.000 
240562.000 2802151.000 644614.000 303712.000 
263655.000 2840608.000 674668.000 309275.000 
263655.000 2864797.000 677363.000 322691.000 
212202.000 2883136.000 656136.000 310723.000 
142560.000 2917548.000 686892.000 339049.000 
166984.000 2940451.000 716108.000 336517.000 
209170.000 2988008.000 740296.000 339147.000 
213867.000 3006643.000 738692.000 323663.000 
167946.000 3037858.000 694410.000 306829.000 
175158.000 3069483.000 694559.000 337029.000 
212778.000 3107286.000 689002.000 320983.000 
201706.000 3145922.000 684797.000 299341.000 
173457.000 3195889.000 702971.000 311664.000 
174819.000 3213507.000 668881.000 325289.000 
179848.000 3213507.000 684105.000 350674.000 
199219.000 3213507.000 707117.000 335664.000 
211524.000 3213507.000 746084.000 316459.000 
184679.000 3213507.000 777663.000 323684.000 
182312.000 3213507.000 794810.000 320128.000 
192988.000 3213507.000 786128.000 326733.000 
198473.000 3213507.000 802905.000 307773.000 
224447.000 3213507.000 828809.000 317721.000 
233172.000 3213507.000 830922.000 318607.000 
226926.000 3213507.000 823759.000 310614.000 
239799.000 3213507.000 805248.000 328046.000 
249765.000 3213507.000 779446.000 334831.000 
236407.000 3213507.000 783864.000 343857.000 
237732.000 3213507.000 783416.000 340058.000 
258467.000 3213507.000 763154.000 312108.000 
258684.000 3213507.000 759739.000 330967.000 
264786.000 3213507.000 769749.000 344465.000 
264786.000 3213507.000 738923.000 330283.000 
264786.000 3213507.000 739460.000 357575.000 
264786.000 3213507.000 752814.000 332605.000 
141627.000 3213507.000 755565.000 337667.000 
132426.000 3213507.000 735659.000 340208.000 
146003.000 3213507.000 746317.000 345676.000 
166690.000 3213507.000 753987.000 353071.000 
179992.000 3213507.000 763020.000 366672.000 
168699.000 3213507.000 758912.000 349189.000 
195215.000 3213507.000 767230.000 335804.000 
216446.000 3213507.000 746193.000 331612.000 
184970.000 3213507.000 736982.000 347536.000 
183328.000 3213507.000 731411.000 351873.000 
182897.000 3213507.000 707159.000 340522.000 
208993.000 3213507.000 691733.000 339730.000 
227667.000 3213507.000 705458.000 345395.000 
223363.000 3213507.000 691891.000 376706.000 
233094.000 3213507.000 678490.000 388082.000 
225604.000 3213507.000 669050.000 367854.000 
245199.000 3213507.000 681885.000 356676.000 
257007.000 3213507.000 705184.000 327908.000 
259334.000 3213507.000 746345.000 325867.000 
259334.000 3213507.000 737905.000 306274.000 
211161.000 3213507.000 737055.000 328378.000 
162025.000 3213507.000 736265.000 346972.000 
164543.000 3213507.000 753289.000 363681.000 
155349.000 3213507.000 752983.000 365440.000 
171277.000 3213507.000 730097.000 398262.000 
173911.000 3213507.000 702593.000 373906.000 
184450.000 3213507.000 707233.000 362651.000 
204317.000 3213507.000 705106.000 358343.000 
181409.000 3213507.000 703680.000 355964.000 
184773.000 3213507.000 709233.000 369251.000 
184567.000 3213507.000 732301.000 370683.000 
168589.000 3213507.000 747167.000 385842.000 
194452.000 3213507.000 745315.000 376079.000 
184908.000 3213507.000 772945.000 363643.000 
143713.000 3213507.000 766428.000 343510.000 
143454.000 3213507.000 760745.000 344306.000 
139658.000 3213507.000 791455.000 353608.000 
174202.000 3213507.000 792547.000 340946.000 
213407.000 348744.000 743636.000 320134.000 
209241.000 323254.000 731977.000 324470.000 
202654.000 345136.000 707117.000 329804.000 
190582.000 366919.000 707650.000 347463.000 
157012.000 381730.000 721167.000 363350.000 
142568.000 412471.000 702542.000 402149.000 
175493.000 437254.000 699635.000 442999.000 
209662.000 459664.000 727725.000 483575.000 
184062.000 488679.000 727681.000 497560.000 
160859.000 523656.000 714588.000 497560.000 
170893.000 581013.000 690701.000 497560.000 
189428.000 603993.000 684724.000 497560.000 
191506.000 607936.000 665626.000 471365.000 
200283.000 612845.000 674500.000 448819.000 
189520.000 633156.000 647328.000 308444.000 
145822.000 641532.000 650243.000 300721.000 
150760.000 674709.000 679325.000 296435.000 
166408.000 686870.000 677044.000 293872.000 
148214.000 707659.000 667684.000 305600.000 
165471.000 738257.000 693359.000 302774.000 
174983.000 768453.000 679486.000 297203.000 
140946.000 780374.000 678073.000 294918.000 
167412.000 789766.000 682132.000 296510.000 
193447.000 808432.000 678949.000 301356.000 
156787.000 816887.000 690122.000 311469.000 
165229.000 825070.000 698621.000 300248.000 
176084.000 852153.000 669102.000 291101.000 
164665.000 873536.000 684420.000 317973.000 
165070.000 884466.000 709837.000 299180.000 
193824.000 894113.000 701585.000 294110.000 
195990.000 897940.000 701852.000 308602.000 
164271.000 913910.000 709355.000 296455.000 
151401.000 931223.000 726162.000 303258.000 
175683.000 954476.000 722583.000 293292.000 
201803.000 970644.000 745673.000 297570.000 
180317.000 987105.000 737993.000 291268.000 
178064.000 1001702.000 725991.000 291867.000 
182840.000 1012158.000 738305.000 295757.000 
185354.000 1024815.000 743583.000 293685.000 
192093.000 1036613.000 733644.000 296014.000 
173268.000 1062584.000 756421.000 292051.000 
183855.000 1080127.000 764909.000 294364.000 
184689.000 1091088.000 732906.000 308285.000 
185606.000 1125971.000 756875.000 296911.000 
212296.000 1141427.000 790462.000 296905.000 
218445.000 1166096.000 780135.000 290431.000 
191886.000 1187914.000 778244.000 291035.000 
206649.000 1215719.000 754556.000 293414.000 
212318.000 1260269.000 730253.000 318364.000 
212872.000 1295164.000 731028.000 328661.000 
215955.000 1306935.000 690134.000 303790.000 
227136.000 1332596.000 658899.000 291902.000 
245567.000 1332596.000 667721.000 292109.000 
249905.000 1332596.000 673902.000 291511.000 
249905.000 1332596.000 660994.000 294890.000 
249905.000 1332596.000 648611.000 294264.000 
249905.000 1332596.000 659108.000 302565.000 
249905.000 1332596.000 707428.000 299107.000 
249905.000 1332596.000 734720.000 293137.000 
249905.000 1332596.000 730089.000 292739.000 
249905.000 1332596.000 713618.000 290771.000 
249905.000 1332596.000 725947.000 298327.000 
249905.000 1332596.000 748579.000 295777.000 
249905.000 1332596.000 775658.000 292663.000 
249905.000 1332596.000 805425.000 297647.000 
249905.000 1332596.000 768628.000 290888.000 
230667.000 1332596.000 761945.000 289940.000 
185285.000 1332596.000 774157.000 296767.000 
142246.000 1332596.000 785392.000 292003.000 
112761.000 1332596.000 757939.000 292071.000 
132497.000 1332596.000 711397.000 302106.000 
125491.000 1332596.000 660754.000 293213.000 
135317.000 1332596.000 638121.000 291958.000 
157626.000 1332596.000 600009.000 297790.000 
187904.000 1332596.000 590447.000 326275.000 
165378.000 1332596.000 590463.000 304399.000 
143001.000 1332596.000 592065.000 292653.000 
152638.000 1332596.000 616750.000 293071.000 
157560.000 1332596.000 629020.000 321478.000 
156160.000 1332596.000 662817.000 311606.000 
155420.000 1332596.000 698903.000 294604.000 
149381.000 1332596.000 736632.000 292344.000 
158019.000 1332596.000 752411.000 295934.000 
173035.000 1332596.000 778635.000 296289.000 
165166.000 1332596.000 825470.000 292230.000 
178738.000 1332596.000 827579.000 298932.000 
199295.000 1332596.000 853595.000 322995.000 
219604.000 1332596.000 834412.000 327925.000 
225431.000 1332596.000 800604.000 306392.000 
216839.000 1332596.000 756551.000 302960.000 
223344.000 1332596.000 763843.000 300662.000 
214285.000 1332596.000 735250.000 314293.000 
228751.000 1316239.000 748698.000 324704.000 
247449.000 1360995.000 723454.000 300134.000 
231702.000 1453464.000 724910.000 297020.000 
231702.000 1561605.000 720833.000 301008.000 
231702.000 1660577.000 743681.000 325476.000 
193733.000 1690973.000 757645.000 318461.000 
172842.000 1690973.000 775944.000 320781.000 
196933.000 1690973.000 790383.000 328702.000 
194656.000 1690973.000 769021.000 321382.000 
187096.000 1690973.000 790749.000 297319.000 
199358.000 1690973.000 814669.000 299214.000 
209608.000 1690973.000 824998.000 300276.000 
191441.000 1690973.000 835366.000 313941.000 
191367.000 1690973.000 835615.000 301249.000 
212116.000 1690973.000 817988.000 315505.000 
215006.000 1690973.000 819338.000 311323.000 
195309.000 1690973.000 813091.000 296087.000 
194479.000 1690973.000 787104.000 305442.000 
211007.000 1690973.000 754304.000 308407.000 
233455.000 1690973.000 786266.000 318844.000 
239822.000 1690973.000 782903.000 307423.000 
215019.000 1131675.000 779441.000 306323.000 
218187.000 945625.000 787881.000 293778.000 
244114.000 911726.000 780215.000 294749.000 
271186.000 887701.000 801158.000 297459.000 
274792.000 892094.000 810231.000 295325.000 
274792.000 914797.000 831321.000 292038.000 
274792.000 930794.000 800679.000 306276.000 
274792.000 946629.000 776263.000 296684.000 
185717.000 953132.000 769370.000 305050.000 
162150.000 965409.000 760946.000 301456.000 
174201.000 987782.000 766229.000 320147.000 
174798.000 1038168.000 763540.000 301462.000 
142413.000 1114991.000 748670.000 300185.000 
174949.000 1123900.000 742080.000 308822.000 
199771.000 1134809.000 746745.000 320548.000 
192098.000 1138752.000 771708.000 327688.000 
174606.000 1139851.000 768230.000 306322.000 
165196.000 1140434.000 759491.000 297251.000 
198492.000 1127027.000 768765.000 304865.000 
205133.000 1143242.000 791164.000 297263.000 
200249.000 1172334.000 820819.000 322137.000 
225163.000 1193440.000 827466.000 321809.000 
217415.000 1191703.000 826935.000 315177.000 
202953.000 1176731.000 798942.000 294438.000 
205899.000 1164292.000 786546.000 294403.000 
202447.000 1192176.000 788086.000 304882.000 
207754.000 1200278.000 780052.000 300528.000 
213123.000 1214189.000 750202.000 310928.000 
194037.000 1209950.000 736392.000 298879.000 
175719.000 1216312.000 745049.000 312954.000 
167333.000 1262287.000 776525.000 336648.000 
179385.000 1295696.000 793306.000 346425.000 
220012.000 1297851.000 825010.000 366503.000 
242046.000 1247750.000 816083.000 328471.000 
201269.000 1257304.000 800913.000 340102.000 
193804.000 1268373.000 787053.000 370034.000 
180820.000 1280602.000 768439.000 367001.000 
188349.000 1263265.000 736372.000 396267.000 
184547.000 1248213.000 739658.000 406497.000 
191322.000 1260756.000 733285.000 411635.000 
233314.000 1251234.000 740135.000 376367.000 
244802.000 1268797.000 757953.000 333612.000 
211373.000 1235544.000 766288.000 303381.000 
193965.000 1225607.000 791819.000 329561.000 
179594.000 1240263.000 801232.000 347056.000 
191701.000 1230921.000 832244.000 369638.000 
222503.000 1241344.000 822432.000 412685.000 
229472.000 1256745.000 805003.000 377710.000 
216641.000 1258381.000 790545.000 370962.000 
224272.000 1251595.000 768440.000 312200.000 
245765.000 1254795.000 771074.000 316332.000 
256595.000 1228337.000 779494.000 322023.000 
241781.000 1244646.000 814451.000 328335.000 
208132.000 1264081.000 798160.000 326310.000 
211775.000 1242198.000 803355.000 334971.000 
222265.000 1257468.000 813055.000 340182.000 
240654.000 1261190.000 830267.000 355105.000 
250526.000 1250767.000 825706.000 353986.000 
264461.000 1222347.000 839682.000 338205.000 
256432.000 1187471.000 851100.000 332390.000 
255709.000 1195292.000 832265.000 322747.000 
223503.000 1220468.000 821700.000 360535.000 
213637.000 1256262.000 816390.000 368863.000 
208285.000 1273244.000 798169.000 372562.000 
198378.000 1293271.000 770577.000 369507.000 
185532.000 1294484.000 789131.000 360110.000 
213687.000 1286386.000 793605.000 380013.000 
226682.000 1309879.000 777883.000 411036.000 
215239.000 1300538.000 755271.000 428769.000 
230414.000 1302741.000 750056.000 446981.000 
240720.000 1312971.000 775306.000 409618.000 
240720.000 1349451.000 800661.000 371848.000 
240720.000 1361599.000 811476.000 331146.000 
226168.000 1368957.000 824775.000 343948.000 
187682.000 1369962.000 836349.000 342969.000 
173568.000 1361642.000 846535.000 351224.000 
196239.000 1366158.000 836764.000 380364.000 
217261.000 1375257.000 840565.000 354964.000 
203957.000 1357349.000 821977.000 347499.000 
203237.000 1374440.000 815405.000 363536.000 
189709.000 1399823.000 817632.000 350730.000 
184434.000 1401867.000 783690.000 356076.000 
221935.000 1409568.000 774182.000 355023.000 
249362.000 1403812.000 787431.000 336775.000 
220947.000 1420827.000 802746.000 358847.000 
220532.000 1412549.000 800030.000 351347.000 
237811.000 1421326.000 822828.000 349107.000 
254619.000 1421322.000 830186.000 350365.000 
254792.000 1409903.000 837286.000 365660.000 
227653.000 1397331.000 818963.000 374442.000 
124351.000 1430207.000 821057.000 391612.000 
156781.000 1418930.000 815895.000 396244.000 
174876.000 1458254.000 810309.000 400298.000 
181072.000 1461318.000 828798.000 378681.000 
202716.000 1430765.000 821567.000 346497.000 
191754.000 1429111.000 812812.000 341153.000 
193980.000 1434492.000 805300.000 335372.000 
198030.000 1422747.000 837212.000 327467.000 
169201.000 1386628.000 853328.000 341006.000 
186328.000 1396776.000 841308.000 371413.000 
202401.000 1413915.000 850714.000 395580.000 
213091.000 1415314.000 836299.000 413175.000 
203036.000 1420728.000 813461.000 366466.000 
198472.000 1424664.000 849214.000 316580.000 
163462.000 1418590.000 872349.000 300833.000 
176394.000 1418994.000 864230.000 334403.000 
215296.000 1391223.000 836439.000 365029.000 
218246.000 1387902.000 849855.000 366511.000 
205762.000 1413421.000 837169.000 345435.000 
229547.000 1444642.000 842896.000 343837.000 
229611.000 1454168.000 858296.000 349557.000 
212769.000 1463294.000 809470.000 356087.000 
215233.000 1495716.000 765357.000 400825.000 
207914.000 1519797.000 752059.000 389239.000 
198715.000 1533659.000 734806.000 409075.000 
208875.000 1500496.000 702742.000 419898.000 
218625.000 1508951.000 697648.000 399536.000 
216745.000 1513409.000 693110.000 385837.000 
223239.000 1492848.000 719607.000 379012.000 
205225.000 1491880.000 730301.000 378579.000 
202792.000 1482342.000 766170.000 363104.000 
215193.000 1483445.000 791160.000 381883.000 
210155.000 1454722.000 800551.000 389416.000 
202628.000 1419881.000 818431.000 405907.000 
211209.000 1416166.000 842308.000 398674.000 
217724.000 1417271.000 868533.000 363834.000 
206240.000 1409658.000 885662.000 356579.000 
206912.000 1401502.000 883706.000 373096.000 
212611.000 1402312.000 877459.000 391217.000 
194497.000 1432829.000 863907.000 405651.000 
182928.000 1428703.000 863119.000 417127.000 
206196.000 1417655.000 866459.000 426435.000 
222529.000 1410885.000 833421.000 450278.000 
238854.000 1401308.000 800547.000 453561.000 
203235.000 1410825.000 797398.000 453561.000 
167188.000 1423064.000 801970.000 453561.000 
195065.000 1451345.000 799614.000 453561.000 
202230.000 1467342.000 800407.000 453561.000 
194602.000 1451148.000 810066.000 406636.000 
210216.000 1446624.000 819851.000 337492.000 
178145.000 1468576.000 817607.000 301798.000 
167644.000 1468131.000 794239.000 304112.000 
175731.000 1471944.000 782007.000 293229.000 
197222.000 1473982.000 770321.000 303008.000 
218722.000 1461394.000 759497.000 304173.000 
201738.000 1490161.000 770846.000 295909.000 
176046.000 1523227.000 740795.000 291504.000 
168982.000 1546951.000 721960.000 296192.000 
176619.000 1576008.000 728886.000 295346.000 
187055.000 1598715.000 751656.000 297656.000 
184898.000 1610575.000 742875.000 303477.000 
213552.000 1603137.000 758482.000 298317.000 
233537.000 1604103.000 739104.000 300484.000 
229073.000 1601790.000 743645.000 302759.000 
226907.000 1640010.000 770307.000 298727.000 
230453.000 1670593.000 785360.000 303968.000 
204020.000 1670750.000 795735.000 316009.000 
232023.000 1661138.000 757560.000 299620.000 
249161.000 1663355.000 771178.000 292526.000 
270056.000 1678228.000 778359.000 300140.000 
273803.000 1700014.000 798438.000 300790.000 
273803.000 1713350.000 797995.000 291313.000 
273803.000 1689121.000 767420.000 290111.000 
205049.000 1684151.000 764459.000 291490.000 
176111.000 1713528.000 782601.000 323052.000 
172892.000 1724484.000 811451.000 294195.000 
203291.000 1722154.000 814205.000 292529.000 
200777.000 1761988.000 800700.000 293688.000 
185960.000 1770749.000 776360.000 297457.000 
199177.000 1795001.000 783313.000 291295.000 
221369.000 1818367.000 792422.000 297013.000 
240115.000 1837644.000 789559.000 303346.000 
238649.000 1848315.000 799321.000 292690.000 
228473.000 1863052.000 784922.000 291335.000 
202196.000 1873447.000 765649.000 295221.000 
192684.000 1900307.000 758001.000 295136.000 
212928.000 1931280.000 778192.000 298377.000 
239539.000 1957106.000 781949.000 298347.000 
262008.000 1970070.000 807599.000 293925.000 
259372.000 1972659.000 825789.000 302497.000 
254458.000 1998611.000 817104.000 294325.000 
254458.000 2018789.000 835966.000 294366.000 
242945.000 2057806.000 836578.000 290762.000 
176786.000 2102831.000 853476.000 306981.000 
152857.000 2145511.000 851837.000 294859.000 
162499.000 2171797.000 838346.000 305134.000 
156344.000 2197616.000 787086.000 310403.000 
160953.000 2218949.000 794209.000 316099.000 
176977.000 2265302.000 776914.000 293584.000 
192347.000 2293801.000 769552.000 298595.000 
176775.000 2288273.000 776777.000 294507.000 
195009.000 2297928.000 768284.000 296338.000 
208723.000 2313707.000 769135.000 298355.000 
204253.000 2329537.000 796159.000 292981.000 
211431.000 2342060.000 821234.000 300426.000 
184155.000 2386265.000 835000.000 294782.000 
199489.000 2411380.000 847597.000 307017.000 
215878.000 2423034.000 857568.000 297259.000 
236424.000 2438823.000 859497.000 309023.000 
213307.000 2470851.000 851432.000 293401.000 
177032.000 2519421.000 867106.000 296740.000 
200369.000 2546975.000 842402.000 303331.000 
215471.000 2557897.000 806995.000 319595.000 
198101.000 2594418.000 800156.000 304618.000 
194136.000 2638680.000 798527.000 294886.000 
196799.000 2683167.000 811582.000 292547.000 
198888.000 2724766.000 818255.000 314885.000 
215991.000 2747566.000 816287.000 320353.000 
250669.000 2755111.000 815386.000 320040.000 
262695.000 2742010.000 832149.000 307314.000 
277426.000 2750049.000 840432.000 295306.000 
250112.000 2751871.000 869293.000 304659.000 
250112.000 2782997.000 867586.000 293006.000 
222705.000 2784400.000 845765.000 292988.000 
155436.000 2788880.000 833368.000 291513.000 
170483.000 2784893.000 850724.000 322821.000 
176061.000 2806976.000 879211.000 321836.000 
167692.000 2828927.000 894702.000 307124.000 
167585.000 2857691.000 893946.000 307392.000 
187954.000 2895753.000 862949.000 299748.000 
171678.000 2944785.000 857659.000 312179.000 
175777.000 2979558.000 865062.000 293337.000 
171354.000 3018771.000 849849.000 294001.000 
158175.000 3054327.000 852680.000 307463.000 
181640.000 3097947.000 826736.000 308900.000 
217981.000 3137250.000 830684.000 304112.000 
205286.000 3171041.000 857398.000 293383.000 
186758.000 3199833.000 846258.000 297160.000 
187305.000 3231047.000 837548.000 322878.000 
182321.000 3265398.000 841220.000 323011.000 
178319.000 3265398.000 868541.000 293820.000 
183801.000 3265398.000 897084.000 297983.000 
206005.000 3265398.000 890270.000 304072.000 
221372.000 3265398.000 898641.000 335751.000 
241029.000 3265398.000 871937.000 325677.000 
226499.000 3265398.000 859266.000 295018.000 
200260.000 3265398.000 891862.000 292746.000 
194718.000 3265398.000 921201.000 300538.000 
225639.000 3265398.000 923256.000 341617.000 
232365.000 3265398.000 897798.000 353367.000 
198986.000 3265398.000 875037.000 319408.000 
188604.000 3265398.000 859686.000 290445.000 
194587.000 3265398.000 875799.000 303184.000 
199610.000 3265398.000 864350.000 303315.000 
205060.000 3265398.000 900451.000 319354.000 
196817.000 3265398.000 894194.000 295669.000 
197496.000 3265398.000 884131.000 319585.000 
228720.000 3265398.000 878270.000 305395.000 
232420.000 3265398.000 891646.000 305727.000 
222042.000 3265398.000 906871.000 291612.000 
224515.000 3265398.000 886961.000 304038.000 
197832.000 3265398.000 879615.000 315883.000 
190665.000 3265398.000 871114.000 299417.000 
212271.000 3265398.000 875266.000 305219.000 
229139.000 3265398.000 871765.000 292869.000 
242753.000 3265398.000 866191.000 294068.000 
230331.000 3265398.000 865066.000 307000.000 
194092.000 3265398.000 838233.000 310356.000 
179220.000 3265398.000 851068.000 325217.000 
201131.000 3265398.000 879030.000 324310.000 
214811.000 3265398.000 898866.000 307778.000 
193059.000 3265398.000 920103.000 314226.000 
203388.000 3265398.000 905492.000 309538.000 
229208.000 3265398.000 910823.000 351752.000 
234711.000 3265398.000 889426.000 389315.000 
224682.000 3265398.000 875974.000 384338.000 
201617.000 3265398.000 865977.000 370249.000 
214400.000 3265398.000 865175.000 339260.000 
222062.000 3265398.000 859657.000 333632.000 
241696.000 3265398.000 829410.000 350052.000 
237125.000 3265398.000 835777.000 338157.000 
237125.000 3265398.000 855579.000 324606.000 
237125.000 3265398.000 867468.000 320200.000 
184671.000 3265398.000 893576.000 340924.000 
161514.000 3265398.000 920519.000 366805.000 
171686.000 3265398.000 916454.000 353710.000 
164399.000 3265398.000 930921.000 336281.000 
165337.000 3265398.000 930740.000 338055.000 
182508.000 3265398.000 908238.000 364649.000 
189319.000 3265398.000 900256.000 378131.000 
206224.000 3265398.000 870581.000 379141.000 
204553.000 3265398.000 862222.000 329868.000 
204863.000 3265398.000 846709.000 351621.000 
219594.000 3265398.000 853644.000 338617.000 
233874.000 3265398.000 871455.000 357290.000 
199162.000 3265398.000 857134.000 371914.000 
182419.000 3265398.000 853963.000 360628.000 
207511.000 3265398.000 871025.000 333999.000 
239945.000 3265398.000 892495.000 331930.000 
235555.000 3265398.000 910159.000 359059.000 
189958.000 3265398.000 910359.000 381356.000 
187592.000 3265398.000 894305.000 403474.000 
203388.000 3265398.000 907175.000 398829.000 
203128.000 3265398.000 898337.000 366672.000 
221203.000 3265398.000 921304.000 377142.000 
212793.000 3265398.000 930433.000 361667.000 
209285.000 3265398.000 927397.000 350338.000 
217733.000 3265398.000 900167.000 327752.000 
195586.000 3265398.000 885011.000 321646.000 
177685.000 3265398.000 897961.000 328057.000 
191334.000 3265398.000 895390.000 347303.000 
206112.000 3265398.000 888226.000 386776.000 
214457.000 3265398.000 877052.000 389494.000 
233333.000 3265398.000 871778.000 394724.000 
233805.000 3265398.000 879733.000 348570.000 
233109.000 3265398.000 898673.000 338302.000 
246706.000 3265398.000 942426.000 339268.000 
246783.000 3265398.000 946840.000 335298.000 
227327.000 3265398.000 953206.000 341458.000 
196892.000 3265398.000 976588.000 326676.000 
217854.000 3265398.000 995863.000 326180.000 
231429.000 3265398.000 997530.000 330295.000 
222199.000 3265398.000 1009928.000 364152.000 
222131.000 3265398.000 1013563.000 377694.000 
230833.000 3265398.000 993714.000 382550.000 
229964.000 3265398.000 944559.000 384918.000 
247619.000 3265398.000 935404.000 392037.000 
255051.000 3265398.000 939301.000 398367.000 
263465.000 3265398.000 938652.000 382293.000 
225782.000 3265398.000 939605.000 396782.000 
195595.000 3265398.000 930326.000 351853.000 
207127.000 3265398.000 910131.000 372801.000 
206286.000 3265398.000 898090.000 354406.000 
210624.000 3265398.000 919189.000 361707.000 
214144.000 3265398.000 947406.000 336320.000 
205658.000 3265398.000 961684.000 352570.000 
221997.000 3265398.000 939957.000 370968.000 
257818.000 3265398.000 923820.000 365054.000 
271457.000 3265398.000 923132.000 364549.000 
269286.000 3265398.000 929102.000 343107.000 
269286.000 3265398.000 939684.000 353058.000 
155588.000 3265398.000 951725.000 378315.000 
144211.000 3265398.000 953462.000 370213.000 
169452.000 3265398.000 933297.000 366592.000 
200542.000 3265398.000 921173.000 375899.000 
211862.000 3265398.000 948575.000 362574.000 
229850.000 3265398.000 986278.000 357211.000 
236178.000 3265398.000 999269.000 360464.000 
200898.000 3265398.000 964609.000 332568.000 
206217.000 3265398.000 962868.000 341650.000 
230164.000 3265398.000 969187.000 336491.000 
216682.000 3265398.000 978285.000 346549.000 
222711.000 3265398.000 966227.000 349903.000 
237350.000 3265398.000 979883.000 364189.000 
213900.000 3265398.000 962296.000 367171.000 
170551.000 2873223.000 953591.000 363743.000 
166358.000 2230530.000 934051.000 359393.000 
167201.000 2230530.000 917896.000 324599.000 
167583.000 1372193.000 921522.000 306952.000 
169783.000 559042.000 886155.000 312314.000 
170222.000 350530.000 853109.000 333531.000 
172026.000 192913.000 816973.000 340955.000 
172090.000 153137.000 782504.000 329582.000 
174334.000 151370.000 740822.000 310405.000 
174521.000 216848.000 762781.000 318572.000 
193826.000 252505.000 800154.000 326862.000 
218320.000 281582.000 801445.000 337839.000 
228264.000 298512.000 816570.000 384679.000 
243386.000 348503.000 828652.000 401167.000 
256363.000 400905.000 853023.000 411679.000 
252671.000 444571.000 870128.000 392705.000 
252671.000 494691.000 912199.000 378547.000 
252671.000 544745.000 930459.000 383658.000 
252671.000 607041.000 928943.000 382373.000 
252671.000 655028.000 937534.000 399154.000 
186271.000 710676.000 913174.000 361215.000 
184874.000 750176.000 909929.000 374199.000 
180525.000 750176.000 899587.000 375326.000 
179404.000 750176.000 907546.000 370538.000 
186907.000 750176.000 922598.000 372971.000 
175696.000 750176.000 899879.000 369092.000 
175385.000 750176.000 907072.000 376189.000 
200681.000 750176.000 927847.000 406570.000 
229058.000 750176.000 907772.000 413223.000 
210332.000 750176.000 929000.000 407213.000 
187310.000 750176.000 912044.000 407981.000 
208769.000 750176.000 930490.000 396425.000 
252922.000 611327.000 954696.000 397626.000 
275437.000 594787.000 945920.000 397363.000 
235675.000 595183.000 942111.000 367479.000 
206309.000 614790.000 944047.000 352376.000 
211537.000 591414.000 937138.000 361675.000 
213897.000 579293.000 938046.000 369918.000 
238009.000 598926.000 950374.000 413844.000 
234270.000 606852.000 968894.000 430665.000 
227550.000 610804.000 990506.000 440731.000 
216911.000 606016.000 964989.000 440731.000 
215520.000 637048.000 964237.000 440731.000 
209399.000 668677.000 981485.000 440731.000 
186950.000 691378.000 986829.000 440731.000 
194066.000 671731.000 982405.000 404673.000 
208512.000 692822.000 971300.000 316280.000 
207496.000 685069.000 950076.000 308868.000 
220268.000 650639.000 907168.000 299658.000 
219148.000 632604.000 898313.000 292672.000 
210100.000 630358.000 911793.000 296676.000 
222789.000 646757.000 911809.000 294191.000 
232560.000 642312.000 875772.000 294667.000 
244676.000 624464.000 856442.000 298814.000 
242823.000 647331.000 835433.000 302899.000 
243993.000 668750.000 848711.000 296150.000 
221885.000 656866.000 833091.000 295497.000 
201961.000 679446.000 826923.000 292928.000 
213415.000 689920.000 835166.000 291452.000 
218609.000 697258.000 825128.000 318751.000 
217140.000 696141.000 812240.000 299522.000 
209171.000 699465.000 828477.000 296363.000 
222994.000 708043.000 848453.000 302462.000 
224497.000 726804.000 850353.000 302991.000 
228678.000 721550.000 855676.000 293187.000 
220085.000 703859.000 879584.000 290223.000 
247635.000 690694.000 880362.000 297099.000 
243623.000 696635.000 862082.000 308323.000 
251007.000 687736.000 885906.000 294059.000 
251007.000 708800.000 898343.000 295642.000 
142176.000 727545.000 902288.000 298669.000 
140168.000 731188.000 899875.000 296027.000 
148492.000 764474.000 902824.000 291303.000 
181159.000 780372.000 912653.000 295487.000 
202069.000 787170.000 915808.000 298793.000 
197243.000 809837.000 906128.000 301169.000 
160371.000 831506.000 901927.000 294295.000 
150876.000 823207.000 882126.000 297568.000 
202811.000 798345.000 880250.000 295669.000 
225328.000 765140.000 888214.000 299176.000 
185739.000 756129.000 893585.000 291840.000 
208039.000 756116.000 894687.000 297245.000 
219068.000 769304.000 896342.000 296038.000 
242043.000 745100.000 904448.000 290916.000 
245891.000 726959.000 922518.000 290467.000 
192502.000 745987.000 917198.000 310972.000 
197376.000 752048.000 896546.000 316540.000 
197771.000 776609.000 916759.000 296954.000 
202666.000 783190.000 924799.000 293760.000 
229583.000 795143.000 920397.000 295834.000 
257177.000 796809.000 925594.000 295971.000 
230954.000 785934.000 904655.000 292006.000 
214431.000 798293.000 893384.000 292590.000 
233631.000 788371.000 885127.000 295283.000 
239357.000 804509.000 914186.000 292424.000 
247162.000 802352.000 944565.000 292187.000 
247162.000 801050.000 928667.000 293568.000 
226371.000 792006.000 904227.000 296985.000 
180095.000 798070.000 908913.000 291697.000 
174231.000 799142.000 901551.000 294872.000 
166686.000 811566.000 911259.000 304619.000 
166808.000 818218.000 904068.000 315623.000 
181961.000 841953.000 906124.000 302934.000 
193320.000 842328.000 902482.000 297053.000 
173054.000 851400.000 889703.000 298027.000 
165113.000 866191.000 898202.000 294450.000 
187741.000 885657.000 907202.000 295030.000 
224860.000 896658.000 887642.000 294155.000 
203116.000 916741.000 881249.000 291558.000 
180248.000 920262.000 874158.000 300348.000 
211539.000 893821.000 859923.000 296459.000 
235501.000 878177.000 873647.000 295535.000 
222854.000 900716.000 886024.000 301698.000 
217979.000 888665.000 888483.000 308814.000 
193387.000 891126.000 873340.000 314895.000 
177079.000 863332.000 866864.000 299590.000 
191729.000 872103.000 870704.000 300552.000 
211693.000 837737.000 907600.000 302292.000 
217174.000 857271.000 923977.000 299080.000 
227118.000 877169.000 957784.000 292905.000 
221049.000 875672.000 985266.000 309047.000 
202660.000 887535.000 948876.000 298335.000 
227151.000 881570.000 943263.000 321641.000 
246838.000 860495.000 960823.000 314785.000 
255870.000 850256.000 961793.000 335333.000 
252302.000 841818.000 968376.000 306068.000 
252302.000 851273.000 935239.000 297646.000 
236688.000 869620.000 954203.000 292609.000 
168925.000 894121.000 973972.000 328217.000 
175814.000 867441.000 924632.000 306054.000 
198345.000 837715.000 914980.000 309357.000 
192451.000 845976.000 917907.000 293710.000 
185247.000 832132.000 926223.000 325387.000 
163759.000 870561.000 946377.000 327584.000 
153049.000 898747.000 957049.000 308470.000 
178853.000 919808.000 959012.000 298851.000 
172611.000 914842.000 965479.000 298713.000 
190749.000 876295.000 946090.000 291701.000 
208678.000 906190.000 942933.000 293615.000 
194175.000 912878.000 977555.000 315056.000 
202371.000 946621.000 980186.000 346410.000 
206150.000 972002.000 977859.000 347220.000 
215962.000 990235.000 967010.000 328302.000 
240766.000 940893.000 964314.000 297205.000 
216307.000 938028.000 940210.000 317902.000 
202331.000 908759.000 932593.000 319224.000 
222298.000 907147.000 934397.000 347914.000 
225563.000 889498.000 940892.000 374761.000 
223603.000 931177.000 920696.000 367986.000 
212990.000 970248.000 928525.000 345027.000 
222658.000 945845.000 939224.000 302657.000 
218748.000 945785.000 934446.000 299371.000 
221806.000 960824.000 934300.000 322347.000 
243520.000 964941.000 924745.000 357314.000 
263695.000 978528.000 937861.000 324461.000 
253336.000 982530.000 946038.000 309371.000 
254103.000 1000283.000 939776.000 318014.000 
250599.000 1013849.000 934680.000 330172.000 
251479.000 990657.000 953268.000 333984.000 
251479.000 990463.000 957248.000 312914.000 
251479.000 1007091.000 958414.000 313749.000 
267454.000 1000990.000 958943.000 317884.000 
188179.000 1032053.000 954651.000 347342.000 
186055.000 1050935.000 924270.000 326649.000 
179777.000 1055997.000 913605.000 295460.000 
167446.000 1084009.000 902357.000 290347.000 
176258.000 1106530.000 906049.000 309209.000 
193966.000 1133627.000 905695.000 333223.000 
229830.000 1136384.000 911888.000 297321.000 
223927.000 1149695.000 910717.000 303799.000 
194527.000 1141769.000 922070.000 303789.000 
205013.000 1128258.000 922436.000 346597.000 
189742.000 1136174.000 944091.000 366548.000 
178343.000 1166289.000 967796.000 366714.000 
182813.000 1172101.000 978406.000 345213.000 
211748.000 1197236.000 1001817.000 322602.000 
228136.000 1226047.000 1023628.000 309580.000 
199053.000 1233501.000 1002722.000 301824.000 
217827.000 1224590.000 970872.000 314305.000 
226003.000 1228284.000 989880.000 336850.000 
258331.000 1244876.000 1003155.000 334956.000 
252184.000 1259179.000 1025281.000 326273.000 
259413.000 1283103.000 1042895.000 302808.000 
259413.000 1284527.000 1055329.000 326668.000 
259413.000 1319427.000 1025809.000 334815.000 
224566.000 1333496.000 1010235.000 335876.000 
169878.000 1377900.000 983692.000 337500.000 
144703.000 1418089.000 990379.000 325946.000 
167440.000 1399264.000 975083.000 332236.000 
203958.000 1399149.000 931164.000 334897.000 
186610.000 1404176.000 930268.000 326924.000 
162730.000 1426403.000 917153.000 319275.000 
165153.000 1458827.000 911448.000 313295.000 
185680.000 1489098.000 950298.000 327476.000 
200352.000 1490895.000 950549.000 346648.000 
217089.000 1514307.000 950861.000 365899.000 
198444.000 1544053.000 965854.000 354890.000 
161927.000 1537595.000 972741.000 342976.000 
180921.000 1567528.000 981099.000 353044.000 
198069.000 1594202.000 1017374.000 354842.000 
222971.000 1607478.000 1006213.000 366725.000 
215166.000 1631242.000 1000474.000 389190.000 
205104.000 1612138.000 979092.000 388839.000 
221025.000 1577556.000 953164.000 362223.000 
225313.000 1599284.000 963343.000 348081.000 
206935.000 1609816.000 975258.000 353729.000 
181065.000 1628181.000 988930.000 341279.000 
180626.000 1642670.000 1003392.000 352225.000 
197742.000 1637389.000 1026548.000 358281.000 
204645.000 1652194.000 1023101.000 374845.000 
185389.000 1676006.000 1026084.000 364021.000 
171399.000 1701581.000 1057867.000 386150.000 
175133.000 1751443.000 1058804.000 364297.000 
199773.000 1777179.000 1081236.000 352408.000 
204692.000 1802082.000 1104847.000 335565.000 
195523.000 1833942.000 1099341.000 325282.000 
221380.000 1864527.000 1091364.000 338929.000 
233496.000 1884828.000 1066379.000 334367.000 
245871.000 1901650.000 1081817.000 339474.000 
226722.000 1911664.000 1068117.000 338818.000 
225853.000 1924651.000 1055050.000 352360.000 
212928.000 1946540.000 1029545.000 385625.000 
183380.000 1979573.000 1022939.000 379419.000 
174695.000 2031941.000 1042421.000 358247.000 
213109.000 2074152.000 1044355.000 364362.000 
232256.000 2115645.000 1021345.000 366688.000 
200487.000 2152713.000 1006206.000 366263.000 
179645.000 2159963.000 996028.000 395564.000 
171326.000 2179630.000 955586.000 385013.000 
189720.000 2210374.000 974054.000 417940.000 
215803.000 2241207.000 968951.000 425587.000 
227737.000 2251104.000 990006.000 391528.000 
210363.000 2284696.000 1019249.000 392680.000 
196912.000 2308673.000 996317.000 390234.000 
184063.000 2342663.000 969368.000 397438.000 
178836.000 2345089.000 979227.000 425210.000 
192341.000 2353490.000 998489.000 408108.000 
208914.000 2378350.000 1012934.000 386283.000 
199217.000 2408828.000 1055549.000 401016.000 
188939.000 2437667.000 1062876.000 412386.000 
179325.000 2448573.000 1022311.000 412207.000 
194844.000 2474588.000 1002768.000 443094.000 
201312.000 2527316.000 1003207.000 438628.000 
190295.000 2565224.000 1008252.000 387354.000 
193802.000 2610224.000 1021696.000 388412.000 
219220.000 2646184.000 1035679.000 371684.000 
236308.000 2676079.000 1029118.000 382373.000 
246907.000 2697540.000 1040289.000 408020.000 
259362.000 2715851.000 1002552.000 435620.000 
251924.000 2761731.000 1000669.000 439587.000 
251924.000 2761731.000 1027637.000 422696.000 
251924.000 2761731.000 1024803.000 392741.000 
251924.000 2761731.000 1008916.000 356551.000 
251924.000 2761731.000 997356.000 354229.000 
251924.000 2761731.000 975380.000 362880.000 
251924.000 2761731.000 977174.000 373664.000 
251924.000 2761731.000 987474.000 374233.000 
251924.000 2761731.000 980882.000 361648.000 
251924.000 2761731.000 951382.000 376272.000 
251924.000 2761731.000 942079.000 390547.000 
251924.000 2761731.000 955354.000 391278.000 
251924.000 2761731.000 965670.000 401283.000 
231934.000 2761731.000 950038.000 370946.000 
199887.000 2761731.000 967727.000 351239.000 
157900.000 2761731.000 980228.000 313649.000 
120164.000 2761731.000 936687.000 312277.000 
111520.000 2761731.000 901317.000 306595.000 
118081.000 2761731.000 911658.000 305959.000 
123438.000 2761731.000 902560.000 326621.000 
174203.000 2761731.000 874229.000 342636.000 
204304.000 2761731.000 864096.000 368590.000 
171737.000 2761731.000 859232.000 361547.000 
159915.000 2761731.000 852737.000 372424.000 
174227.000 2761731.000 864542.000 391467.000 
195447.000 2761731.000 904798.000 399977.000 
207370.000 2761731.000 927485.000 416182.000 
178867.000 2761731.000 945079.000 428574.000 
183255.000 2761731.000 958762.000 428614.000 
216186.000 2761731.000 991908.000 428614.000 
217298.000 2761731.000 1012555.000 428614.000 
199444.000 2761731.000 1006782.000 428614.000 
187376.000 2761731.000 1008475.000 428614.000 
189273.000 2761731.000 1010423.000 428614.000 
216824.000 2761731.000 979665.000 428614.000 
245422.000 2761731.000 950498.000 401782.000 
234303.000 2761731.000 959101.000 335075.000 
238286.000 2761731.000 955776.000 298327.000 
239955.000 2761731.000 919434.000 293152.000 
243020.000 2761731.000 902799.000 292297.000 
243020.000 2761731.000 908332.000 300791.000 
243020.000 2761731.000 898870.000 307252.000 
207285.000 2761731.000 901022.000 295823.000 
180763.000 2761731.000 900632.000 289214.000 
213533.000 2761731.000 884380.000 293929.000 
206973.000 2761731.000 873085.000 293800.000 
189932.000 2761731.000 871496.000 291211.000 
202551.000 2761731.000 849931.000 304549.000 
201937.000 2761731.000 842789.000 306155.000 
199477.000 2761731.000 845574.000 303965.000 
185928.000 2761731.000 849522.000 294615.000 
175416.000 2761731.000 857734.000 294264.000 
176843.000 2761731.000 855670.000 289822.000 
179676.000 2761731.000 855770.000 296843.000 
182503.000 2761731.000 841574.000 322269.000 
197462.000 916920.000 849301.000 295719.000 
222366.000 916920.000 879107.000 295126.000 
217845.000 916920.000 908338.000 293410.000 
196906.000 916920.000 922299.000 292201.000 
222302.000 916920.000 934902.000 294875.000 
243612.000 916920.000 948541.000 295398.000 
250928.000 916920.000 966403.000 318104.000 
251057.000 916920.000 975285.000 316889.000 
242328.000 916920.000 991560.000 330918.000 
242328.000 916920.000 996249.000 325238.000 
204145.000 916920.000 1008664.000 295597.000 
178206.000 916920.000 1004268.000 297160.000 
183129.000 916920.000 1009618.000 302948.000 
161665.000 916920.000 1011805.000 303394.000 
168069.000 916920.000 1015432.000 298517.000 
166661.000 916920.000 964474.000 298875.000 
179162.000 916920.000 966491.000 293651.000 
205561.000 916920.000 982198.000 292978.000 
189392.000 916920.000 978396.000 291523.000 
199314.000 916920.000 992460.000 291484.000 
214022.000 916920.000 1001857.000 299565.000 
223658.000 916920.000 1019051.000 296580.000 
218027.000 916920.000 1018715.000 304258.000 
219471.000 916920.000 1007715.000 303160.000 
228950.000 916920.000 989291.000 310688.000 
251959.000 916920.000 999355.000 292242.000 
256049.000 916920.000 985731.000 293318.000 
263798.000 916920.000 959778.000 299952.000 
234329.000 916920.000 948645.000 314096.000 
204086.000 916920.000 930119.000 301801.000 
217717.000 916920.000 901845.000 313114.000 
223684.000 916920.000 872113.000 293085.000 
241471.000 916920.000 882433.000 297982.000 
261710.000 916920.000 876597.000 295671.000 
254126.000 916920.000 870281.000 308351.000 
254126.000 916920.000 878417.000 295009.000 
254126.000 916920.000 902016.000 295263.000 
153746.000 916920.000 912252.000 302299.000 
154066.000 916920.000 925541.000 313799.000 
157042.000 916920.000 909785.000 298146.000 
156253.000 916920.000 935889.000 295815.000 
145446.000 916920.000 967288.000 292253.000 
168037.000 916920.000 985478.000 310046.000 
197338.000 916920.000 1021435.000 322330.000 
198895.000 916920.000 1065528.000 292871.000 
164117.000 916920.000 1085712.000 290908.000 
171018.000 916920.000 1098349.000 302481.000 
182989.000 916920.000 1081125.000 311397.000 
168428.000 916920.000 1088232.000 294006.000 
170046.000 916920.000 1115518.000 292095.000 
156190.000 818555.000 1126874.000 314303.000 
156960.000 818555.000 1108365.000 303182.000 
157696.000 658128.000 1072746.000 290782.000 
160026.000 441922.000 1009986.000 294291.000 
160095.000 241429.000 944150.000 292628.000 
162608.000 241429.000 909480.000 289838.000 
164631.000 177731.000 891423.000 290975.000 
164861.000 139445.000 838336.000 292188.000 
167084.000 147856.000 812075.000 288803.000 
195437.000 188441.000 787732.000 301870.000 
207401.000 234396.000 770097.000 309257.000 
197951.000 269288.000 769815.000 292231.000 
208963.000 305718.000 769669.000 297021.000 
225999.000 349019.000 769711.000 300633.000 
240566.000 393983.000 769747.000 327945.000 
247365.000 441390.000 769747.000 297425.000 
211202.000 496485.000 772081.000 294742.000 
207055.000 515503.000 786295.000 298349.000 
209607.000 521518.000 792861.000 322345.000 
207745.000 528984.000 820197.000 339605.000 
201931.000 543457.000 831052.000 311489.000 
200074.000 540635.000 867577.000 292568.000 
220772.000 542940.000 903101.000 291845.000 
221903.000 528037.000 930061.000 298123.000 
205756.000 539259.000 957305.000 322709.000 
230148.000 506316.000 976387.000 318934.000 
261879.000 490184.000 1003528.000 326795.000 
256235.000 487274.000 1027900.000 301784.000 
256235.000 473954.000 1063800.000 317624.000 
256235.000 477878.000 1056990.000 302518.000 
192435.000 500145.000 1073728.000 315278.000 
163464.000 537877.000 1094957.000 307308.000 
190310.000 542184.000 1069187.000 310336.000 
136383.000 561853.000 1045614.000 294330.000 
139085.000 596778.000 1045075.000 313681.000 
172757.000 618303.000 1059710.000 311523.000 
197762.000 611052.000 1075541.000 319783.000 
208460.000 589763.000 1068844.000 298536.000 
210093.000 598014.000 1054601.000 304287.000 
200012.000 587913.000 1062753.000 325377.000 
200914.000 578632.000 1048069.000 322436.000 
191895.000 602750.000 1045867.000 324214.000 
206327.000 606387.000 1026722.000 308425.000 
213510.000 617393.000 1036480.000 323841.000 
198413.000 636531.000 1032100.000 330137.000 
205941.000 625905.000 1028427.000 346207.000 
218780.000 629566.000 1019564.000 350587.000 
221954.000 627306.000 1026181.000 356229.000 
227427.000 652856.000 1002349.000 345036.000 
208488.000 658642.000 980429.000 317780.000 
196975.000 691871.000 992521.000 302833.000 
202498.000 682482.000 992157.000 303112.000 
216765.000 697427.000 1020489.000 323248.000 
214787.000 716076.000 1015242.000 337617.000 
197131.000 712558.000 1029304.000 323949.000 
209415.000 693010.000 1037420.000 323204.000 
209093.000 708227.000 1039519.000 312423.000 
202239.000 690127.000 1058453.000 323756.000 
233711.000 716238.000 1058968.000 341196.000 
257738.000 722559.000 1085739.000 324093.000 
233502.000 705040.000 1091938.000 312346.000 
221630.000 689959.000 1093867.000 315366.000 
234720.000 693992.000 1091894.000 325120.000 
250936.000 693162.000 1085167.000 347313.000 
269180.000 683342.000 1102892.000 326728.000 
280631.000 683198.000 1111616.000 319045.000 
280631.000 720019.000 1104139.000 312591.000 
254759.000 749375.000 1084403.000 302233.000 
147937.000 761292.000 1047750.000 295566.000 
171867.000 770169.000 1014600.000 330538.000 
171502.000 774957.000 1019632.000 352229.000 
163069.000 784485.000 1015453.000 374196.000 
188027.000 819680.000 1014811.000 407206.000 
202289.000 850648.000 988674.000 363959.000 
185959.000 798180.000 975206.000 367594.000 
174986.000 788924.000 930282.000 384529.000 
185724.000 775801.000 919570.000 380592.000 
212321.000 774021.000 933256.000 407285.000 
208266.000 792397.000 968344.000 406997.000 
208543.000 795394.000 962223.000 378399.000 
221122.000 780889.000 956901.000 357145.000 
216928.000 787966.000 973057.000 329935.000 
221022.000 802948.000 957746.000 320261.000 
228656.000 823395.000 975561.000 325666.000 
213472.000 841841.000 990109.000 333016.000 
197536.000 880551.000 997384.000 322495.000 
203345.000 907026.000 1027849.000 331105.000 
215240.000 895507.000 1025398.000 347508.000 
213983.000 904697.000 992127.000 351816.000 
191750.000 907073.000 1009564.000 349949.000 
198427.000 911587.000 1038516.000 327392.000 
190223.000 932726.000 1040084.000 341115.000 
186782.000 945203.000 1055031.000 366882.000 
208118.000 963780.000 1075217.000 370084.000 
218791.000 947730.000 1074359.000 366970.000 
230060.000 969627.000 1082633.000 362181.000 
227175.000 978824.000 1109429.000 342369.000 
223282.000 997584.000 1098685.000 344516.000 
221108.000 987448.000 1088107.000 335065.000 
224205.000 993722.000 1115894.000 344067.000 
211776.000 1002863.000 1145367.000 339933.000 
209355.000 1016854.000 1123083.000 348395.000 
221295.000 1013355.000 1151838.000 356793.000 
246404.000 1016261.000 1158851.000 338174.000 
232436.000 1022452.000 1154869.000 359276.000 
238007.000 1017033.000 1151816.000 375156.000 
237530.000 1020687.000 1136732.000 388758.000 
217470.000 1043881.000 1133399.000 414018.000 
206792.000 1068475.000 1106483.000 392617.000 
212622.000 1084529.000 1140100.000 372468.000 
216784.000 1116028.000 1154999.000 338665.000 
209028.000 1159169.000 1163428.000 344090.000 
197979.000 1187254.000 1143638.000 359236.000 
213026.000 1192809.000 1110070.000 383344.000 
231892.000 1190537.000 1081923.000 419254.000 
262428.000 1198538.000 1058052.000 437538.000 
257844.000 1246155.000 1074776.000 440797.000 
232927.000 1283765.000 1083574.000 411341.000 
209414.000 1331883.000 1078904.000 365190.000 
217182.000 1369695.000 1068440.000 343171.000 
247768.000 1399054.000 1052518.000 330995.000 
236659.000 1407052.000 1002599.000 340336.000 
218567.000 1442053.000 1008283.000 351248.000 
218759.000 1456083.000 1007897.000 371608.000 
240989.000 1478843.000 1019304.000 373552.000 
262112.000 1483553.000 1031351.000 366983.000 
286307.000 1490378.000 1046792.000 372276.000 
288813.000 1496593.000 1023181.000 374757.000 
288813.000 1522458.000 1003250.000 390255.000 
288813.000 1554422.000 1016232.000 383781.000 
178054.000 1587027.000 1006481.000 395690.000 
177790.000 1632598.000 1037560.000 399000.000 
196375.000 1629841.000 1050030.000 397763.000 
173864.000 1638001.000 1033686.000 409525.000 
178660.000 1637139.000 1037185.000 388367.000 
189007.000 1629388.000 1040496.000 387160.000 
195317.000 1644750.000 1036359.000 397794.000 
209110.000 1671257.000 1027128.000 422775.000 
204877.000 1692512.000 1050381.000 413621.000 
198683.000 1716097.000 1076886.000 414312.000 
208315.000 1756730.000 1095064.000 383472.000 
207024.000 1786176.000 1096877.000 360928.000 
220824.000 1804451.000 1087305.000 370388.000 
221088.000 1843834.000 1081697.000 369770.000 
223776.000 1865953.000 1099787.000 365199.000 
217010.000 1900378.000 1110407.000 385512.000 
190113.000 1940170.000 1105166.000 389323.000 
213419.000 1947527.000 1079141.000 389699.000 
249812.000 1966181.000 1106654.000 420792.000 
242256.000 1992408.000 1096473.000 405714.000 
248977.000 2017742.000 1097104.000 407076.000 
248977.000 2037700.000 1096852.000 411936.000 
248977.000 2076074.000 1085338.000 384609.000 
178123.000 2121640.000 1093600.000 408748.000 
138856.000 2149199.000 1088546.000 386682.000 
163086.000 2172916.000 1065442.000 394624.000 
179910.000 2200223.000 1069221.000 391013.000 
164704.000 2215004.000 1095903.000 378677.000 
152571.000 2249711.000 1111132.000 394315.000 
150787.000 2284360.000 1125166.000 405210.000 
182342.000 2312672.000 1132504.000 427554.000 
209504.000 2363528.000 1160130.000 413540.000 
200638.000 2382328.000 1168034.000 376126.000 
182148.000 2427538.000 1160954.000 350585.000 
168292.000 2475514.000 1178998.000 334208.000 
166856.000 2486072.000 1191711.000 338812.000 
180113.000 2501794.000 1202456.000 366228.000 
199272.000 2533527.000 1233186.000 405429.000 
181068.000 2575184.000 1221823.000 430313.000 
168881.000 2578617.000 1192695.000 447658.000 
165906.000 2625700.000 1195024.000 447658.000 
176475.000 2673976.000 1185474.000 447658.000 
175227.000 2694205.000 1165921.000 447658.000 
169721.000 2717137.000 1142679.000 447658.000 
174138.000 2750751.000 1130204.000 447658.000 
186045.000 2787138.000 1109545.000 298761.000 
162537.000 2823178.000 1071959.000 290705.000 
161191.000 2862834.000 1074194.000 290570.000 
189462.000 2881289.000 1066237.000 295881.000 
181676.000 2899166.000 1052671.000 303648.000 
174529.000 2899166.000 1067644.000 301439.000 
189568.000 2899166.000 1050503.000 291703.000 
177952.000 2899166.000 1038755.000 301636.000 
187205.000 2899166.000 1032584.000 294924.000 
200892.000 2899166.000 1014261.000 302586.000 
201148.000 2899166.000 998623.000 295862.000 
190467.000 2899166.000 994091.000 298373.000 
175547.000 2899166.000 988727.000 296371.000 
157590.000 2899166.000 974316.000 295337.000 
168932.000 2899166.000 954341.000 291170.000 
186985.000 2899166.000 936710.000 294740.000 
182775.000 2899166.000 925047.000 305997.000 
180163.000 2899166.000 907693.000 295427.000 
173712.000 2899166.000 919735.000 292488.000 
193540.000 2899166.000 917064.000 315857.000 
213488.000 2899166.000 926731.000 300565.000 
218759.000 2899166.000 951466.000 293071.000 
191282.000 2899166.000 948022.000 292628.000 
189172.000 2899166.000 963262.000 325083.000 
178509.000 2899166.000 986621.000 308450.000 
177731.000 2899166.000 979623.000 294253.000 
189669.000 2899166.000 967148.000 292034.000 
181975.000 2899166.000 978832.000 290472.000 
195886.000 2899166.000 975120.000 291029.000 
217722.000 2899166.000 990692.000 295172.000 
199806.000 2899166.000 992075.000 307222.000 
195905.000 2899166.000 968408.000 301066.000 
214979.000 2899166.000 972534.000 292155.000 
208098.000 2899166.000 976468.000 291790.000 
220222.000 2899166.000 965751.000 292808.000 
211290.000 2899166.000 988541.000 302564.000 
182275.000 2899166.000 1011137.000 297884.000 
172812.000 2899166.000 990129.000 298854.000 
182889.000 2899166.000 978656.000 300729.000 
196647.000 2899166.000 967852.000 299362.000 
202186.000 2899166.000 981775.000 293190.000 
215594.000 2899166.000 977529.000 294740.000 
211861.000 2899166.000 963921.000 294523.000 
211132.000 2899166.000 959412.000 292090.000 
214889.000 2899166.000 961440.000 292180.000 
207401.000 2899166.000 978989.000 296561.000 
218217.000 2899166.000 984414.000 297017.000 
247324.000 2899166.000 1009647.000 293758.000 
245628.000 2899166.000 1030502.000 309459.000 
250837.000 2899166.000 1032244.000 299715.000 
250837.000 2899166.000 1043616.000 293443.000 
216746.000 2899166.000 1048454.000 295425.000 
162839.000 2899166.000 1029095.000 301144.000 
187034.000 2899166.000 1052790.000 295155.000 
193677.000 2899166.000 1070149.000 314779.000 
213760.000 2899166.000 1071692.000 348841.000 
225002.000 2899166.000 1038695.000 319109.000 
200773.000 2899166.000 1051499.000 298372.000 
196084.000 2899166.000 1032364.000 297197.000 
195609.000 2899166.000 1029502.000 304781.000 
185822.000 2899166.000 1060719.000 291029.000 
201315.000 2899166.000 1032571.000 290844.000 
237771.000 517441.000 1024253.000 327448.000 
254248.000 388426.000 981624.000 339538.000 
267570.000 412438.000 951187.000 315673.000 
251033.000 436941.000 952157.000 292801.000 
251033.000 453005.000 970200.000 311898.000 
251033.000 478922.000 943257.000 307735.000 
251033.000 491657.000 960288.000 293812.000 
251033.000 521652.000 936609.000 291152.000 
229943.000 546029.000 931560.000 303517.000 
176717.000 569052.000 937048.000 302986.000 
159174.000 598476.000 960393.000 291442.000 
164549.000 613171.000 975275.000 302000.000 
191525.000 638289.000 994336.000 307683.000 
202021.000 653656.000 1022416.000 291728.000 
215034.000 664169.000 1043948.000 298560.000 
203306.000 676958.000 1045973.000 300426.000 
182172.000 700486.000 1079790.000 325051.000 
206534.000 720022.000 1073606.000 351789.000 
217750.000 749056.000 1069884.000 347564.000 
216754.000 774948.000 1077570.000 353059.000 
169284.000 812407.000 1084988.000 297738.000 
181882.000 823324.000 1083826.000 295688.000 
198834.000 823324.000 1095926.000 301153.000 
224599.000 823324.000 1115524.000 295323.000 
233154.000 823324.000 1072943.000 293859.000 
206732.000 823324.000 1070522.000 291169.000 
181959.000 823324.000 1090311.000 296265.000 
171967.000 823324.000 1070975.000 301039.000 
175976.000 823324.000 1079554.000 309310.000 
184210.000 823324.000 1094885.000 297717.000 
196579.000 823324.000 1107740.000 292773.000 
191408.000 823324.000 1146290.000 306676.000 
202200.000 823324.000 1151384.000 322673.000 
213638.000 823324.000 1156427.000 342424.000 
231067.000 823324.000 1124205.000 321203.000 
227071.000 823324.000 1123046.000 293874.000 
240018.000 823324.000 1129323.000 295042.000 
229469.000 823324.000 1112018.000 302337.000 
207736.000 823324.000 1116823.000 309554.000 
217805.000 823324.000 1121739.000 306354.000 
239187.000 823324.000 1130447.000 314145.000 
218483.000 823324.000 1097209.000 339033.000 
196839.000 823324.000 1050542.000 317755.000 
186543.000 823324.000 1060936.000 296094.000 
181404.000 823324.000 1067280.000 299096.000 
200347.000 823324.000 1094118.000 304163.000 
208862.000 823324.000 1106596.000 328681.000 
196281.000 823324.000 1121848.000 317397.000 
208114.000 823324.000 1138142.000 305914.000 
203640.000 823324.000 1158166.000 293404.000 
192699.000 823324.000 1175241.000 306269.000 
217540.000 823324.000 1145498.000 324150.000 
216011.000 968689.000 1140571.000 306352.000 
211549.000 1084560.000 1162343.000 291520.000 
237649.000 1183933.000 1165225.000 306433.000 
224437.000 1277127.000 1135187.000 317505.000 
170810.000 1386436.000 1120520.000 334603.000 
203283.000 1424809.000 1100125.000 331286.000 
225750.000 1424809.000 1079853.000 350307.000 
227599.000 1424809.000 1068586.000 357360.000 
236165.000 1424809.000 1021960.000 336233.000 
233546.000 1424809.000 1039055.000 321171.000 
230557.000 1424809.000 1077032.000 338321.000 
233177.000 1424809.000 1087055.000 323569.000 
237096.000 1424809.000 1078350.000 307661.000 
237409.000 1424809.000 1074810.000 319117.000 
217210.000 1424809.000 1077432.000 325250.000 
189631.000 1424809.000 1086040.000 348445.000 
202321.000 712354.000 1112259.000 356073.000 
227379.000 663184.000 1100030.000 352922.000 
260517.000 630612.000 1105089.000 350053.000 
250973.000 645878.000 1124214.000 338649.000 
255939.000 660748.000 1130304.000 335745.000 
255939.000 599658.000 1118943.000 324421.000 
255939.000 631367.000 1143386.000 311337.000 
255939.000 695013.000 1143755.000 313143.000 
204054.000 713776.000 1140489.000 303214.000 
189484.000 725470.000 1157498.000 305560.000 
202161.000 751206.000 1185507.000 294750.000 
211944.000 749119.000 1181873.000 297253.000 
210527.000 757038.000 1185512.000 313715.000 
225587.000 780523.000 1181866.000 338410.000 
224513.000 777401.000 1166727.000 347099.000 
203948.000 794049.000 1135315.000 346531.000 
201929.000 792086.000 1127473.000 336680.000 
178954.000 821358.000 1101817.000 342937.000 
199099.000 835522.000 1099068.000 345729.000 
232565.000 835112.000 1120123.000 326671.000 
225423.000 848356.000 1122482.000 329108.000 
218369.000 860227.000 1104550.000 341683.000 
243584.000 845276.000 1089946.000 339404.000 
240727.000 830874.000 1085940.000 358514.000 
230602.000 826045.000 1103172.000 361891.000 
245744.000 765952.000 1091178.000 364693.000 
292015.000 750955.000 1119986.000 391544.000 
310105.000 744088.000 1140816.000 402114.000 
312925.000 724426.000 1131805.000 397410.000 
312925.000 743095.000 1122259.000 401848.000 
269571.000 763874.000 1102052.000 373959.000 
183328.000 760554.000 1086586.000 372726.000 
155914.000 781869.000 1079493.000 369555.000 
153396.000 802313.000 1070505.000 373503.000 
180779.000 838656.000 1085268.000 411916.000 
191155.000 877849.000 1077841.000 423579.000 
178363.000 911268.000 1061857.000 402878.000 
168661.000 938448.000 1023444.000 374394.000 
193699.000 941787.000 1034869.000 335609.000 
208980.000 913178.000 1060145.000 324124.000 
195003.000 935954.000 1077717.000 337819.000 
203477.000 956445.000 1097587.000 340546.000 
169728.000 971554.000 1119742.000 332086.000 
177538.000 968378.000 1131534.000 339231.000 
200427.000 942336.000 1144094.000 347028.000 
212808.000 925281.000 1153809.000 364382.000 
216684.000 922507.000 1132477.000 386020.000 
225991.000 912465.000 1143763.000 405171.000 
250161.000 917406.000 1159499.000 378253.000 
223149.000 943387.000 1179264.000 357431.000 
205666.000 937650.000 1172637.000 340038.000 
204058.000 924253.000 1158606.000 351012.000 
200807.000 929713.000 1153602.000 366257.000 
233588.000 922439.000 1122338.000 380635.000 
236020.000 907012.000 1117420.000 391131.000 
230228.000 903450.000 1106273.000 405717.000 
218745.000 921809.000 1085451.000 403631.000 
188988.000 925877.000 1097225.000 385514.000 
205098.000 940625.000 1093103.000 404081.000 
198853.000 927604.000 1098770.000 390734.000 
185564.000 933631.000 1085943.000 409149.000 
213688.000 933952.000 1066836.000 413061.000 
222601.000 957820.000 1080479.000 426957.000 
185565.000 955099.000 1074244.000 417181.000 
194482.000 976047.000 1041382.000 439448.000 
228234.000 936533.000 1041672.000 470173.000 
270888.000 921795.000 1032994.000 474123.000 
291550.000 896579.000 1019771.000 474123.000 
291550.000 883043.000 1023933.000 474123.000 
291550.000 858351.000 1005371.000 474123.000 
151758.000 815567.000 998123.000 474123.000 
149373.000 796873.000 1030829.000 474123.000 
172330.000 794265.000 1036817.000 340752.000 
159765.000 804306.000 1018590.000 314787.000 
146483.000 802657.000 1017582.000 324325.000 
149913.000 821057.000 1029968.000 299791.000 
135976.000 808444.000 1008758.000 294021.000 
140908.000 796098.000 1021628.000 292275.000 
151109.000 805972.000 1042880.000 297350.000 
144045.000 826827.000 1042372.000 305061.000 
175548.000 822510.000 1069487.000 298674.000 
221305.000 824623.000 1110671.000 295714.000 
197067.000 857798.000 1050172.000 307040.000 
161735.000 854595.000 1038421.000 310307.000 
189218.000 847990.000 1037035.000 293965.000 
190940.000 861360.000 1020262.000 297453.000 
166818.000 860350.000 1030595.000 294313.000 
184563.000 845176.000 1033345.000 291977.000 
203967.000 851039.000 998135.000 296416.000 
203712.000 827510.000 1019838.000 313149.000 
189046.000 818895.000 1014726.000 292758.000 
195442.000 820167.000 971505.000 294306.000 
190568.000 808578.000 996784.000 291912.000 
174111.000 819333.000 1012183.000 294016.000 
189172.000 830194.000 1022873.000 302410.000 
211187.000 831163.000 1049936.000 292252.000 
230233.000 843915.000 1086850.000 296248.000 
225516.000 874721.000 1079088.000 296786.000 
208524.000 887157.000 1062927.000 295733.000 
217739.000 874253.000 1038220.000 290963.000 
220239.000 889393.000 1007060.000 302595.000 
211482.000 879129.000 1007849.000 312071.000 
200692.000 875181.000 987313.000 291622.000 
187033.000 899782.000 993684.000 293488.000 
185131.000 946334.000 1010237.000 296304.000 
193183.000 976772.000 999558.000 290579.000 
203899.000 987049.000 967753.000 293420.000 
178774.000 981071.000 961763.000 294413.000 
193358.000 978771.000 960274.000 291100.000 
209789.000 1016051.000 962646.000 292870.000 
208401.000 1008894.000 996055.000 294589.000 
225536.000 1011251.000 989826.000 297604.000 
239747.000 1022749.000 988640.000 291671.000 
224737.000 1009034.000 985145.000 313222.000 
205978.000 988701.000 976467.000 297826.000 
179583.000 975498.000 963796.000 295691.000 
203429.000 957216.000 980008.000 298815.000 
207688.000 982903.000 1008263.000 295458.000 
215560.000 1013178.000 1032937.000 301732.000 
228810.000 981898.000 1027890.000 304524.000 
214121.000 991726.000 993152.000 295363.000 
201821.000 1041358.000 1001256.000 290660.000 
196019.000 1066849.000 1010751.000 306885.000 
192037.000 1062967.000 993455.000 293949.000 
213450.000 1079908.000 1000673.000 289757.000 
225804.000 1089617.000 1016077.000 293311.000 
222706.000 1096032.000 1018573.000 316648.000 
237582.000 1094623.000 989268.000 294395.000 
239524.000 1074436.000 995829.000 291931.000 
239524.000 1087715.000 998279.000 298122.000 
239524.000 1108270.000 1017681.000 342228.000 
155481.000 1133647.000 1031485.000 307384.000 
156199.000 1121798.000 1012913.000 296866.000 
170023.000 1113266.000 1037916.000 295000.000 
157644.000 1133978.000 1039784.000 305535.000 
170913.000 1152370.000 1025755.000 321742.000 
184373.000 1143848.000 1036989.000 296155.000 
175588.000 1160957.000 1055267.000 310467.000 
179810.000 1214544.000 1057597.000 326531.000 
170449.000 1236824.000 1047761.000 292037.000 
194075.000 1246795.000 1051416.000 292159.000 
234482.000 1241659.000 1041662.000 297672.000 
232539.000 1236863.000 1044730.000 330227.000 
207978.000 1216575.000 1052110.000 307909.000 
181589.000 1215816.000 1067940.000 294335.000 
187970.000 1258536.000 1102372.000 310441.000 
214090.000 1286672.000 1128878.000 308487.000 
197357.000 1310524.000 1100477.000 291826.000 
214522.000 1333263.000 1087408.000 292800.000 
244397.000 1364638.000 1082317.000 298613.000 
247370.000 1392172.000 1078872.000 298717.000 
238790.000 1376451.000 1069354.000 293920.000 
219733.000 1375454.000 1049271.000 296899.000 
225041.000 1389799.000 1038899.000 314847.000 
215573.000 1411496.000 1027271.000 306608.000 
187633.000 1443882.000 1023342.000 340923.000 
197401.000 1482230.000 992081.000 350407.000 
209794.000 1503533.000 1005192.000 346616.000 
229413.000 1538392.000 1015353.000 331348.000 
240057.000 1570670.000 1048897.000 298914.000 
216977.000 1584649.000 1051232.000 292893.000 
195972.000 1582475.000 1072876.000 295178.000 
213813.000 1593259.000 1086683.000 303773.000 
244088.000 1572370.000 1114448.000 293305.000 
276225.000 1594980.000 1146932.000 294652.000 
256014.000 1596280.000 1157153.000 295731.000 
256014.000 1620134.000 1133391.000 302373.000 
200383.000 1645230.000 1137049.000 293974.000 
155971.000 1673098.000 1179934.000 292298.000 
161016.000 1707284.000 1168215.000 294513.000 
187437.000 1733131.000 1156492.000 294523.000 
172736.000 1775305.000 1157037.000 294934.000 
178543.000 1801268.000 1165574.000 293731.000 
196621.000 1835225.000 1148182.000 312532.000 
201926.000 1854746.000 1133311.000 295579.000 
205435.000 1879842.000 1102122.000 292792.000 
182381.000 1897309.000 1089632.000 291253.000 
171935.000 1907904.000 1106211.000 324813.000 
180405.000 1920980.000 1095370.000 365642.000 
186706.000 1951006.000 1075682.000 350518.000 
203708.000 1946951.000 1110580.000 337882.000 
214669.000 1966928.000 1115355.000 310727.000 
217240.000 2004743.000 1133091.000 301934.000 
207735.000 2029909.000 1138652.000 303214.000 
187137.000 2063198.000 1159699.000 308266.000 
201938.000 2085442.000 1162729.000 303259.000 
229479.000 2109293.000 1190465.000 305823.000 
232535.000 2145075.000 1222022.000 301255.000 
215333.000 2165280.000 1218991.000 317773.000 
214473.000 2184916.000 1229278.000 319522.000 
191722.000 2211332.000 1209871.000 319945.000 
178312.000 2237746.000 1205535.000 325566.000 
193762.000 2257268.000 1184062.000 309785.000 
223606.000 2296108.000 1209664.000 334616.000 
225772.000 2311507.000 1208556.000 305819.000 
216924.000 2333986.000 1201118.000 295416.000 
218282.000 2329944.000 1194600.000 293363.000 
216660.000 2347292.000 1216018.000 319790.000 
217002.000 2384581.000 1200022.000 328754.000 
198604.000 2426905.000 1200074.000 311233.000 
203366.000 2452935.000 1202827.000 325769.000 
221174.000 2480392.000 1203474.000 333135.000 
249514.000 2519847.000 1234569.000 332200.000 
224923.000 2562710.000 1232201.000 307339.000 
231093.000 2594250.000 1240361.000 294692.000 
233417.000 2599789.000 1212417.000 296715.000 
220870.000 2632778.000 1213799.000 310732.000 
212934.000 2675234.000 1195929.000 305582.000 
215084.000 2678723.000 1221816.000 309687.000 
214648.000 2724900.000 1243937.000 300696.000 
205590.000 2763859.000 1263709.000 318601.000 
237144.000 2773922.000 1242841.000 327458.000 
256340.000 2785380.000 1234486.000 351042.000 
258204.000 2827194.000 1251748.000 362233.000 
254453.000 2871725.000 1244046.000 358137.000 
267433.000 2900961.000 1230748.000 340349.000 
271913.000 2911273.000 1224960.000 319320.000 
271913.000 2951123.000 1213638.000 321576.000 
133528.000 2972873.000 1205692.000 359673.000 
138383.000 3018873.000 1182686.000 365109.000 
134696.000 3066099.000 1161973.000 374204.000 
139401.000 3094876.000 1163808.000 382183.000 
147634.000 3111005.000 1154907.000 342402.000 
172915.000 3146935.000 1172158.000 359939.000 
186395.000 3184031.000 1187114.000 364027.000 
147325.000 3208483.000 1208612.000 341086.000 
148064.000 3252025.000 1204480.000 363131.000 
156993.000 3305725.000 1221783.000 347602.000 
178030.000 3352742.000 1237336.000 374445.000 
194032.000 3383757.000 1257795.000 372446.000 
201239.000 3417479.000 1245780.000 359040.000 
213039.000 3468718.000 1253405.000 353123.000 
239338.000 3509398.000 1286731.000 357820.000 
233043.000 3504082.000 1250322.000 344933.000 
245511.000 3523295.000 1221198.000 375128.000 
259406.000 3559275.000 1190181.000 361219.000 
238687.000 3559275.000 1162672.000 354579.000 
217346.000 3559275.000 1150109.000 298714.000 
225990.000 3559275.000 1154506.000 300277.000 
226614.000 3559275.000 1139758.000 307542.000 
246594.000 3559275.000 1127472.000 331196.000 
236723.000 3559275.000 1150075.000 345885.000 
236723.000 3559275.000 1156886.000 356696.000 
227287.000 3559275.000 1150268.000 366587.000 
161312.000 3559275.000 1147930.000 350938.000 
154217.000 3559275.000 1177900.000 343249.000 
171783.000 3559275.000 1200256.000 342801.000 
153255.000 3559275.000 1230988.000 366206.000 
169980.000 3559275.000 1230206.000 377167.000 
177125.000 3559275.000 1231599.000 389974.000 
171473.000 3559275.000 1224838.000 389965.000 
171112.000 3559275.000 1234766.000 361654.000 
192363.000 3559275.000 1225165.000 326095.000 
227977.000 3559275.000 1229427.000 300061.000 
199966.000 3559275.000 1230634.000 319261.000 
168909.000 3559275.000 1238519.000 353329.000 
195053.000 3559275.000 1222033.000 377198.000 
208347.000 3559275.000 1220129.000 412990.000 
178115.000 3559275.000 1212297.000 413460.000 
188793.000 3559275.000 1175779.000 402956.000 
195880.000 3559275.000 1169242.000 395489.000 
196931.000 3559275.000 1185086.000 358461.000 
214246.000 3559275.000 1200194.000 343786.000 
178173.000 3559275.000 1216819.000 327286.000 
157637.000 3559275.000 1210074.000 346188.000 
174336.000 3559275.000 1210822.000 372606.000 
211475.000 3559275.000 1210191.000 399627.000 
196730.000 3559275.000 1194905.000 399257.000 
185999.000 3559275.000 1205637.000 375830.000 
184967.000 3559275.000 1195064.000 344606.000 
180553.000 3559275.000 1206221.000 354692.000 
189873.000 3559275.000 1209121.000 383330.000 
206934.000 3559275.000 1185213.000 400376.000 
214650.000 3559275.000 1181424.000 408718.000 
196913.000 3559275.000 1143825.000 390499.000 
146062.000 3559275.000 1146671.000 353109.000 
166771.000 3559275.000 1175017.000 367592.000 
202225.000 3559275.000 1183924.000 388398.000 
199886.000 3559275.000 1169707.000 388655.000 
189954.000 3559275.000 1189358.000 401911.000 
186475.000 3559275.000 1188087.000 406797.000 
169665.000 3559275.000 1206966.000 393899.000 
170917.000 3559275.000 1196344.000 392808.000 
179027.000 3559275.000 1214643.000 386832.000 
194950.000 3559275.000 1232613.000 388178.000 
211412.000 3559275.000 1237937.000 390065.000 
200850.000 3559275.000 1247513.000 392046.000 
173961.000 3559275.000 1236796.000 389104.000 
163388.000 3559275.000 1216868.000 378947.000 
198632.000 3559275.000 1182743.000 375851.000 
246357.000 3559275.000 1196830.000 381800.000 
235608.000 3559275.000 1198918.000 357476.000 
183844.000 3559275.000 1198635.000 356663.000 
184822.000 3559275.000 1192774.000 363188.000 
190824.000 3559275.000 1176187.000 358503.000 
190364.000 3559275.000 1173624.000 366868.000 
222068.000 3559275.000 1179613.000 368539.000 
239253.000 3559275.000 1162267.000 367103.000 
203973.000 3559275.000 1167501.000 372782.000 
192008.000 3559275.000 1173243.000 387316.000 
224815.000 3559275.000 1186482.000 383377.000 
234915.000 3559275.000 1184686.000 377034.000 
