0 0 0 0
38 10 0 0
80 51 0 0
122 93 0 10
164 134 0 10
206 176 10 26
247 218 10 30
289 260 10 42
331 302 10 70
373 344 30 79
415 385 30 121
457 427 30 156
498 469 34 198
540 511 70 239
582 553 70 281
624 595 70 323
666 636 87 365
708 678 129 407
749 720 150 449
791 762 150 490
833 804 167 532
875 846 209 574
917 887 251 616
948 929 293 658
983 971 310 700
1019 1013 349 738
1061 1055 391 768
1089 1091 433 785
1122 1133 474 811
1156 1174 516 849
1186 1211 558 866
1215 1237 600 866
1246 1272 642 866
1279 1310 684 866
1310 1347 725 868
1352 1389 767 868
1393 1431 809 868
1435 1472 851 872
1477 1514 893 872
1519 1556 935 872
1560 1598 976 880
1602 1640 1018 880
1644 1682 1060 880
1686 1723 1102 896
1727 1765 1144 896
1766 1807 1186 896
1804 1849 1227 916
1846 1891 1269 928
1886 1933 1298 928
1928 1974 1339 953
1969 2016 1354 992
2011 2058 1354 992
2048 2097 1354 1019
2090 2139 1354 1061
2131 2172 1354 1091
2173 2209 1369 1108
2215 2249 1408 1140
2257 2282 1416 1182
2294 2322 1418 1211
2335 2364 1418 1236
2377 2406 1418 1274
2419 2447 1459 1313
2460 2489 1484 1340
2499 2531 1484 1378
2539 2573 1484 1404
2581 2615 1504 1438
2623 2657 1546 1476
2660 2698 1588 1510
2682 2733 1615 1544
2703 2770 1615 1571
2734 2806 1656 1606
2760 2840 1698 1643
2790 2881 1737 1678
2816 2915 1768 1707
2852 2949 1792 1745
2877 2984 1815 1781
2914 3024 1839 1815
2951 3047 1869 1851
2990 3075 1896 1881
3029 3103 1923 1911
3059 3137 1959 1938
3084 3172 2001 1975
3122 3213 2031 2011
3155 3255 2059 2047
3190 3291 2091 2069
3230 3323 2119 2107
3262 3364 2144 2140
3290 3403 2172 2169
3311 3434 2205 2200
3341 3475 2233 2229
3371 3507 2263 2267
3388 3546 2304 2300
3415 3585 2332 2333
3445 3617 2368 2369
3476 3657 2395 2404
3511 3699 2428 2442
3549 3741 2461 2465
3590 3782 2496 2496
3620 3820 2526 2523
3650 3859 2555 2552
3680 3899 2585 2589
3716 3941 2613 2629
3751 3973 2637 2662
3778 4011 2668 2692
3806 4053 2693 2726
3837 4091 2727 2767
3863 4133 2751 2803
3901 4172 2786 2832
3937 4214 2818 2869
3963 4256 2846 2897
3996 4297 2882 2931
4021 4339 2906 2960
4052 4381 2935 2997
4084 4423 2967 3018
4108 4465 2999 3043
4134 4507 3041 3079
4169 4548 3082 3113
4201 4590 3117 3140
4226 4632 3149 3171
4264 4674 3179 3209
4293 4716 3202 3241
4319 4758 3235 3262
4347 4799 3273 3298
4379 4841 3302 3326
4409 4883 3330 3361
4447 4925 3355 3400
4483 4967 3389 3438
4513 5009 3421 3480
4553 5050 3448 3506
4588 5092 3478 3536
4629 5134 3509 3560
4661 5176 3537 3585
4694 5218 3570 3606
4728 5260 3603 3633
4757 5301 3635 3667
4792 5343 3662 3682
4832 5385 3689 3688
4874 5427 3718 3720
4908 5469 3747 3741
4939 5511 3775 3746
4974 5552 3813 3777
5007 5594 3852 3801
5042 5636 3882 3809
5079 5678 3916 3836
5116 5720 3952 3862
5150 5762 3990 3871
5192 5803 4026 3898
5232 5845 4062 3924
5263 5887 4098 3937
5301 5929 4131 3963
5343 5971 4166 3987
5334 6003 4202 4003
5331 6003 4240 4019
5328 6003 4279 4036
5322 6004 4316 4057
5319 6004 4337 4058
5317 6004 4364 4076
5310 6004 4393 4093
5309 6003 4430 4081
5309 6003 4442 4093
5309 6004 4475 4075
5307 6004 4511 4064
5303 6004 4536 4042
5302 6004 4529 4024
5299 6003 4566 4007
5297 6003 4605 3986
5296 6004 4627 3968
5290 6004 4626 3948
5272 6004 4644 3931
5260 6004 4664 3914
5245 6003 4671 3895
5221 5991 4660 3875
5213 5950 4658 3857
5222 5908 4656 3841
5220 5866 4664 3819
5217 5824 4659 3809
5200 5782 4655 3803
5204 5746 4643 3805
5206 5704 4644 3807
5212 5695 4639 3793
5222 5688 4639 3796
5232 5688 4633 3825
5231 5688 4618 3853
5235 5684 4604 3872
5238 5675 4598 3893
5235 5662 4596 3917
5234 5651 4591 3946
5225 5640 4584 3964
5202 5633 4581 3989
5190 5626 4565 4019
5177 5614 4564 4033
5152 5601 4555 4058
5135 5591 4547 4088
5125 5585 4547 4095
5120 5565 4545 4121
5116 5523 4545 4149
5115 5481 4544 4153
5102 5439 4541 4169
5099 5397 4545 4195
5085 5356 4536 4196
5081 5314 4552 4184
5080 5272 4583 4210
5078 5262 4620 4211
5066 5262 4654 4195
5063 5270 4679 4192
5057 5275 4691 4204
5048 5277 4681 4200
5037 5286 4707 4185
5033 5288 4732 4173
5019 5288 4765 4180
5015 5287 4803 4177
5003 5288 4787 4155
5002 5288 4791 4151
4994 5288 4824 4141
4987 5288 4861 4148
4985 5288 4872 4138
4976 5287 4861 4130
4976 5288 4852 4121
4992 5257 4855 4116
5007 5220 4881 4121
4996 5206 4870 4106
4998 5198 4863 4100
4995 5157 4862 4098
4989 5123 4867 4093
4979 5089 4881 4082
4991 5054 4890 4079
4989 5014 4902 4075
4986 5015 4905 4062
4979 5026 4916 4066
4973 5040 4915 4067
4969 5041 4911 4062
4974 5041 4897 4057
4968 5037 4899 4050
4966 5029 4907 4044
4958 5029 4912 4051
4956 5034 4920 4043
4959 5017 4931 4041
4966 5009 4940 4040
4981 5006 4937 4040
4981 4996 4943 4043
4988 4992 4955 4037
5010 4976 4943 4033
5011 4959 4948 4029
5005 4962 4945 4028
4995 4956 4950 4024
4989 4947 4949 4013
4980 4929 4954 4019
4962 4915 4952 4018
4968 4877 4955 4019
4968 4838 4963 4019
4968 4798 4959 4001
4967 4756 4960 3996
4972 4724 4971 3994
4987 4686 4970 3994
4990 4644 4979 3988
4994 4606 4972 3979
4999 4564 4970 3969
4992 4525 4965 3972
4986 4483 4962 3972
4995 4442 4964 3975
5004 4401 4960 3971
5021 4361 4973 3982
5032 4323 4974 3973
5042 4287 4980 3981
5059 4247 4990 3998
5075 4221 4990 3993
5082 4212 4991 3994
5092 4194 4998 4008
5109 4194 5008 4009
5113 4194 5019 3999
5115 4193 5038 3992
5121 4193 5046 4002
5130 4194 5037 3998
5134 4194 5045 4005
5133 4194 5054 4005
5127 4194 5063 4000
5125 4193 5054 3997
5122 4193 5052 3986
5124 4194 5060 3995
5124 4194 5051 3998
5120 4194 5057 4007
5123 4194 5053 4015
5129 4193 5053 4022
5135 4193 5052 4026
5139 4169 5056 4021
5131 4127 5062 4039
5126 4091 5060 4069
5114 4079 5061 4069
5111 4063 5062 4080
5122 4046 5066 4111
5124 4046 5061 4118
5122 4037 5055 4117
5113 4028 5053 4134
5103 4028 5045 4143
5094 4020 5034 4149
5097 4009 5024 4176
5093 4006 5023 4179
5087 3997 5019 4179
5086 3993 5015 4192
5077 3993 5015 4199
5063 3992 5011 4204
5070 3991 5000 4213
5065 3990 4988 4221
5057 3990 4985 4217
5051 3985 4987 4225
5039 3983 4981 4243
5032 3978 4977 4254
5035 3955 4974 4259
5030 3944 4969 4275
5018 3940 4967 4289
5001 3939 4966 4295
4997 3935 4964 4302
4991 3926 4965 4319
4966 3923 4961 4327
4961 3923 4953 4329
4951 3916 4940 4338
4943 3908 4929 4339
4937 3902 4913 4348
4945 3892 4912 4353
4949 3889 4922 4362
4950 3879 4932 4374
4961 3877 4931 4381
4965 3914 4921 4399
4952 3951 4907 4404
4949 3990 4915 4406
4942 4030 4915 4406
4952 4064 4913 4414
4948 4091 4912 4430
4938 4123 4902 4433
4932 4117 4891 4451
4928 4117 4881 4465
4915 4122 4878 4471
4924 4118 4886 4475
4917 4121 4891 4489
4919 4129 4884 4496
4910 4127 4876 4498
4901 4122 4872 4502
4893 4119 4867 4519
4907 4111 4859 4525
4907 4104 4859 4534
4900 4095 4856 4546
4902 4098 4859 4556
4916 4102 4856 4559
4924 4092 4852 4570
4926 4102 4850 4565
4924 4141 4834 4570
4922 4163 4826 4579
4926 4190 4812 4574
4924 4218 4804 4579
4921 4249 4813 4588
4912 4284 4820 4595
4900 4317 4820 4597
4904 4328 4816 4611
4911 4312 4814 4611
4908 4298 4820 4613
4906 4280 4822 4615
4905 4260 4821 4625
4907 4249 4812 4639
4905 4244 4817 4654
4911 4240 4815 4656
4902 4233 4807 4650
4904 4218 4813 4662
4893 4206 4812 4675
4892 4197 4806 4674
4896 4173 4801 4674
4887 4162 4810 4682
4883 4150 4812 4684
4874 4135 4818 4696
4870 4160 4815 4706
4864 4188 4820 4707
4876 4197 4819 4723
4880 4196 4823 4719
4886 4225 4814 4718
4900 4257 4815 4732
4912 4287 4809 4740
4900 4323 4806 4735
4900 4361 4802 4735
4891 4370 4795 4740
4886 4358 4792 4738
4887 4346 4795 4735
4891 4343 4786 4722
4898 4342 4800 4690
4908 4336 4808 4680
4919 4335 4805 4681
4928 4339 4798 4665
4922 4337 4787 4651
4926 4354 4787 4642
4923 4361 4786 4640
4925 4365 4791 4627
4933 4370 4787 4617
4928 4377 4777 4610
4917 4381 4782 4601
4924 4397 4782 4596
4936 4403 4785 4585
4951 4403 4795 4571
4956 4405 4805 4571
4951 4419 4800 4564
4959 4430 4799 4554
4954 4472 4802 4554
4948 4510 4804 4545
4954 4552 4815 4549
4940 4591 4823 4540
4924 4633 4827 4533
4917 4667 4829 4522
4915 4701 4827 4522
4911 4741 4829 4514
4920 4781 4843 4509
4920 4818 4850 4501
4925 4859 4859 4490
4921 4895 4860 4481
4913 4930 4862 4477
4905 4964 4861 4463
4895 5002 4862 4457
4891 5038 4863 4455
4886 5067 4854 4439
4871 5088 4842 4430
4867 5086 4835 4422
4857 5097 4820 4407
4852 5096 4819 4397
4843 5088 4820 4397
4853 5082 4817 4390
4849 5073 4807 4391
4845 5070 4812 4385
4842 5070 4806 4366
4851 5070 4805 4363
4856 5064 4813 4360
4853 5065 4816 4341
4856 5064 4815 4341
4846 5064 4813 4333
4838 5064 4821 4322
4825 5064 4815 4314
4826 5064 4825 4308
4811 5065 4829 4309
4791 5064 4833 4298
4781 5089 4829 4300
4795 5123 4833 4295
4793 5158 4837 4283
4798 5156 4843 4275
4804 5166 4847 4271
4792 5177 4854 4259
4793 5178 4856 4252
4795 5183 4862 4255
4806 5192 4871 4258
4811 5192 4876 4251
4817 5196 4880 4248
4816 5207 4885 4235
4810 5211 4875 4237
4810 5220 4881 4237
4817 5224 4877 4240
4815 5223 4874 4238
4821 5224 4870 4235
4816 5225 4873 4240
4817 5227 4872 4247
4808 5227 4867 4251
4808 5232 4856 4247
4822 5231 4873 4248
4817 5236 4892 4241
4816 5259 4906 4234
4817 5271 4906 4232
4827 5275 4908 4229
4836 5272 4903 4225
4822 5273 4892 4217
4823 5276 4893 4206
4842 5279 4909 4211
4839 5280 4922 4212
4845 5287 4930 4209
4849 5295 4929 4219
4857 5300 4933 4218
4864 5310 4927 4212
4863 5313 4922 4203
4868 5324 4919 4195
4870 5338 4925 4198
4867 5343 4929 4190
4872 5347 4932 4186
4876 5350 4927 4184
4874 5352 4920 4193
4877 5360 4913 4188
4881 5375 4905 4187
4872 5385 4902 4185
4858 5400 4907 4176
4856 5412 4903 4173
4862 5423 4900 4170
4865 5434 4893 4171
4864 5439 4891 4164
4857 5445 4888 4162
4861 5459 4896 4162
4865 5475 4896 4157
4868 5490 4908 4154
4865 5505 4915 4158
4862 5519 4919 4146
4870 5540 4911 4137
4883 5549 4909 4136
4878 5555 4918 4131
4868 5572 4917 4132
4858 5582 4912 4148
4856 5585 4912 4141
4850 5605 4914 4139
4849 5619 4926 4147
4844 5633 4936 4144
4846 5644 4930 4138
4852 5651 4929 4134
4852 5660 4936 4140
4848 5661 4936 4119
4840 5665 4942 4128
4833 5673 4946 4120
4826 5681 4946 4119
4827 5688 4959 4116
4818 5689 4976 4111
4819 5687 4974 4108
4806 5685 4973 4114
4796 5680 4972 4109
4799 5682 4976 4118
4806 5679 4986 4110
4805 5681 4986 4110
4792 5691 4984 4115
4794 5685 4973 4113
4799 5685 4973 4116
4799 5697 4976 4108
4796 5699 4984 4100
4800 5699 4992 4109
4805 5698 4986 4100
4810 5711 4979 4105
4812 5714 4989 4100
4806 5704 4978 4098
4803 5674 4975 4098
4816 5638 4967 4102
4814 5600 4961 4102
4827 5567 4970 4114
4832 5540 4963 4117
4825 5510 4951 4122
4831 5478 4963 4142
4820 5444 4956 4184
4806 5413 4945 4194
4795 5385 4941 4190
4789 5376 4944 4213
4786 5374 4948 4232
4771 5368 4939 4244
4767 5360 4933 4254
4752 5357 4931 4262
4736 5362 4935 4279
4721 5361 4939 4282
4728 5363 4936 4297
4731 5360 4932 4308
4736 5342 4923 4315
4737 5337 4914 4330
4732 5325 4900 4334
4743 5318 4897 4340
4747 5303 4896 4359
4739 5293 4896 4363
4749 5295 4886 4377
4747 5268 4881 4384
4761 5252 4881 4387
4770 5244 4874 4403
4763 5246 4880 4420
4763 5217 4878 4418
4762 5177 4883 4422
4750 5137 4883 4434
4749 5100 4883 4446
4738 5059 4882 4450
4735 5022 4879 4466
4725 4987 4868 4478
4708 4951 4863 4491
4709 4909 4864 4500
4700 4867 4857 4508
4696 4836 4860 4513
4701 4799 4866 4521
4691 4769 4864 4516
4687 4734 4872 4528
4679 4693 4864 4542
4671 4659 4850 4545
4666 4624 4844 4562
4661 4591 4852 4562
4665 4552 4848 4568
4662 4510 4841 4581
4651 4468 4835 4582
4651 4432 4829 4590
4659 4390 4824 4607
4670 4370 4832 4610
4676 4370 4828 4618
4675 4370 4830 4635
4676 4370 4830 4649
4673 4370 4837 4656
4676 4370 4838 4666
4689 4370 4832 4679
4707 4370 4834 4668
4704 4378 4830 4659
4694 4379 4830 4661
4692 4393 4826 4658
4686 4399 4821 4656
4695 4404 4824 4645
4686 4404 4831 4622
4685 4408 4827 4608
4677 4408 4825 4621
4672 4408 4827 4598
4673 4412 4831 4582
4679 4411 4840 4596
4681 4411 4851 4574
4685 4411 4845 4564
4684 4411 4857 4568
4688 4412 4864 4549
4691 4412 4860 4541
4702 4412 4873 4545
4692 4411 4889 4524
4706 4411 4893 4516
4713 4411 4897 4519
4707 4414 4890 4499
4713 4414 4881 4494
4712 4414 4879 4491
4711 4413 4878 4481
4695 4413 4879 4470
4697 4417 4892 4466
4715 4420 4899 4465
4724 4426 4898 4457
4715 4426 4889 4448
4718 4425 4886 4441
4720 4425 4874 4434
4715 4425 4885 4426
4716 4426 4898 4417
4710 4426 4889 4412
4715 4426 4902 4414
4719 4425 4901 4411
4725 4425 4890 4399
4729 4425 4891 4391
4735 4426 4897 4388
4728 4426 4897 4389
4743 4426 4899 4378
4744 4425 4905 4375
4746 4425 4918 4362
4767 4425 4924 4354
4784 4426 4930 4339
4790 4426 4941 4337
4786 4426 4953 4330
4778 4425 4961 4317
4782 4425 4962 4320
4770 4425 4970 4316
4753 4426 4972 4313
4754 4426 4977 4310
4754 4426 4968 4300
4760 4425 4955 4289
4766 4425 4955 4288
4768 4425 4962 4288
4773 4426 4968 4278
4770 4426 4957 4279
4761 4426 4950 4267
4733 4425 4946 4254
4704 4425 4948 4257
4678 4407 4945 4251
4652 4394 4944 4246
4634 4394 4937 4247
4631 4394 4944 4244
4634 4394 4948 4236
4640 4393 4952 4234
4638 4394 4961 4239
4634 4406 4965 4224
4630 4413 4972 4228
4635 4423 4985 4229
4640 4436 4986 4219
4647 4435 4983 4209
4651 4402 4985 4205
4664 4366 4984 4191
4683 4370 4987 4199
4689 4383 4979 4186
4689 4398 4971 4186
4696 4405 4977 4189
4714 4418 4975 4175
4715 4435 4975 4173
4714 4448 4970 4162
4713 4451 4958 4156
4718 4462 4957 4157
4715 4474 4959 4143
4712 4444 4974 4142
4713 4406 4973 4139
4707 4374 4970 4136
4710 4389 4970 4130
4716 4422 4979 4121
4701 4457 4991 4119
4690 4492 5002 4112
4689 4516 5000 4100
4687 4516 5001 4092
4692 4516 5011 4082
4688 4516 5006 4084
4696 4550 5005 4077
4699 4585 5003 4071
4702 4615 5003 4073
4709 4620 5004 4067
4714 4618 5002 4062
4716 4608 5009 4053
4727 4609 5011 4046
4740 4610 5006 4054
4755 4606 5008 4037
4766 4608 5011 4044
4764 4620 5012 4037
4762 4617 5008 4033
4757 4625 5015 4027
4750 4637 5014 4031
4746 4656 5014 4031
4739 4667 5013 4030
4726 4683 5016 4028
4719 4683 5010 4024
4710 4680 5014 4016
4717 4698 5017 4022
4714 4715 5021 4022
4715 4704 5022 4009
4717 4703 5011 4007
4724 4728 5011 4013
4736 4748 5016 4017
4736 4788 5010 4009
4737 4819 5013 4005
4745 4857 5008 4006
4757 4888 5015 4001
4766 4926 5023 3996
4779 4967 5021 3988
4776 5002 5017 3988
4779 5024 5011 3983
4772 5048 5003 3979
4776 5084 4998 3986
4778 5119 5005 4000
4781 5150 5012 3991
4787 5182 5014 3986
4792 5212 5015 3989
4787 5246 5013 3985
4800 5283 5007 3988
4804 5314 5011 3989
4812 5340 5013 3978
4817 5370 5017 3977
4799 5405 5007 3971
4795 5439 5017 3964
4789 5448 5014 3964
4786 5439 5020 3949
4797 5429 5028 3937
4805 5425 5039 3923
4812 5421 5029 3916
4806 5406 5027 3898
4802 5406 5026 3898
4792 5397 5019 3917
4786 5391 5014 3929
4799 5380 5020 3929
4804 5372 5020 3940
4801 5365 5025 3936
4790 5353 5012 3941
4794 5337 5008 3969
4789 5330 5003 3994
4791 5327 5004 3983
4788 5324 5007 4009
4777 5322 5005 4029
4770 5308 4991 4021
4768 5300 4982 4048
4759 5299 4982 4063
4752 5290 4978 4060
4746 5278 4971 4077
4737 5275 4976 4087
4720 5273 4971 4095
4723 5268 4957 4113
4717 5257 4953 4129
4714 5242 4951 4127
4712 5228 4948 4138
4715 5219 4954 4147
4717 5210 4955 4155
4721 5196 4956 4170
4724 5192 4951 4170
4727 5180 4945 4166
4718 5175 4946 4176
4711 5161 4951 4181
4717 5155 4960 4187
4707 5140 4941 4197
4691 5131 4958 4214
4690 5123 4945 4219
4685 5111 4933 4225
4688 5097 4935 4239
4678 5084 4929 4244
4671 5074 4935 4248
4670 5066 4947 4268
4662 5051 4946 4268
4666 5037 4946 4271
4667 5025 4951 4291
4657 5019 4957 4293
4649 5010 4948 4304
4650 4996 4936 4310
4641 4984 4941 4328
4633 4973 4935 4341
4622 4965 4928 4344
4620 4958 4915 4349
4619 4949 4916 4360
4628 4925 4919 4359
4642 4918 4917 4358
4660 4899 4902 4369
4651 4886 4897 4380
4647 4881 4895 4385
4644 4870 4905 4398
4639 4863 4907 4409
4641 4858 4901 4420
4637 4855 4892 4426
4636 4840 4893 4424
4645 4828 4894 4426
4671 4821 4889 4436
4702 4812 4901 4444
4729 4816 4906 4461
4764 4817 4890 4475
4778 4804 4892 4471
4781 4800 4883 4473
4777 4788 4879 4493
4768 4775 4864 4497
4758 4758 4855 4503
4765 4745 4843 4516
4766 4736 4837 4530
4767 4721 4836 4518
4758 4712 4834 4526
4756 4713 4836 4527
4750 4751 4842 4541
4746 4784 4849 4539
4734 4784 4851 4542
4724 4779 4859 4551
4720 4769 4859 4558
4711 4764 4859 4561
4699 4760 4862 4566
4695 4760 4863 4570
4694 4756 4871 4574
4694 4746 4868 4588
4685 4742 4864 4592
4687 4735 4847 4598
4679 4772 4840 4598
4672 4807 4837 4599
4677 4836 4839 4610
4682 4840 4847 4601
4664 4848 4841 4605
4671 4855 4841 4597
4674 4862 4840 4604
4675 4878 4843 4600
4682 4911 4841 4582
4676 4950 4846 4559
4682 4991 4851 4548
4676 4998 4850 4548
4677 5005 4851 4531
4684 5007 4855 4523
4684 5009 4863 4525
4689 5019 4876 4504
4693 5035 4870 4501
4686 5041 4879 4500
4687 5047 4881 4479
4692 5042 4881 4482
4706 5047 4884 4477
4712 5044 4894 4458
4716 5047 4907 4453
4718 5057 4902 4455
4716 5057 4903 4431
4729 5057 4905 4425
4733 5057 4918 4429
4745 5060 4916 4403
4769 5070 4918 4401
4786 5074 4922 4399
4774 5083 4924 4381
4771 5085 4923 4380
4761 5104 4920 4377
4763 5110 4923 4360
4751 5122 4922 4357
4744 5144 4922 4350
4750 5146 4932 4342
4757 5157 4929 4329
4763 5161 4924 4331
4749 5171 4923 4316
4758 5175 4921 4301
4763 5176 4927 4306
4769 5183 4939 4294
4764 5203 4946 4281
4771 5221 4958 4287
4767 5226 4962 4274
4775 5233 4950 4254
4783 5244 4944 4258
4788 5254 4948 4253
4789 5266 4952 4236
4787 5274 4957 4234
4773 5278 4953 4229
4768 5289 4946 4211
4762 5305 4955 4225
4759 5317 4948 4220
4764 5324 4956 4204
4771 5332 4956 4209
4773 5343 4957 4204
4778 5352 4956 4201
4777 5362 4958 4204
4784 5366 4956 4203
4776 5370 4958 4200
4790 5385 4955 4208
4799 5385 4959 4202
4796 5394 4965 4186
4799 5400 4977 4179
4791 5411 4971 4185
4787 5419 4970 4179
4799 5426 4959 4182
4799 5438 4969 4194
4796 5454 4958 4183
4796 5461 4957 4168
4806 5464 4959 4169
4818 5467 4959 4165
4826 5469 4963 4151
4825 5483 4971 4153
4829 5490 4982 4145
4834 5481 4985 4138
4842 5483 4980 4140
4848 5486 4974 4133
4848 5489 4978 4131
4847 5490 4981 4118
4842 5491 4988 4120
4836 5488 4987 4111
4840 5500 4988 4110
4829 5506 4986 4118
4825 5515 4984 4115
4819 5517 4981 4107
4808 5520 4974 4098
4810 5511 4977 4105
4809 5516 4970 4121
4808 5505 4972 4111
4805 5508 4967 4121
4808 5506 4966 4114
4817 5510 4978 4112
4836 5512 4976 4110
4844 5506 4984 4102
4839 5506 4985 4103
4830 5515 4995 4103
4840 5519 4983 4103
4841 5518 4978 4101
4842 5517 4983 4086
4848 5520 4986 4091
4843 5507 4983 4098
4851 5477 4973 4082
4848 5441 4967 4084
4849 5409 4973 4074
4840 5381 4985 4074
4843 5351 4975 4074
4852 5320 4980 4072
4856 5288 4972 4065
4855 5289 4976 4061
4858 5284 4966 4057
4851 5288 4967 4060
4858 5289 4973 4075
4856 5295 4977 4067
4864 5294 4977 4059
4871 5293 4977 4063
4878 5290 4968 4058
4880 5282 4967 4046
4873 5273 4967 4041
4870 5270 4968 4051
4873 5266 4970 4051
4874 5272 4971 4057
4888 5267 4986 4056
4888 5259 4982 4051
4889 5260 4975 4038
4873 5261 4980 4033
4876 5269 4983 4043
4884 5258 4984 4044
4889 5260 4982 4035
4900 5262 4987 4030
4907 5266 4988 4023
4911 5272 4986 4029
4921 5265 4976 4021
4918 5264 4965 4032
4920 5233 4955 4022
4917 5243 4946 4018
4924 5245 4949 4007
4930 5254 4952 4015
4935 5263 4953 4012
4930 5267 4949 4007
4927 5277 4950 3997
4937 5282 4947 3997
4929 5287 4946 4004
4924 5287 4942 3999
4924 5291 4936 3998
4932 5300 4938 3986
4934 5304 4941 3985
4941 5313 4954 3986
4947 5318 4953 3985
4950 5325 4953 3977
4947 5338 4954 3978
4939 5338 4954 3983
4950 5339 4958 3989
4948 5339 4954 3994
4951 5339 4953 3993
4941 5341 4948 4003
4944 5324 4952 4017
4952 5300 4950 4046
4940 5259 4951 4064
4942 5218 4947 4062
4943 5176 4943 4075
4943 5139 4939 4080
4940 5101 4935 4081
4936 5060 4933 4101
4938 5019 4931 4105
4937 4982 4922 4108
4937 4946 4920 4125
4924 4914 4913 4135
4919 4873 4905 4139
4918 4835 4898 4165
4920 4831 4888 4171
4915 4822 4898 4171
4922 4818 4900 4182
4914 4809 4899 4190
4913 4809 4894 4189
4909 4809 4887 4208
4900 4809 4888 4222
4884 4809 4868 4229
4887 4800 4858 4242
4894 4793 4852 4249
4906 4780 4846 4264
4901 4779 4847 4278
4912 4779 4849 4281
4910 4772 4839 4287
4906 4763 4823 4298
4897 4755 4825 4309
4892 4754 4830 4306
4892 4748 4829 4315
4881 4737 4828 4323
4872 4724 4824 4325
4874 4709 4812 4328
4884 4687 4813 4352
4882 4673 4800 4341
4889 4657 4803 4356
4881 4641 4809 4372
4879 4620 4800 4373
4873 4602 4787 4383
4868 4588 4781 4387
4865 4554 4783 4394
4874 4513 4786 4401
4864 4471 4788 4420
4854 4429 4785 4419
4865 4387 4786 4417
4880 4346 4787 4438
4865 4304 4778 4442
4857 4263 4777 4441
4843 4221 4772 4457
4834 4179 4756 4468
4825 4137 4737 4473
4825 4095 4738 4486
4821 4053 4743 4494
4809 4012 4744 4503
4814 3970 4734 4510
4809 3928 4724 4524
4807 3886 4729 4523
4812 3845 4726 4528
4813 3805 4737 4538
4827 3767 4722 4543
4839 3726 4731 4560
4854 3692 4743 4580
4855 3661 4738 4587
4861 3629 4739 4591
4870 3614 4746 4610
4878 3607 4752 4621
4884 3608 4756 4632
4892 3617 4759 4643
4892 3624 4754 4651
4893 3633 4759 4664
4897 3633 4762 4663
4898 3634 4752 4662
4904 3639 4756 4664
4909 3652 4754 4679
4890 3655 4754 4685
4881 3663 4755 4678
4880 3663 4751 4689
4877 3670 4744 4699
4878 3682 4747 4707
4880 3694 4755 4709
4877 3701 4760 4711
4877 3714 4766 4723
4880 3683 4762 4728
4883 3680 4754 4735
4884 3681 4754 4738
4870 3673 4749 4728
4856 3675 4740 4737
4866 3679 4741 4744
4874 3673 4738 4746
4855 3676 4756 4744
4854 3684 4754 4752
4843 3683 4742 4766
4838 3685 4732 4770
4838 3697 4734 4772
4833 3738 4745 4782
4840 3780 4742 4780
4836 3814 4739 4778
4842 3846 4729 4781
4847 3879 4730 4775
4843 3912 4728 4768
4843 3937 4739 4748
4855 3936 4735 4737
4861 3944 4733 4735
4859 3963 4729 4729
4859 3953 4726 4702
4861 3961 4729 4703
4857 3975 4727 4703
4862 3980 4738 4681
4855 3992 4743 4676
4857 4002 4741 4678
4862 4010 4747 4663
4862 4014 4751 4649
4859 4029 4757 4644
4859 4030 4758 4635
4855 4039 4758 4626
4860 4048 4761 4618
4861 4053 4769 4611
4868 4058 4772 4596
4876 4063 4775 4589
4876 4074 4780 4585
4867 4076 4775 4569
4867 4080 4772 4561
4864 4090 4776 4567
4861 4096 4783 4546
4849 4111 4786 4539
4852 4126 4796 4534
4848 4164 4796 4535
4851 4147 4792 4536
4854 4138 4787 4533
4861 4130 4780 4525
4866 4116 4776 4517
4872 4110 4776 4513
4869 4108 4780 4513
4867 4098 4780 4503
4887 4086 4792 4495
4900 4079 4800 4493
4894 4076 4803 4489
4893 4077 4808 4495
4903 4071 4801 4484
4888 4066 4797 4473
4884 4059 4799 4474
4879 4053 4803 4481
4881 4050 4792 4469
4893 4039 4791 4466
4891 4039 4797 4456
4904 4027 4807 4457
4901 4017 4798 4454
4907 4007 4798 4448
4894 4027 4796 4450
4895 4051 4797 4450
4903 4087 4802 4438
4897 4122 4803 4432
4898 4155 4812 4442
4888 4187 4812 4442
4869 4218 4805 4437
4868 4255 4807 4433
4864 4288 4815 4438
4869 4325 4810 4432
4865 4358 4814 4427
4874 4388 4822 4421
4865 4418 4820 4413
4863 4448 4820 4409
4859 4447 4822 4405
4863 4444 4820 4407
4859 4434 4819 4409
4856 4435 4824 4404
4865 4421 4820 4408
4867 4412 4830 4403
4863 4410 4838 4391
4871 4400 4856 4394
4871 4395 4857 4389
4867 4395 4850 4382
4873 4393 4864 4373
4886 4387 4872 4368
4885 4377 4874 4366
4885 4383 4875 4364
4888 4378 4878 4366
4889 4377 4868 4368
4893 4365 4858 4362
4900 4356 4857 4369
4898 4366 4868 4370
4897 4373 4863 4355
4892 4379 4876 4363
4886 4401 4879 4353
4872 4406 4883 4360
4866 4406 4878 4351
4868 4404 4862 4342
4862 4423 4864 4344
4856 4441 4880 4343
4864 4453 4892 4346
4869 4483 4884 4338
4879 4503 4882 4331
4892 4540 4887 4329
4904 4569 4882 4329
4903 4597 4887 4332
4892 4633 4880 4332
4900 4663 4886 4328
4905 4705 4879 4323
4913 4733 4883 4316
4916 4764 4892 4302
4917 4798 4903 4307
4912 4838 4904 4307
4919 4875 4900 4293
4927 4914 4900 4291
4921 4953 4911 4285
4925 4995 4909 4274
4930 5020 4905 4262
4924 5046 4912 4265
4917 5081 4909 4271
4912 5112 4914 4260
4898 5146 4917 4245
4884 5178 4911 4231
4872 5205 4912 4227
4858 5237 4904 4228
4845 5248 4890 4217
4834 5252 4878 4205
4817 5248 4870 4197
4795 5239 4863 4196
4770 5230 4864 4189
4766 5228 4867 4184
4766 5214 4870 4185
4772 5209 4878 4190
4776 5208 4882 4198
4784 5202 4884 4186
4794 5197 4889 4187
4812 5187 4888 4189
4804 5186 4882 4191
4811 5186 4878 4188
4811 5183 4883 4188
4813 5184 4878 4182
4816 5184 4884 4174
4822 5179 4879 4171
4822 5212 4880 4162
4810 5213 4873 4169
4810 5218 4870 4169
4821 5232 4866 4179
4820 5243 4878 4178
4816 5251 4879 4172
4803 5262 4870 4169
4816 5265 4861 4177
4807 5262 4859 4181
4795 5272 4861 4166
4784 5282 4866 4165
4778 5297 4864 4163
4783 5292 4861 4159
4787 5274 4874 4165
4783 5281 4877 4175
4780 5291 4892 4177
4777 5300 4896 4177
4779 5309 4891 4192
4776 5320 4886 4223
4772 5326 4886 4236
4754 5332 4889 4248
4745 5333 4888 4249
4745 5349 4885 4272
4740 5354 4883 4279
4743 5354 4886 4281
4734 5355 4874 4299
4728 5357 4872 4299
4727 5362 4876 4300
4723 5368 4873 4314
4720 5370 4872 4323
4718 5374 4869 4333
4719 5379 4861 4342
4719 5382 4852 4354
4711 5390 4837 4363
4711 5398 4832 4371
4708 5405 4830 4376
4706 5405 4821 4384
4709 5409 4813 4387
4711 5416 4807 4401
4701 5424 4811 4414
4704 5427 4798 4422
4702 5428 4793 4439
4704 5429 4794 4443
4700 5430 4784 4458
4696 5431 4783 4469
4692 5448 4783 4476
4680 5457 4781 4481
4670 5465 4780 4486
4669 5479 4781 4501
4668 5486 4777 4507
4666 5487 4771 4511
4657 5497 4767 4522
4648 5509 4761 4529
4648 5516 4763 4532
4656 5519 4767 4540
4654 5519 4771 4528
4639 5524 4769 4534
4643 5529 4768 4548
4647 5536 4760 4551
4652 5542 4755 4549
4654 5545 4760 4556
4651 5557 4762 4559
4648 5556 4752 4566
4640 5568 4744 4572
4650 5578 4741 4577
4653 5588 4733 4569
4661 5594 4743 4578
4662 5597 4753 4574
4664 5602 4742 4581
4678 5609 4732 4587
4679 5618 4729 4593
4678 5628 4731 4596
4689 5639 4731 4600
4687 5644 4723 4605
4684 5652 4716 4595
4683 5645 4722 4601
4665 5638 4723 4610
4643 5643 4720 4614
4648 5636 4722 4628
4648 5606 4713 4628
4644 5576 4719 4632
4627 5547 4717 4641
4627 5520 4711 4648
4634 5486 4708 4657
4635 5458 4708 4656
4630 5425 4715 4659
4605 5385 4703 4666
4572 5354 4699 4661
4542 5326 4705 4673
4514 5321 4709 4686
4480 5331 4700 4697
4456 5339 4694 4713
4447 5347 4703 4725
4450 5342 4715 4737
4459 5343 4725 4742
4460 5346 4734 4751
4453 5340 4751 4755
4458 5344 4753 4760
4465 5345 4744 4771
4474 5333 4751 4777
4473 5327 4736 4773
4474 5323 4728 4778
4500 5315 4729 4776
4500 5322 4732 4776
4499 5298 4743 4765
4505 5258 4743 4731
4515 5216 4729 4698
4522 5176 4729 4706
4531 5138 4730 4709
4520 5118 4733 4684
4515 5081 4738 4682
4520 5052 4745 4676
4512 5024 4746 4658
4521 4987 4752 4648
4514 4957 4756 4647
4490 4915 4766 4635
4481 4887 4769 4631
4491 4856 4771 4640
4487 4822 4770 4618
4490 4782 4774 4603
4490 4745 4782 4615
4487 4706 4783 4592
4497 4667 4787 4592
4498 4625 4801 4590
4503 4600 4810 4593
4512 4607 4811 4583
4520 4611 4810 4568
4525 4619 4814 4567
4539 4626 4816 4558
4552 4628 4823 4554
4564 4632 4824 4549
4570 4632 4830 4534
4583 4635 4829 4531
4593 4639 4832 4534
4598 4643 4830 4517
4613 4653 4830 4511
4626 4662 4824 4501
4634 4664 4826 4491
4637 4678 4826 4487
4634 4682 4821 4480
4638 4683 4818 4468
4633 4690 4816 4460
4638 4695 4809 4454
4647 4705 4807 4451
4660 4706 4814 4433
4664 4699 4820 4428
4661 4693 4825 4425
4662 4688 4824 4421
4663 4687 4815 4420
4656 4695 4816 4420
4654 4704 4824 4408
4652 4708 4823 4400
4655 4709 4820 4393
4643 4695 4822 4383
4647 4686 4823 4376
4636 4684 4826 4378
4644 4677 4839 4369
4641 4675 4848 4359
4653 4674 4859 4346
4674 4660 4867 4350
4685 4648 4870 4338
4682 4638 4871 4335
4670 4636 4876 4333
4663 4651 4870 4323
4667 4641 4877 4317
4652 4638 4877 4316
4641 4634 4875 4307
4645 4626 4876 4296
4649 4628 4883 4288
4650 4624 4888 4289
4663 4620 4894 4281
4679 4617 4886 4283
4669 4617 4882 4274
4667 4584 4880 4265
4668 4542 4867 4271
4678 4500 4860 4268
4686 4459 4860 4263
4691 4417 4864 4265
4704 4375 4865 4270
4714 4334 4854 4258
4728 4294 4853 4251
4738 4252 4859 4255
4744 4215 4863 4248
4756 4181 4875 4241
4766 4146 4885 4247
4778 4113 4900 4249
4785 4099 4915 4240
4789 4084 4926 4247
4800 4085 4944 4243
4807 4085 4953 4236
4815 4085 4970 4227
4817 4085 4982 4227
4828 4085 4993 4224
4824 4084 5005 4217
4830 4085 5018 4206
4838 4085 5032 4210
4845 4085 5040 4214
4846 4082 5051 4207
4844 4075 5056 4198
4849 4066 5062 4196
4862 4056 5067 4196
4870 4046 5075 4199
4865 4037 5067 4192
4862 4025 5056 4194
4859 4022 5052 4195
4847 4022 5046 4207
4854 4022 5058 4202
4854 4015 5054 4199
4842 4010 5056 4199
4825 4009 5056 4199
4828 4000 5058 4201
4815 3987 5052 4208
4822 3981 5047 4204
4830 3972 5051 4209
4836 3954 5063 4203
4829 3946 5072 4212
4824 3944 5059 4214
4811 3940 5050 4224
4808 3931 5049 4217
4803 3926 5057 4216
4802 3914 5059 4214
4805 3898 5066 4212
4809 3897 5063 4216
4810 3892 5070 4215
4818 3881 5074 4221
4813 3889 5073 4220
4830 3895 5070 4217
4845 3892 5071 4211
4843 3895 5063 4199
4843 3931 5073 4204
4843 3958 5074 4205
4858 3995 5072 4201
4856 4026 5073 4201
4857 4057 5071 4190
4855 4090 5069 4192
4856 4126 5058 4200
4893 4156 5058 4193
4921 4192 5057 4195
4945 4220 5049 4188
4972 4226 5049 4182
4996 4225 5046 4180
5011 4221 5050 4166
5015 4217 5036 4151
5004 4212 5027 4143
4987 4224 5016 4141
4979 4217 5010 4139
4966 4219 4998 4140
4959 4217 4997 4139
4958 4209 5002 4142
4952 4220 5007 4130
4958 4232 5016 4136
4959 4218 5019 4131
4943 4220 5022 4127
4943 4220 5016 4132
4947 4259 5025 4153
4947 4292 5031 4176
4938 4333 5044 4196
4926 4372 5044 4195
4920 4404 5043 4191
4917 4432 5034 4217
4913 4462 5032 4218
4907 4499 5031 4230
4904 4532 5027 4256
4894 4565 5030 4258
4904 4598 5027 4265
4927 4631 5021 4289
4935 4661 5019 4298
4924 4702 5014 4289
4934 4733 5019 4313
4939 4767 5015 4327
4937 4807 4995 4325
4945 4842 4992 4347
4945 4873 4981 4350
4940 4910 4966 4354
4937 4948 4959 4367
4922 4948 4951 4373
4917 4942 4951 4387
4902 4938 4945 4393
4893 4938 4940 4411
4883 4937 4932 4423
4880 4937 4921 4422
4873 4932 4912 4441
4863 4933 4916 4445
4850 4932 4904 4451
4853 4932 4900 4469
4846 4932 4896 4465
4854 4932 4910 4471
4848 4932 4906 4477
4852 4932 4901 4490
4854 4932 4905 4501
4852 4926 4890 4509
4855 4917 4886 4519
4858 4910 4883 4522
4845 4909 4893 4525
4836 4909 4890 4526
4824 4915 4895 4525
4826 4924 4888 4525
4826 4929 4881 4539
4819 4923 4886 4547
4823 4915 4886 4553
4813 4915 4885 4575
4826 4920 4894 4573
4823 4925 4906 4584
4828 4940 4905 4588
4823 4950 4900 4594
4822 4952 4897 4600
4819 4959 4892 4609
4812 4963 4879 4612
4802 4971 4878 4619
4798 4985 4877 4625
4798 4997 4877 4633
4799 5007 4872 4633
4806 5015 4864 4632
4813 5017 4865 4645
4818 5028 4863 4649
4838 5031 4849 4649
4848 5035 4846 4650
4837 5043 4849 4651
4837 5045 4844 4659
4836 5049 4837 4663
4831 5054 4834 4666
4825 5057 4841 4676
4823 5057 4839 4685
4832 5090 4845 4692
4822 5132 4859 4692
4825 5173 4864 4699
4827 5215 4858 4706
4818 5257 4859 4707
4802 5299 4862 4699
4798 5340 4859 4711
4777 5380 4859 4715
4754 5421 4854 4713
4739 5459 4849 4720
4735 5493 4846 4722
4731 5528 4837 4720
4717 5561 4834 4730
4709 5575 4823 4739
4702 5589 4808 4740
4700 5589 4791 4740
4699 5589 4781 4739
4690 5589 4759 4741
4686 5589 4744 4738
4682 5589 4729 4753
4692 5589 4711 4760
4699 5589 4704 4774
4702 5589 4687 4776
4698 5589 4672 4770
4696 5592 4660 4771
4697 5599 4651 4771
4700 5607 4649 4769
4699 5618 4651 4756
4697 5618 4647 4725
4706 5621 4643 4704
4709 5620 4651 4706
4709 5620 4649 4696
4724 5610 4647 4679
4735 5607 4647 4686
4736 5612 4657 4674
4750 5614 4659 4658
4770 5608 4665 4660
4764 5607 4664 4650
4773 5610 4666 4632
4773 5599 4672 4630
4760 5566 4667 4619
4753 5542 4665 4608
4752 5508 4671 4607
4758 5468 4687 4596
4771 5430 4692 4577
4778 5398 4693 4579
4777 5361 4706 4574
4777 5331 4713 4556
4779 5308 4713 4558
4784 5303 4721 4551
4785 5300 4717 4538
4780 5308 4721 4533
4778 5312 4729 4534
4777 5322 4735 4524
4783 5325 4724 4518
4782 5327 4732 4516
4785 5317 4730 4499
4782 5323 4725 4493
4783 5319 4734 4487
4790 5321 4743 4478
4785 5325 4748 4477
4775 5330 4750 4466
4783 5328 4752 4456
4776 5326 4761 4455
4776 5331 4764 4448
4788 5336 4767 4442
4786 5300 4772 4435
4792 5264 4778 4420
4802 5226 4780 4421
4815 5190 4783 4417
4825 5159 4790 4410
4841 5118 4803 4403
4852 5089 4804 4393
4870 5064 4813 4389
4881 5036 4812 4378
4879 5002 4813 4366
4893 4967 4812 4374
4896 4928 4808 4370
4895 4904 4806 4366
4902 4877 4803 4368
4909 4845 4804 4357
4902 4806 4796 4358
4885 4773 4800 4360
4897 4732 4783 4361
4907 4693 4784 4361
4906 4661 4791 4360
4917 4633 4794 4355
4915 4603 4787 4342
4915 4566 4787 4337
4927 4533 4797 4332
4935 4502 4787 4323
4939 4511 4792 4319
4947 4520 4794 4318
4948 4532 4786 4306
4947 4533 4797 4302
4933 4543 4803 4297
4930 4551 4810 4290
4924 4553 4827 4284
4903 4560 4827 4278
4882 4571 4834 4279
4881 4576 4849 4282
4873 4579 4842 4275
4878 4587 4853 4271
4875 4594 4858 4266
4888 4598 4869 4266
4889 4598 4867 4257
4887 4599 4865 4248
4882 4598 4874 4258
4879 4603 4868 4245
4887 4603 4867 4246
4890 4604 4883 4240
4887 4604 4879 4220
4887 4604 4886 4226
4886 4603 4888 4229
4898 4603 4890 4233
4891 4603 4894 4231
4897 4604 4892 4225
4884 4610 4895 4218
4883 4619 4901 4218
4881 4625 4907 4223
4893 4626 4899 4221
4905 4626 4896 4231
4917 4627 4893 4232
4921 4627 4894 4237
4922 4624 4900 4237
4928 4600 4893 4227
4925 4578 4879 4219
4935 4568 4882 4207
4924 4555 4877 4210
4924 4553 4875 4210
4915 4547 4882 4211
4930 4544 4878 4209
4937 4529 4878 4210
4938 4522 4879 4204
4949 4518 4884 4204
4959 4478 4880 4201
4965 4439 4877 4201
4972 4439 4877 4208
4980 4439 4881 4205
4980 4438 4878 4208
4978 4439 4873 4201
4978 4439 4862 4200
4977 4439 4864 4205
4982 4420 4864 4216
4984 4378 4850 4220
4979 4336 4853 4210
4985 4307 4865 4215
4981 4300 4870 4221
4970 4286 4866 4205
4984 4278 4875 4208
4989 4264 4878 4210
4990 4248 4876 4199
4983 4208 4881 4188
4977 4166 4890 4194
4983 4148 4883 4195
4989 4140 4879 4200
4991 4124 4882 4193
5001 4106 4884 4200
5013 4097 4891 4201
5017 4095 4891 4196
5020 4077 4894 4197
5023 4057 4898 4193
5028 4053 4884 4184
5029 4052 4885 4179
5020 4053 4888 4176
5014 4052 4895 4180
4996 4044 4892 4183
4982 4039 4900 4186
4982 4024 4903 4190
4992 4014 4902 4186
4988 4003 4912 4179
4987 3995 4912 4178
4980 3982 4911 4181
4983 3979 4913 4187
4979 3968 4911 4197
4978 3957 4913 4194
4971 3945 4916 4203
4968 3931 4914 4219
4974 3931 4922 4246
4978 3920 4931 4269
4967 3923 4931 4270
4970 3921 4932 4283
4970 3919 4928 4305
4961 3908 4922 4299
4962 3909 4919 4312
4961 3902 4918 4332
4955 3905 4918 4330
4937 3914 4912 4340
4924 3924 4917 4351
4919 3937 4911 4346
4909 3973 4912 4355
4905 4001 4917 4363
4906 4032 4913 4373
4904 4068 4906 4376
4910 4101 4903 4390
4906 4135 4909 4394
4899 4161 4898 4390
4904 4184 4887 4399
4902 4210 4882 4403
4905 4202 4886 4413
4897 4200 4889 4430
4906 4199 4881 4442
4907 4188 4867 4448
4911 4173 4863 4458
4913 4164 4865 4475
4918 4170 4860 4483
4913 4178 4860 4497
4911 4174 4852 4496
4903 4172 4841 4499
4895 4171 4834 4502
4892 4172 4835 4515
4901 4158 4833 4528
4894 4154 4832 4534
4897 4156 4826 4539
4897 4145 4824 4547
4888 4151 4829 4555
4890 4185 4825 4554
4877 4215 4828 4562
4873 4243 4818 4561
4866 4274 4824 4572
4862 4304 4813 4572
4860 4331 4809 4576
4859 4359 4805 4576
4850 4390 4806 4585
4843 4416 4807 4581
4849 4453 4804 4579
4836 4483 4804 4577
4814 4523 4813 4568
4803 4559 4817 4568
4801 4593 4823 4569
4782 4625 4824 4555
4776 4661 4828 4524
4796 4702 4828 4527
4788 4743 4836 4531
4777 4775 4819 4503
4783 4811 4816 4503
4781 4846 4830 4509
4793 4877 4839 4495
4801 4913 4843 4491
4803 4954 4845 4490
4808 4987 4845 4473
4808 4980 4840 4467
4795 4975 4838 4465
4785 4965 4836 4450
4799 4950 4820 4453
4813 4947 4820 4456
4808 4935 4820 4432
4819 4929 4823 4431
4840 4929 4833 4438
4857 4926 4835 4416
4857 4920 4828 4411
4869 4920 4836 4407
4870 4910 4824 4397
4871 4905 4819 4388
4867 4900 4821 4386
4874 4888 4814 4376
4876 4886 4821 4371
4871 4885 4826 4366
4876 4873 4832 4356
4872 4862 4834 4348
4869 4859 4836 4348
4872 4854 4852 4352
4875 4846 4856 4344
4876 4846 4860 4340
4871 4837 4862 4331
4876 4826 4863 4321
4876 4809 4863 4318
4886 4797 4871 4312
4887 4782 4872 4301
4891 4778 4882 4295
4878 4778 4894 4291
4879 4762 4906 4278
4865 4759 4906 4282
4859 4758 4904 4271
4859 4756 4911 4258
4849 4781 4922 4259
4858 4803 4933 4256
4862 4810 4938 4250
4864 4819 4948 4246
4868 4811 4946 4234
4871 4810 4939 4228
4865 4809 4942 4219
4869 4822 4951 4211
4877 4812 4958 4213
4879 4810 4958 4202
4883 4846 4963 4206
4874 4881 4969 4199
4866 4872 4965 4181
4858 4871 4967 4181
4856 4871 4979 4183
4856 4871 4990 4172
4846 4869 4994 4169
4837 4864 5007 4153
4838 4873 5008 4142
4840 4910 5020 4146
4845 4952 5020 4140
4845 4974 5017 4127
4846 4978 5020 4119
4858 4992 5026 4124
4853 4990 5025 4111
4848 4989 5016 4102
4856 5004 5019 4110
4852 5045 5024 4111
4849 5087 5026 4100
4845 5105 5029 4092
4851 5113 5031 4090
4855 5129 5035 4093
4851 5146 5031 4079
4856 5156 5023 4071
4860 5151 5026 4078
4846 5164 5026 4070
4832 5179 5027 4069
4831 5177 5040 4070
4826 5175 5046 4069
4836 5175 5057 4064
4827 5176 5064 4062
4852 5184 5069 4057
4875 5189 5076 4044
4881 5203 5076 4034
4869 5213 5088 4022
4871 5225 5084 4016
4865 5233 5080 4012
4872 5245 5087 4000
4876 5244 5090 3997
4877 5255 5095 3995
4864 5266 5098 3999
4862 5279 5092 3991
4865 5293 5083 3991
4847 5302 5079 3988
4842 5319 5088 3990
4848 5329 5078 3988
4846 5334 5075 3983
4841 5346 5083 3976
4846 5361 5087 3986
4845 5361 5081 3979
4842 5363 5088 3973
4842 5363 5093 3979
4860 5364 5100 3978
4879 5364 5096 3980
4885 5369 5105 3985
4903 5375 5107 3972
4908 5389 5103 3980
4907 5399 5098 3970
4907 5405 5086 3972
4895 5414 5088 3975
4894 5422 5072 3977
4908 5438 5076 3978
4896 5457 5078 3995
4894 5469 5074 3989
4890 5483 5061 3982
4897 5493 5050 3981
4894 5498 5057 3972
4905 5509 5067 3972
4910 5524 5068 3968
4906 5539 5080 3964
4896 5547 5075 3954
4898 5555 5067 3959
4902 5568 5071 3971
4905 5579 5071 3965
4908 5589 5071 3972
4918 5594 5065 3965
4917 5612 5062 3961
4916 5624 5055 3958
4917 5636 5058 3954
4915 5644 5060 3957
4919 5636 5054 3956
4916 5636 5052 3967
4927 5643 5052 3965
4922 5645 5054 3972
4922 5647 5045 3969
4924 5646 5049 3978
4919 5651 5032 3983
4920 5664 5033 3984
4919 5671 5021 3981
4910 5674 5023 3984
4901 5669 5014 3985
4897 5673 5010 3993
4904 5663 5005 4010
4912 5650 5003 4012
4909 5643 5000 4020
4929 5642 5002 4035
4947 5633 5002 4058
4949 5628 5001 4061
4958 5624 4993 4065
4969 5620 4999 4090
4959 5613 4991 4094
4962 5602 4978 4090
4964 5598 4958 4121
4964 5591 4952 4120
4962 5580 4942 4119
4957 5579 4943 4144
4947 5575 4939 4148
4952 5561 4941 4146
4955 5555 4953 4175
4944 5559 4959 4177
4936 5562 4941 4181
4933 5565 4938 4200
4921 5554 4934 4202
4915 5513 4925 4204
4914 5474 4918 4240
4916 5438 4914 4246
4904 5397 4914 4258
4906 5365 4918 4277
4900 5328 4916 4279
4881 5294 4904 4284
4867 5302 4911 4297
4873 5294 4904 4310
4877 5289 4895 4309
4878 5298 4897 4329
4881 5295 4893 4337
4881 5289 4880 4331
4882 5282 4870 4345
4883 5275 4866 4351
4881 5257 4857 4360
4869 5262 4855 4376
4857 5271 4848 4395
4857 5280 4841 4396
4857 5287 4833 4398
4847 5294 4834 4409
4841 5288 4826 4406
4850 5284 4813 4414
4837 5290 4806 4424
4846 5282 4810 4422
4845 5275 4808 4434
4838 5270 4801 4449
4848 5267 4788 4459
4847 5263 4783 4463
4837 5256 4778 4471
4838 5247 4765 4467
4833 5239 4758 4476
4841 5246 4767 4490
4842 5250 4767 4506
4839 5252 4757 4507
4835 5268 4746 4503
4828 5275 4754 4513
4818 5279 4752 4513
4825 5283 4741 4521
4836 5292 4743 4536
4837 5293 4739 4536
4837 5293 4727 4530
4832 5293 4713 4546
4841 5283 4713 4552
4850 5272 4707 4561
4849 5252 4706 4563
4851 5227 4705 4562
4848 5209 4697 4575
4838 5193 4690 4578
4838 5169 4687 4582
4835 5130 4684 4585
4838 5110 4682 4598
4837 5099 4688 4604
4823 5060 4685 4603
4819 5018 4679 4611
4823 4976 4669 4628
4830 4934 4666 4639
4826 4923 4668 4640
4819 4923 4667 4643
4827 4924 4670 4660
4812 4923 4672 4665
4808 4930 4678 4658
4817 4935 4673 4675
4824 4940 4666 4675
4820 4946 4661 4681
4820 4949 4655 4684
