0.000 0.000 0.000 0.000 
33933.000 34781.000 35607.000 35348.000 
58622.000 62378.000 63209.000 59050.000 
69130.000 82150.000 82231.000 68851.000 
66082.000 78181.000 78252.000 69552.000 
53048.000 79808.000 79724.000 52983.000 
44925.000 84537.000 84585.000 44447.000 
41065.000 89371.000 89463.000 40800.000 
38278.000 94112.000 94075.000 38374.000 
35168.000 98929.000 98655.000 34854.000 
33919.000 103744.000 103405.000 33429.000 
33150.000 108140.000 108152.000 33112.000 
32684.000 113055.000 112997.000 32227.000 
32114.000 117758.000 117729.000 32504.000 
32000.000 122588.000 122568.000 32498.000 
31991.000 127355.000 127154.000 32288.000 
31897.000 132045.000 131862.000 32001.000 
31949.000 136737.000 136675.000 31988.000 
32045.000 141535.000 141519.000 32023.000 
31975.000 146060.000 146335.000 32052.000 
31888.000 150624.000 150751.000 31885.000 
31862.000 154367.000 154870.000 31914.000 
31947.000 157857.000 158648.000 32054.000 
31936.000 161524.000 162359.000 32031.000 
31969.000 165127.000 165983.000 31871.000 
31997.000 168692.000 169517.000 32009.000 
31868.000 172439.000 173161.000 31931.000 
31956.000 176110.000 176707.000 32055.000 
31928.000 179578.000 180276.000 32021.000 
31939.000 183164.000 183950.000 31849.000 
31956.000 186869.000 187725.000 32007.000 
31990.000 190367.000 191241.000 31891.000 
31860.000 194124.000 194846.000 32053.000 
31838.000 197759.000 198447.000 32023.000 
31948.000 201336.000 202000.000 31849.000 
32093.000 204846.000 205635.000 31999.000 
31968.000 208516.000 209331.000 31875.000 
31915.000 212125.000 212999.000 32060.000 
31915.000 215806.000 216571.000 31928.000 
31907.000 219415.000 220096.000 31843.000 
32092.000 222999.000 223755.000 31999.000 
31978.000 226571.000 227357.000 31875.000 
31904.000 230209.000 231024.000 32051.000 
32024.000 233786.000 234624.000 31927.000 
31905.000 237440.000 238171.000 31824.000 
31962.000 241146.000 241789.000 32054.000 
31943.000 244671.000 245419.000 31860.000 
31902.000 248204.000 248991.000 31978.000 
32024.000 251941.000 252754.000 31839.000 
31905.000 255491.000 256330.000 31950.000 
31973.000 259117.000 259851.000 32054.000 
31936.000 262785.000 263488.000 31890.000 
31888.000 266414.000 267124.000 32026.000 
31976.000 269851.000 270671.000 31842.000 
31889.000 273552.000 274394.000 31920.000 
31969.000 277233.000 278070.000 32052.000 
31936.000 280837.000 281569.000 31901.000 
31880.000 284470.000 285128.000 31888.000 
31975.000 288061.000 288837.000 31800.000 
31872.000 291571.000 292366.000 31907.000 
31938.000 295237.000 296079.000 32060.000 
31945.000 298858.000 299720.000 31957.000 
31817.000 302592.000 303324.000 31883.000 
31971.000 306194.000 306812.000 31800.000 
31865.000 309755.000 310487.000 31907.000 
31930.000 313324.000 314120.000 32070.000 
31921.000 316960.000 317782.000 31958.000 
31932.000 320551.000 321413.000 31883.000 
31967.000 322498.000 323320.000 31846.000 
32027.000 322498.000 323320.000 31883.000 
31927.000 322498.000 323320.000 32046.000 
31897.000 322498.000 323320.000 31930.000 
31931.000 322498.000 323320.000 31944.000 
31958.000 322498.000 323320.000 31972.000 
31902.000 277302.000 277250.000 31891.000 
31922.000 277215.000 277205.000 32053.000 
31870.000 277200.000 277179.000 31943.000 
31920.000 279587.000 279681.000 31803.000 
31978.000 283802.000 283809.000 31963.000 
32032.000 287698.000 287747.000 31891.000 
31916.000 291472.000 291439.000 32053.000 
31881.000 296163.000 296078.000 31920.000 
31921.000 300952.000 300919.000 31811.000 
31952.000 305641.000 305652.000 31961.000 
32031.000 310358.000 310421.000 31852.000 
31916.000 315262.000 315337.000 32059.000 
32006.000 320153.000 320013.000 31920.000 
31904.000 322502.000 322585.000 31936.000 
31926.000 322502.000 322585.000 32060.000 
31987.000 322502.000 322585.000 31968.000 
31955.000 322502.000 322585.000 32055.000 
31999.000 322502.000 322585.000 31985.000 
31932.000 322502.000 322585.000 31931.000 
31928.000 234546.000 234566.000 31992.000 
32030.000 234201.000 234290.000 31959.000 
31848.000 236507.000 236604.000 31920.000 
31992.000 238791.000 238907.000 31874.000 
31932.000 241234.000 241382.000 31925.000 
31928.000 243546.000 243585.000 32068.000 
32014.000 246144.000 246113.000 31963.000 
31907.000 248926.000 248600.000 31920.000 
27477.000 252262.000 252275.000 28137.000 
20798.000 255151.000 255197.000 20853.000 
18646.000 257591.000 257659.000 19138.000 
17762.000 260100.000 260078.000 17830.000 
22210.000 261786.000 261592.000 21859.000 
33676.000 263725.000 263573.000 33469.000 
42984.000 265317.000 265350.000 42158.000 
53440.000 267705.000 267765.000 52425.000 
60434.000 269792.000 269886.000 60079.000 
64404.000 270105.000 270176.000 64067.000 
66925.000 272617.000 272509.000 66864.000 
67935.000 274896.000 274871.000 67882.000 
69058.000 276588.000 276597.000 68917.000 
68051.000 277363.000 277283.000 68130.000 
67330.000 277327.000 277248.000 67175.000 
64545.000 279638.000 279688.000 64284.000 
61764.000 279696.000 279703.000 62121.000 
60709.000 282140.000 282121.000 61170.000 
60153.000 282149.000 282077.000 59937.000 
59188.000 283518.000 283344.000 58888.000 
58422.000 284458.000 284479.000 58363.000 
56875.000 284409.000 284423.000 57484.000 
56460.000 284483.000 284516.000 56451.000 
56114.000 284423.000 284577.000 55989.000 
55832.000 284420.000 284505.000 55789.000 
55389.000 284576.000 284404.000 55623.000 
55983.000 284505.000 284483.000 56371.000 
56215.000 284441.000 284423.000 56292.000 
57871.000 284478.000 284423.000 58244.000 
58293.000 284423.000 284493.000 58231.000 
58495.000 284423.000 284504.000 58471.000 
58968.000 284495.000 284441.000 58715.000 
59246.000 284504.000 284511.000 59367.000 
59875.000 284441.000 284418.000 59620.000 
59228.000 284511.000 284423.000 59562.000 
59086.000 284418.000 284495.000 59271.000 
59184.000 284423.000 284433.000 59343.000 
58917.000 284495.000 284441.000 58962.000 
58792.000 284433.000 284511.000 58897.000 
58972.000 284377.000 284447.000 59167.000 
59241.000 284511.000 284418.000 59136.000 
58936.000 284447.000 284495.000 59072.000 
58753.000 284447.000 284433.000 58666.000 
58976.000 284491.000 284379.000 59524.000 
59272.000 284433.000 284455.000 59495.000 
59144.000 285843.000 285934.000 59102.000 
59155.000 286795.000 286867.000 59411.000 
59194.000 286871.000 286887.000 59392.000 
59171.000 286871.000 286876.000 59837.000 
59290.000 289235.000 289143.000 59401.000 
58713.000 289243.000 289188.000 59168.000 
58903.000 290372.000 290332.000 58905.000 
58736.000 291630.000 291597.000 58506.000 
59394.000 292943.000 292820.000 59658.000 
59113.000 293995.000 294033.000 59111.000 
58833.000 296267.000 296125.000 58511.000 
59227.000 296427.000 296421.000 59501.000 
59010.000 298753.000 298777.000 59304.000 
59052.000 301078.000 301052.000 58543.000 
58907.000 303294.000 303318.000 59024.000 
59035.000 305518.000 305582.000 59134.000 
59407.000 307913.000 307843.000 59324.000 
58946.000 310387.000 310338.000 59362.000 
59183.000 312909.000 312795.000 59333.000 
59216.000 315463.000 315298.000 58803.000 
58090.000 317808.000 317825.000 58579.000 
57620.000 320182.000 320245.000 57649.000 
57035.000 320217.000 320274.000 57116.000 
56689.000 320217.000 320274.000 57030.000 
56676.000 320217.000 320274.000 56527.000 
56331.000 320217.000 320274.000 56746.000 
56625.000 272450.000 279731.000 56667.000 
56977.000 226772.000 226741.000 56786.000 
57551.000 227021.000 227017.000 57243.000 
58293.000 230599.000 230563.000 58090.000 
58650.000 233803.000 233762.000 58814.000 
58610.000 236813.000 236499.000 58835.000 
59299.000 241174.000 241216.000 59048.000 
59155.000 245174.000 245284.000 59585.000 
58871.000 250118.000 250108.000 58865.000 
59227.000 254834.000 254755.000 59664.000 
58630.000 259046.000 259050.000 58784.000 
58993.000 262853.000 262815.000 59188.000 
59687.000 267396.000 267427.000 59392.000 
59280.000 271534.000 271683.000 59090.000 
59509.000 274717.000 274742.000 59196.000 
59296.000 278945.000 278898.000 58879.000 
58983.000 281882.000 281869.000 58883.000 
59415.000 285167.000 284946.000 59760.000 
58857.000 288780.000 288825.000 58852.000 
59323.000 291450.000 291578.000 59132.000 
58932.000 295026.000 294917.000 59757.000 
58925.000 298313.000 298230.000 58691.000 
59226.000 300835.000 300765.000 59117.000 
58389.000 303216.000 303054.000 59223.000 
59696.000 305489.000 305417.000 58710.000 
59648.000 307722.000 307744.000 59369.000 
58420.000 309973.000 309899.000 59152.000 
59258.000 311751.000 311781.000 58832.000 
59942.000 313154.000 313129.000 59849.000 
58615.000 315504.000 315371.000 58906.000 
58967.000 315524.000 315547.000 59214.000 
59495.000 317959.000 317929.000 59320.000 
59062.000 320044.000 319954.000 58868.000 
50271.000 320347.000 320241.000 48257.000 
28654.000 320347.000 320241.000 30264.000 
22602.000 320347.000 320241.000 21438.000 
20680.000 320347.000 320241.000 20558.000 
28062.000 229921.000 229979.000 28496.000 
40517.000 222299.000 222230.000 40579.000 
49216.000 226373.000 226338.000 49321.000 
59485.000 229393.000 229388.000 59888.000 
66734.000 231402.000 231378.000 66775.000 
71155.000 234164.000 234252.000 70957.000 
73029.000 236644.000 236634.000 73424.000 
74728.000 239107.000 238979.000 74961.000 
75320.000 241555.000 241371.000 75456.000 
74491.000 244362.000 244400.000 74691.000 
73993.000 246857.000 246855.000 73697.000 
71871.000 248439.000 248412.000 72322.000 
68866.000 250748.000 250758.000 69213.000 
66274.000 252270.000 252284.000 66490.000 
65251.000 255217.000 255157.000 65895.000 
64892.000 255796.000 255806.000 64598.000 
64311.000 258131.000 258192.000 64361.000 
63693.000 260528.000 260491.000 63603.000 
64108.000 262600.000 262609.000 63973.000 
63601.000 262980.000 262985.000 63203.000 
63780.000 265332.000 265273.000 63962.000 
63593.000 265357.000 265436.000 63614.000 
63740.000 267352.000 267421.000 63732.000 
63491.000 267806.000 267704.000 64052.000 
63688.000 267831.000 267750.000 63695.000 
64481.000 270079.000 270049.000 64130.000 
63828.000 270132.000 270107.000 64044.000 
64366.000 270123.000 270231.000 64037.000 
64119.000 272434.000 272609.000 64005.000 
64075.000 272449.000 272548.000 64043.000 
63829.000 272626.000 272579.000 64172.000 
63213.000 272548.000 272507.000 63773.000 
63713.000 272604.000 272449.000 64264.000 
63228.000 272507.000 272449.000 63537.000 
63804.000 272449.000 272518.000 63859.000 
64066.000 272449.000 272547.000 63731.000 
63476.000 272518.000 272604.000 63575.000 
63977.000 272547.000 272529.000 63953.000 
62814.000 272604.000 272443.000 63322.000 
63901.000 272529.000 272449.000 64227.000 
63328.000 272443.000 272518.000 63280.000 
63763.000 272443.000 272453.000 64193.000 
63652.000 272518.000 272604.000 63309.000 
64059.000 272453.000 272529.000 64161.000 
63744.000 272521.000 272462.000 63306.000 
63740.000 272528.000 272443.000 64128.000 
63505.000 272462.000 272513.000 63709.000 
63589.000 272462.000 272453.000 64033.000 
64492.000 272513.000 272521.000 63833.000 
64319.000 272453.000 272456.000 64085.000 
64479.000 272521.000 272462.000 64032.000 
64065.000 272456.000 272462.000 63930.000 
64556.000 272462.000 272530.000 64462.000 
63706.000 274569.000 274583.000 63743.000 
63954.000 274873.000 274891.000 64630.000 
63651.000 274873.000 274906.000 63569.000 
64626.000 274888.000 274792.000 64624.000 
63172.000 277255.000 277280.000 63326.000 
63990.000 277242.000 277267.000 63905.000 
63471.000 279239.000 279268.000 63582.000 
63383.000 279715.000 279653.000 62990.000 
63243.000 281710.000 281670.000 63520.000 
63827.000 282065.000 282036.000 63569.000 
63263.000 284373.000 284313.000 63846.000 
63639.000 285941.000 285840.000 63540.000 
63762.000 286766.000 286867.000 63917.000 
63436.000 289167.000 289289.000 63492.000 
64307.000 291539.000 291632.000 64573.000 
63458.000 293932.000 293887.000 63229.000 
64332.000 296281.000 296169.000 64394.000 
63243.000 298610.000 298630.000 63382.000 
64260.000 301088.000 301052.000 64275.000 
63197.000 303550.000 303577.000 63153.000 
64176.000 307222.000 307279.000 63952.000 
63086.000 308970.000 308907.000 63671.000 
64122.000 310813.000 310626.000 63695.000 
63092.000 312990.000 312860.000 63796.000 
64050.000 315263.000 315180.000 63600.000 
63152.000 317681.000 317722.000 63939.000 
64012.000 320166.000 320229.000 63698.000 
63660.000 324463.000 324504.000 63859.000 
63714.000 324530.000 324566.000 63533.000 
63807.000 324530.000 324566.000 64153.000 
63433.000 324530.000 324566.000 63411.000 
64337.000 324530.000 324566.000 64855.000 
63405.000 324530.000 324566.000 63305.000 
64380.000 235878.000 235810.000 64830.000 
63171.000 234209.000 234217.000 63239.000 
64201.000 236157.000 236150.000 64368.000 
63215.000 238834.000 238856.000 63446.000 
64152.000 241395.000 241412.000 63998.000 
63176.000 245939.000 246006.000 63615.000 
64054.000 250145.000 250135.000 63502.000 
63114.000 255253.000 255059.000 63883.000 
64054.000 259774.000 259665.000 63718.000 
63214.000 264046.000 264044.000 63921.000 
64066.000 267799.000 268027.000 63340.000 
63496.000 272249.000 272383.000 64136.000 
63658.000 276953.000 276875.000 63741.000 
63802.000 281184.000 281044.000 64211.000 
56946.000 284250.000 284313.000 57894.000 
35457.000 288239.000 288181.000 35061.000 
25232.000 291530.000 291528.000 25059.000 
35991.000 294915.000 295017.000 37066.000 
46961.000 298441.000 298390.000 47728.000 
57708.000 301133.000 301063.000 58098.000 
68710.000 304142.000 303822.000 68360.000 
76121.000 308688.000 308538.000 76399.000 
81664.000 316240.000 316095.000 81441.000 
83556.000 320686.000 320627.000 83565.000 
86845.000 326291.000 326157.000 86938.000 
87213.000 324083.000 324115.000 87584.000 
87878.000 323727.000 323726.000 88020.000 
86799.000 324414.000 324336.000 86913.000 
85378.000 323478.000 323560.000 85693.000 
84774.000 325713.000 325730.000 84643.000 
80710.000 326923.000 326841.000 80724.000 
76959.000 327475.000 327534.000 76822.000 
73986.000 329760.000 329796.000 74801.000 
73471.000 329863.000 329880.000 73604.000 
72001.000 332195.000 332301.000 72196.000 
72506.000 332208.000 332276.000 72680.000 
71780.000 332316.000 332367.000 70891.000 
71935.000 334587.000 334569.000 72510.000 
70909.000 334553.000 334667.000 70738.000 
72142.000 334553.000 334667.000 71626.000 
71460.000 334553.000 334667.000 71820.000 
72239.000 334553.000 331092.000 72468.000 
72452.000 334553.000 235117.000 72711.000 
72618.000 334553.000 234232.000 72700.000 
72892.000 232932.000 238816.000 73001.000 
72715.000 231860.000 240860.000 72569.000 
73514.000 236269.000 244006.000 73803.000 
72978.000 239724.000 248441.000 73063.000 
73944.000 243224.000 253016.000 73453.000 
73085.000 246335.000 257624.000 73039.000 
73846.000 250693.000 262232.000 73586.000 
73127.000 255456.000 266275.000 73101.000 
73580.000 260062.000 270022.000 73586.000 
73182.000 264472.000 274761.000 73424.000 
73048.000 268700.000 279340.000 72546.000 
73658.000 272395.000 282657.000 73619.000 
72902.000 277178.000 286688.000 72661.000 
73836.000 281657.000 289157.000 73787.000 
72878.000 285007.000 293676.000 73030.000 
73186.000 288920.000 296297.000 73131.000 
72503.000 291567.000 299840.000 72292.000 
72414.000 295444.000 303276.000 72819.000 
71868.000 298580.000 305894.000 72308.000 
73040.000 301152.000 308301.000 73327.000 
72288.000 304730.000 310741.000 72060.000 
73551.000 307914.000 313129.000 72996.000 
72417.000 310578.000 315451.000 72496.000 
72899.000 312972.000 317944.000 72707.000 
73286.000 315256.000 320277.000 72837.000 
72656.000 317528.000 322642.000 72223.000 
73246.000 319824.000 322992.000 73355.000 
72740.000 321875.000 325113.000 72232.000 
73068.000 322739.000 327167.000 73327.000 
72495.000 325050.000 327515.000 72406.000 
72852.000 327258.000 329804.000 72513.000 
72334.000 327516.000 330407.000 72373.000 
72765.000 329849.000 332359.000 72668.000 
72483.000 331081.000 332320.000 72600.000 
72996.000 332361.000 332280.000 73483.000 
72573.000 332320.000 334679.000 72740.000 
73185.000 332280.000 334603.000 73376.000 
72673.000 334664.000 334603.000 72752.000 
72829.000 334583.000 334603.000 72639.000 
72688.000 334583.000 334603.000 73177.000 
72539.000 334583.000 234577.000 72416.000 
72925.000 334583.000 233384.000 73034.000 
72569.000 334583.000 236182.000 72324.000 
72840.000 321760.000 240493.000 72886.000 
72563.000 232168.000 243484.000 72303.000 
72618.000 231844.000 246842.000 72678.000 
72283.000 236552.000 250828.000 72393.000 
72594.000 240904.000 255169.000 73132.000 
72359.000 243623.000 259878.000 72791.000 
72903.000 247981.000 264228.000 72990.000 
72449.000 251681.000 268370.000 72769.000 
73220.000 255633.000 272326.000 73070.000 
72773.000 260358.000 276984.000 72956.000 
72981.000 265040.000 281244.000 72810.000 
72906.000 269604.000 284334.000 73050.000 
72564.000 274055.000 288476.000 72733.000 
73098.000 277934.000 291443.000 72736.000 
72772.000 281902.000 293965.000 72309.000 
73153.000 286251.000 298091.000 73330.000 
72627.000 289158.000 300977.000 72517.000 
73285.000 292746.000 303463.000 72917.000 
72693.000 296128.000 307267.000 72334.000 
73436.000 298712.000 310297.000 72663.000 
72275.000 301918.000 312760.000 72558.000 
72923.000 305568.000 314855.000 73296.000 
72297.000 308256.000 317012.000 72671.000 
73462.000 310577.000 318990.000 73197.000 
72476.000 313005.000 320440.000 72604.000 
72463.000 315356.000 322666.000 72505.000 
72522.000 317737.000 324890.000 73118.000 
72427.000 320121.000 326904.000 72347.000 
73132.000 322469.000 327470.000 73068.000 
72552.000 322625.000 329776.000 72506.000 
67331.000 325026.000 329840.000 69141.000 
45425.000 327356.000 332275.000 47245.000 
27765.000 327414.000 332236.000 27962.000 
37292.000 329851.000 332239.000 36955.000 
48993.000 331874.000 334586.000 48588.000 
57797.000 332238.000 334691.000 57483.000 
68100.000 332209.000 334691.000 68194.000 
76315.000 332183.000 334691.000 76254.000 
82351.000 334566.000 329422.000 82729.000 
86723.000 334620.000 234853.000 86811.000 
88925.000 334620.000 234210.000 88827.000 
91454.000 334620.000 240875.000 91145.000 
91853.000 334620.000 244227.000 92162.000 
91999.000 334620.000 246902.000 91717.000 
91654.000 267679.000 249315.000 91725.000 
91264.000 232705.000 253793.000 91012.000 
91961.000 231974.000 258258.000 92082.000 
88588.000 237754.000 262221.000 88479.000 
86305.000 241214.000 266471.000 85953.000 
83532.000 244066.000 270170.000 83566.000 
82068.000 248374.000 274651.000 82892.000 
82791.000 252690.000 279204.000 82704.000 
80905.000 257094.000 283011.000 81140.000 
80050.000 261667.000 286556.000 79889.000 
79281.000 265616.000 290336.000 79849.000 
78873.000 269951.000 293719.000 78682.000 
78673.000 274610.000 296296.000 79048.000 
77939.000 279032.000 299837.000 77526.000 
78753.000 282716.000 303290.000 79353.000 
77709.000 286590.000 305902.000 78192.000 
77480.000 289589.000 308392.000 77354.000 
77285.000 293529.000 310740.000 77252.000 
77463.000 296326.000 313085.000 77121.000 
78242.000 299015.000 315530.000 78682.000 
77137.000 302894.000 317915.000 77225.000 
77667.000 305811.000 320261.000 77660.000 
77093.000 308319.000 322664.000 76758.000 
77413.000 310691.000 323225.000 77205.000 
77925.000 313134.000 325012.000 77704.000 
77198.000 315499.000 327191.000 76812.000 
78208.000 317927.000 327535.000 78179.000 
77405.000 320307.000 329842.000 77195.000 
77382.000 322669.000 330675.000 77364.000 
77730.000 323044.000 332270.000 77909.000 
76912.000 325088.000 332276.000 77678.000 
78485.000 327456.000 332367.000 78664.000 
77636.000 328977.000 334653.000 77653.000 
77886.000 329924.000 334957.000 78238.000 
77468.000 332091.000 337000.000 77353.000 
77627.000 332207.000 337007.000 77163.000 
78004.000 332307.000 337013.000 78098.000 
77213.000 333748.000 337136.000 77458.000 
78661.000 334670.000 337119.000 78577.000 
77747.000 334726.000 337009.000 77538.000 
77769.000 334760.000 337008.000 77427.000 
77863.000 337075.000 337007.000 77155.000 
77203.000 337007.000 337007.000 77632.000 
78675.000 337007.000 337125.000 78359.000 
77506.000 337007.000 337119.000 77078.000 
77637.000 337131.000 337104.000 77772.000 
77582.000 337119.000 337091.000 77477.000 
77453.000 337104.000 337006.000 77326.000 
77743.000 337091.000 337007.000 78108.000 
77081.000 337006.000 337131.000 77217.000 
77964.000 337007.000 337114.000 78299.000 
76904.000 337131.000 337104.000 77252.000 
77514.000 337114.000 337091.000 77239.000 
77333.000 337096.000 337080.000 77573.000 
78109.000 337091.000 337006.000 77998.000 
80311.000 337080.000 337131.000 79444.000 
79142.000 337070.000 337114.000 79289.000 
79636.000 337131.000 337100.000 79661.000 
79678.000 337114.000 337084.000 79394.000 
79898.000 337100.000 339430.000 79821.000 
81022.000 337087.000 339405.000 81041.000 
80121.000 337080.000 339405.000 79971.000 
81265.000 337070.000 339405.000 80822.000 
80855.000 337070.000 330823.000 80324.000 
80554.000 337114.000 239336.000 80700.000 
80601.000 339422.000 239001.000 80766.000 
79213.000 339464.000 245176.000 79360.000 
80286.000 339464.000 250597.000 79812.000 
78703.000 339464.000 256130.000 78569.000 
78898.000 331583.000 261961.000 78526.000 
78384.000 239384.000 267094.000 77745.000 
77581.000 238905.000 269642.000 77775.000 
78449.000 245071.000 272028.000 78818.000 
77292.000 250588.000 274668.000 77715.000 
78012.000 256114.000 278087.000 77897.000 
77349.000 261653.000 281722.000 77445.000 
77225.000 265212.000 284429.000 77477.000 
77818.000 269506.000 288489.000 77709.000 
77020.000 272034.000 291480.000 77196.000 
78155.000 274890.000 294964.000 78121.000 
77652.000 278714.000 298364.000 77183.000 
77482.000 281911.000 301005.000 77433.000 
77829.000 284689.000 304094.000 77465.000 
77079.000 288678.000 307735.000 77537.000 
78314.000 291508.000 310528.000 78440.000 
76927.000 294747.000 313061.000 77523.000 
77931.000 298296.000 315513.000 78006.000 
77432.000 301096.000 317865.000 77484.000 
77040.000 303602.000 320290.000 77424.000 
78195.000 307617.000 322660.000 78175.000 
56904.000 310469.000 324959.000 60002.000 
29938.000 313006.000 327208.000 31142.000 
26826.000 315389.000 328268.000 26346.000 
30135.000 317771.000 329867.000 30195.000 
41057.000 320257.000 332264.000 42307.000 
51181.000 322611.000 332648.000 51577.000 
60648.000 325039.000 334604.000 60869.000 
71140.000 327402.000 336608.000 70650.000 
77787.000 328164.000 337029.000 77779.000 
82795.000 329785.000 337051.000 83371.000 
85760.000 332196.000 337045.000 85919.000 
87529.000 333950.000 339421.000 87622.000 
89558.000 334652.000 339421.000 89559.000 
89400.000 336930.000 339421.000 89722.000 
88942.000 337034.000 339421.000 88911.000 
87788.000 337034.000 339421.000 87763.000 
87423.000 338406.000 237825.000 87443.000 
86588.000 339472.000 238198.000 86698.000 
83640.000 339472.000 241890.000 83772.000 
81464.000 339472.000 245665.000 81307.000 
80210.000 339472.000 248441.000 80037.000 
78864.000 339472.000 251191.000 79394.000 
79266.000 339472.000 255522.000 78951.000 
78612.000 257272.000 260173.000 78686.000 
77998.000 236687.000 264686.000 78061.000 
78001.000 236658.000 268956.000 78193.000 
77876.000 242876.000 272860.000 78044.000 
77649.000 246021.000 277006.000 77846.000 
77127.000 248559.000 281649.000 77538.000 
77623.000 252982.000 286028.000 77276.000 
77268.000 257722.000 289117.000 77693.000 
78010.000 262279.000 293453.000 77751.000 
77267.000 266543.000 296386.000 77489.000 
78397.000 270178.000 299946.000 78274.000 
77750.000 274656.000 303272.000 77981.000 
77124.000 279212.000 305872.000 77183.000 
78327.000 283647.000 308528.000 78382.000 
77361.000 287037.000 312406.000 77065.000 
77714.000 291353.000 315273.000 77373.000 
76986.000 294723.000 317616.000 77011.000 
77051.000 298347.000 319907.000 77138.000 
76042.000 301027.000 322066.000 76113.000 
76081.000 303827.000 323779.000 76052.000 
75569.000 307756.000 325021.000 75734.000 
75385.000 310534.000 327443.000 75352.000 
75971.000 313061.000 329727.000 76415.000 
75323.000 315532.000 331634.000 75148.000 
76324.000 317893.000 332247.000 76268.000 
75063.000 320362.000 334493.000 75156.000 
75544.000 322765.000 334591.000 75164.000 
75598.000 325097.000 336996.000 75125.000 
75172.000 327431.000 337014.000 75069.000 
75284.000 328206.000 337012.000 75653.000 
75236.000 329815.000 339258.000 75270.000 
76130.000 332259.000 339377.000 76311.000 
75249.000 334126.000 339377.000 75211.000 
76445.000 334580.000 339377.000 76502.000 
75340.000 336905.000 339377.000 75271.000 
75312.000 337015.000 252444.000 75065.000 
75221.000 337013.000 236697.000 74909.000 
75351.000 338511.000 238951.000 75234.000 
75305.000 339389.000 243641.000 75309.000 
75048.000 339389.000 246152.000 74826.000 
75951.000 339389.000 250447.000 76026.000 
74875.000 339389.000 253374.000 74786.000 
76274.000 339389.000 257919.000 76340.000 
74934.000 339389.000 262720.000 74924.000 
75263.000 254764.000 267217.000 75134.000 
74858.000 236639.000 271654.000 75060.000 
75468.000 236574.000 275623.000 75312.000 
75300.000 242937.000 279580.000 75251.000 
74918.000 245971.000 284199.000 74830.000 
76051.000 248540.000 288365.000 76278.000 
74856.000 253064.000 291425.000 74807.000 
76055.000 257749.000 295014.000 76288.000 
74898.000 262310.000 298628.000 74905.000 
75240.000 266628.000 301206.000 75142.000 
75224.000 270609.000 305174.000 74964.000 
75015.000 274767.000 308089.000 75135.000 
75383.000 279424.000 310651.000 75463.000 
74884.000 283708.000 313114.000 75225.000 
76257.000 287051.000 315500.000 75974.000 
74948.000 291408.000 317954.000 75130.000 
75700.000 294906.000 320342.000 75966.000 
74765.000 298443.000 322686.000 75206.000 
75467.000 301119.000 325109.000 75189.000 
75212.000 304132.000 327498.000 75013.000 
75059.000 307720.000 328663.000 75235.000 
75543.000 310577.000 329915.000 75570.000 
74899.000 313086.000 332293.000 75357.000 
76169.000 315557.000 333739.000 76092.000 
74918.000 317944.000 334656.000 75155.000 
75978.000 320306.000 336898.000 75983.000 
74917.000 322690.000 337079.000 75307.000 
75288.000 325112.000 337070.000 75194.000 
75156.000 327468.000 337899.000 75012.000 
75062.000 328468.000 339372.000 75132.000 
75339.000 329815.000 339372.000 75608.000 
74785.000 332263.000 339372.000 75355.000 
76185.000 334102.000 339372.000 76037.000 
74909.000 334701.000 339372.000 75122.000 
75811.000 336980.000 339372.000 76153.000 
74794.000 337069.000 267451.000 75408.000 
68568.000 337061.000 236785.000 73604.000 
50398.000 338605.000 236626.000 46889.000 
26615.000 339454.000 242461.000 26896.000 
28382.000 339454.000 245943.000 27780.000 
41105.000 339454.000 248527.000 40302.000 
49664.000 339454.000 252793.000 49157.000 
58893.000 339454.000 257238.000 58558.000 
68847.000 339454.000 261842.000 68498.000 
76037.000 254695.000 265872.000 75865.000 
81729.000 236608.000 269963.000 82245.000 
83610.000 236672.000 274592.000 84016.000 
86239.000 243027.000 279027.000 85605.000 
86853.000 246050.000 282932.000 86800.000 
85655.000 248874.000 286727.000 85814.000 
85047.000 253034.000 291288.000 84893.000 
83923.000 257755.000 294011.000 84246.000 
83712.000 262344.000 298158.000 84375.000 
82033.000 266726.000 301000.000 81731.000 
79090.000 270811.000 303421.000 78980.000 
76146.000 274758.000 307277.000 76289.000 
76055.000 279271.000 310397.000 75913.000 
74528.000 283751.000 312967.000 74536.000 
74050.000 287390.000 315500.000 74106.000 
73319.000 291384.000 317847.000 73345.000 
73642.000 295156.000 320217.000 73453.000 
73028.000 298508.000 322649.000 73001.000 
72500.000 301074.000 325017.000 72944.000 
73779.000 304164.000 327324.000 73420.000 
72774.000 307732.000 327473.000 72862.000 
74004.000 310471.000 329815.000 73915.000 
73168.000 313004.000 332191.000 72881.000 
73284.000 315407.000 333696.000 73963.000 
73010.000 317865.000 334694.000 73007.000 
73074.000 320321.000 336868.000 72960.000 
73558.000 322702.000 337030.000 73224.000 
73040.000 325029.000 337027.000 72793.000 
73593.000 327434.000 337797.000 73296.000 
72533.000 328597.000 339395.000 72634.000 
73425.000 329835.000 339395.000 73398.000 
72365.000 332258.000 339395.000 72617.000 
73077.000 334219.000 339395.000 73215.000 
72567.000 334608.000 339395.000 72573.000 
72918.000 336947.000 339395.000 73213.000 
72558.000 337026.000 267493.000 72863.000 
73114.000 337027.000 236771.000 73050.000 
73397.000 338670.000 236580.000 73416.000 
72820.000 339472.000 242555.000 72798.000 
73808.000 339472.000 245907.000 73630.000 
72724.000 339472.000 248440.000 72877.000 
73441.000 339472.000 252891.000 73227.000 
73306.000 339472.000 257428.000 72659.000 
73228.000 339472.000 261915.000 72967.000 
72515.000 252521.000 266029.000 72316.000 
72952.000 236634.000 269912.000 73560.000 
72640.000 236604.000 274589.000 72615.000 
72747.000 243164.000 279057.000 73122.000 
73444.000 246016.000 283137.000 73153.000 
72813.000 248803.000 286641.000 72658.000 
73203.000 253094.000 291291.000 73303.000 
72482.000 257789.000 294204.000 72918.000 
73008.000 262448.000 298176.000 73223.000 
72773.000 266821.000 301098.000 72695.000 
73022.000 270739.000 303612.000 72659.000 
72761.000 274737.000 307337.000 72809.000 
73429.000 279397.000 310444.000 73273.000 
73252.000 283721.000 313010.000 72586.000 
73259.000 287498.000 315453.000 73825.000 
73437.000 291381.000 317908.000 73018.000 
72821.000 295132.000 320326.000 73219.000 
73350.000 298499.000 322661.000 72992.000 
73196.000 301148.000 324985.000 73287.000 
73020.000 304336.000 327328.000 73104.000 
73253.000 307938.000 327394.000 73369.000 
73479.000 310610.000 329835.000 73448.000 
73495.000 313048.000 332210.000 73325.000 
73242.000 315532.000 333769.000 73408.000 
73461.000 318168.000 334639.000 73707.000 
73021.000 320290.000 336871.000 73760.000 
73492.000 322711.000 337012.000 73283.000 
73231.000 325074.000 337012.000 73719.000 
73400.000 327356.000 338031.000 73055.000 
73222.000 328627.000 339433.000 73339.000 
72650.000 329859.000 339433.000 72793.000 
73338.000 332198.000 339433.000 72898.000 
72515.000 334215.000 339433.000 72859.000 
73198.000 334685.000 339433.000 72962.000 
72520.000 336927.000 339433.000 72516.000 
73318.000 337136.000 263631.000 73296.000 
72968.000 337010.000 236726.000 73395.000 
73026.000 338626.000 236549.000 72800.000 
73206.000 339389.000 242527.000 73537.000 
72652.000 339389.000 246012.000 72637.000 
73111.000 339389.000 248559.000 72914.000 
72886.000 339389.000 252838.000 72976.000 
73173.000 339389.000 257496.000 73084.000 
72646.000 339389.000 262137.000 72517.000 
73275.000 250491.000 266035.000 73396.000 
72343.000 236600.000 270078.000 72810.000 
73647.000 236548.000 274717.000 72889.000 
72435.000 243179.000 279177.000 72678.000 
72323.000 246097.000 283434.000 72403.000 
72116.000 249116.000 286805.000 72483.000 
72630.000 253174.000 291340.000 72481.000 
72351.000 257807.000 294331.000 72755.000 
58269.000 262473.000 298293.000 59922.000 
34640.000 266949.000 301056.000 33935.000 
25881.000 271140.000 303588.000 25609.000 
33352.000 274830.000 307540.000 33340.000 
46198.000 279449.000 310488.000 46754.000 
54669.000 283886.000 313147.000 55267.000 
65658.000 287613.000 315602.000 65403.000 
74860.000 291547.000 317934.000 74823.000 
80848.000 295397.000 320393.000 81006.000 
85156.000 298448.000 322760.000 84947.000 
87186.000 301091.000 325073.000 87289.000 
89542.000 304576.000 327469.000 89568.000 
89449.000 307908.000 327843.000 89447.000 
88188.000 310551.000 329931.000 88166.000 
87519.000 313160.000 332349.000 87644.000 
87147.000 315536.000 334032.000 86969.000 
87439.000 318551.000 334648.000 86794.000 
82843.000 320343.000 336922.000 82847.000 
81202.000 322672.000 337060.000 80922.000 
78531.000 325086.000 337100.000 78199.000 
77542.000 327483.000 338282.000 77499.000 
76231.000 328894.000 339372.000 76227.000 
76287.000 329942.000 339372.000 76164.000 
75112.000 332311.000 339372.000 75522.000 
74963.000 334273.000 339372.000 75236.000 
75599.000 334643.000 339372.000 75481.000 
74993.000 336987.000 339372.000 74802.000 
75933.000 337053.000 260323.000 75951.000 
74649.000 337047.000 236675.000 74647.000 
75081.000 338837.000 236589.000 75340.000 
74841.000 339454.000 242709.000 74620.000 
75148.000 339454.000 245960.000 74650.000 
74967.000 339454.000 248528.000 74603.000 
74759.000 339454.000 252867.000 74937.000 
75982.000 339454.000 257553.000 75433.000 
75108.000 339454.000 261988.000 74864.000 
76319.000 248737.000 266261.000 76264.000 
75248.000 236695.000 269959.000 74825.000 
75460.000 236640.000 274691.000 75599.000 
75305.000 243252.000 279255.000 75125.000 
75458.000 246161.000 283380.000 75015.000 
75211.000 249375.000 286728.000 75070.000 
75221.000 253119.000 291402.000 75233.000 
75693.000 257717.000 294587.000 75555.000 
75075.000 262444.000 298299.000 74907.000 
76262.000 266900.000 301053.000 75790.000 
74901.000 271214.000 303490.000 75111.000 
75833.000 274801.000 307447.000 75674.000 
74946.000 279389.000 310429.000 75335.000 
75501.000 283809.000 313017.000 75496.000 
74869.000 287767.000 315508.000 75155.000 
74935.000 291451.000 317882.000 75070.000 
75064.000 295522.000 320241.000 75038.000 
75337.000 298623.000 322608.000 75163.000 
75554.000 301096.000 325013.000 75609.000 
74997.000 304538.000 327358.000 75131.000 
75876.000 307922.000 328095.000 75777.000 
74746.000 310595.000 329896.000 75079.000 
75470.000 313128.000 332224.000 75703.000 
74932.000 315578.000 333876.000 75264.000 
75238.000 318665.000 334655.000 75466.000 
75123.000 320246.000 336900.000 75024.000 
75065.000 322663.000 337023.000 75027.000 
75072.000 325024.000 337021.000 75088.000 
75095.000 327457.000 338305.000 75319.000 
75589.000 328926.000 339395.000 75542.000 
75142.000 330161.000 339395.000 75001.000 
76026.000 332230.000 339395.000 75720.000 
74754.000 334293.000 339395.000 74955.000 
75758.000 334575.000 339395.000 75571.000 
75077.000 336958.000 339395.000 75134.000 
75418.000 337020.000 260254.000 75691.000 
75053.000 337018.000 236744.000 75181.000 
75058.000 338747.000 236554.000 75075.000 
74989.000 339517.000 242893.000 75105.000 
75179.000 339517.000 246037.000 75171.000 
75447.000 339517.000 248501.000 75554.000 
75102.000 339517.000 252916.000 75088.000 
75786.000 339517.000 257519.000 75870.000 
74800.000 339517.000 262194.000 75172.000 
75405.000 248779.000 266491.000 75834.000 
74935.000 236620.000 270417.000 75156.000 
75395.000 236878.000 274720.000 75772.000 
75014.000 243360.000 279154.000 75032.000 
75108.000 246105.000 283464.000 75281.000 
75140.000 249317.000 286725.000 75130.000 
75103.000 253198.000 291369.000 75298.000 
75471.000 257838.000 294754.000 75557.000 
75165.000 262534.000 298323.000 75105.000 
75811.000 267116.000 301050.000 75633.000 
74917.000 271360.000 303568.000 74902.000 
75679.000 274798.000 307603.000 75628.000 
75087.000 279423.000 310574.000 75403.000 
75515.000 283897.000 313117.000 75556.000 
75062.000 287975.000 315523.000 75055.000 
75134.000 291526.000 317929.000 75140.000 
75031.000 295530.000 320374.000 75090.000 
75226.000 298508.000 322676.000 75188.000 
75719.000 301113.000 325114.000 75352.000 
75181.000 304704.000 327485.000 75036.000 
76057.000 308052.000 328254.000 75807.000 
74837.000 310702.000 329885.000 75086.000 
75830.000 313128.000 332301.000 75675.000 
73066.000 315516.000 334058.000 74396.000 
49000.000 318734.000 334614.000 48905.000 
27496.000 320332.000 336901.000 27529.000 
26854.000 322778.000 337009.000 25974.000 
37221.000 325110.000 337009.000 37011.000 
47658.000 327444.000 338383.000 47116.000 
57132.000 328949.000 339445.000 56736.000 
67913.000 330267.000 339445.000 67557.000 
75367.000 332269.000 339445.000 75322.000 
82206.000 334411.000 339445.000 81702.000 
83996.000 334759.000 339445.000 84151.000 
85486.000 336951.000 339445.000 85728.000 
86904.000 337008.000 257267.000 86910.000 
87153.000 337008.000 236682.000 86696.000 
85801.000 338823.000 236656.000 85672.000 
85115.000 339389.000 242888.000 84800.000 
84659.000 339389.000 246008.000 84704.000 
81906.000 339389.000 248553.000 81580.000 
78968.000 339389.000 252986.000 78855.000 
76397.000 339389.000 257739.000 76624.000 
75558.000 339389.000 262322.000 75635.000 
74481.000 247219.000 266567.000 74513.000 
73943.000 236693.000 270309.000 74084.000 
73519.000 237425.000 274784.000 73507.000 
73347.000 243380.000 279367.000 73059.000 
73211.000 246074.000 283692.000 73472.000 
72588.000 249557.000 287100.000 72642.000 
73532.000 253257.000 291349.000 73945.000 
72375.000 257962.000 294730.000 72441.000 
73432.000 262646.000 298357.000 73517.000 
72671.000 267051.000 301043.000 72532.000 
73063.000 271474.000 303690.000 72643.000 
72679.000 275120.000 307747.000 72751.000 
72678.000 279453.000 310532.000 72254.000 
72994.000 284144.000 313112.000 72932.000 
72642.000 288167.000 315586.000 72771.000 
73329.000 291528.000 317955.000 73286.000 
72987.000 295568.000 320301.000 72513.000 
73091.000 298584.000 322706.000 73055.000 
73143.000 301075.000 325126.000 72566.000 
73200.000 304800.000 327469.000 73157.000 
72353.000 307921.000 328348.000 72580.000 
73342.000 310616.000 329947.000 73618.000 
72880.000 313123.000 332271.000 72739.000 
72849.000 315520.000 334154.000 72766.000 
73132.000 318890.000 334605.000 73367.000 
72669.000 320642.000 336891.000 72477.000 
73109.000 322624.000 337087.000 72949.000 
72428.000 325066.000 337076.000 72100.000 
72715.000 327554.000 338450.000 72590.000 
72489.000 329153.000 339372.000 72337.000 
73117.000 330424.000 339372.000 73189.000 
72644.000 332238.000 339372.000 72550.000 
73300.000 334321.000 339372.000 73432.000 
72875.000 334606.000 339372.000 73271.000 
72809.000 336990.000 339372.000 72771.000 
73591.000 337003.000 254747.000 73402.000 
72657.000 337067.000 236626.000 72714.000 
73250.000 339000.000 236564.000 73071.000 
72469.000 339454.000 243015.000 72774.000 
73232.000 339454.000 246023.000 73215.000 
72643.000 339454.000 248457.000 72554.000 
73256.000 339454.000 253079.000 72700.000 
72560.000 339454.000 257658.000 72552.000 
73050.000 339454.000 262225.000 73017.000 
73042.000 245861.000 266550.000 73027.000 
72479.000 236599.000 270550.000 72500.000 
73066.000 237568.000 274639.000 72632.000 
72604.000 243431.000 279320.000 72725.000 
72945.000 246126.000 283683.000 72649.000 
72677.000 249707.000 287042.000 72593.000 
73194.000 253144.000 291433.000 72736.000 
72427.000 257832.000 294990.000 72508.000 
73043.000 262574.000 298341.000 73119.000 
72969.000 267158.000 301043.000 72970.000 
72606.000 271390.000 304078.000 72442.000 
73194.000 275319.000 307681.000 72937.000 
72529.000 279407.000 310601.000 72760.000 
72702.000 283963.000 313123.000 72622.000 
72611.000 288223.000 315498.000 72579.000 
73044.000 291580.000 317801.000 72769.000 
72374.000 295634.000 320186.000 72444.000 
73252.000 298564.000 322575.000 73633.000 
73086.000 301075.000 325010.000 72979.000 
72714.000 304883.000 327409.000 72512.000 
73295.000 308065.000 328417.000 73070.000 
72480.000 310686.000 329811.000 72627.000 
72699.000 313127.000 332171.000 72811.000 
72501.000 315567.000 334016.000 72633.000 
73036.000 319087.000 334628.000 72464.000 
72266.000 320438.000 336924.000 72340.000 
73473.000 322633.000 337001.000 73584.000 
72967.000 325018.000 337030.000 72725.000 
72743.000 327350.000 338577.000 72501.000 
73460.000 329088.000 339395.000 73070.000 
72601.000 330592.000 339395.000 72674.000 
72663.000 332176.000 339395.000 73067.000 
72409.000 334349.000 339395.000 72677.000 
72908.000 334675.000 339395.000 72531.000 
72233.000 336969.000 339395.000 72423.000 
73409.000 337015.000 254679.000 73546.000 
72717.000 337001.000 236675.000 72650.000 
73022.000 338928.000 236658.000 72554.000 
73369.000 339517.000 243029.000 72928.000 
62626.000 339517.000 246030.000 62474.000 
35046.000 339517.000 248846.000 34973.000 
28930.000 339517.000 253016.000 29252.000 
42558.000 339517.000 257778.000 42867.000 
53531.000 339517.000 262383.000 53082.000 
64074.000 245912.000 266719.000 63773.000 
76021.000 236709.000 270910.000 76316.000 
83243.000 237830.000 274786.000 83642.000 
88663.000 243400.000 279353.000 88642.000 
91992.000 246082.000 283715.000 92204.000 
94166.000 250535.000 288116.000 93881.000 
96727.000 257188.000 295283.000 96286.000 
96898.000 262640.000 299517.000 97014.000 
97005.000 266073.000 302396.000 97409.000 
95802.000 267157.000 302019.000 96083.000 
94688.000 271341.000 305041.000 94953.000 
94542.000 274817.000 308081.000 95859.000 
92526.000 279505.000 310628.000 94238.000 
86074.000 284034.000 313127.000 86781.000 
81874.000 287900.000 315511.000 82221.000 
79262.000 291510.000 317958.000 79665.000 
78023.000 295637.000 320351.000 78075.000 
76599.000 298696.000 322736.000 76776.000 
77270.000 301464.000 325061.000 77486.000 
75469.000 305426.000 327450.000 75384.000 
75442.000 308153.000 328672.000 75392.000 
75056.000 310700.000 329912.000 75166.000 
75209.000 313684.000 332342.000 75351.000 
76418.000 315892.000 333612.000 76911.000 
75918.000 317967.000 334578.000 75901.000 
77463.000 320357.000 336815.000 77595.000 
76484.000 322652.000 337006.000 77037.000 
77196.000 325067.000 337000.000 77133.000 
77495.000 327418.000 337605.000 77713.000 
77430.000 329195.000 339523.000 77202.000 
78321.000 329925.000 339463.000 78836.000 
77139.000 332306.000 339435.000 77648.000 
77651.000 334041.000 341743.000 77611.000 
77706.000 334631.000 341808.000 77636.000 
77484.000 336899.000 341832.000 77536.000 
78430.000 337006.000 341856.000 78375.000 
77345.000 337131.000 341874.000 77154.000 
77795.000 338421.000 341890.000 77806.000 
77566.000 339459.000 341808.000 77691.000 
77283.000 341676.000 341808.000 77594.000 
77895.000 341903.000 341832.000 77836.000 
77195.000 341808.000 341853.000 77767.000 
78458.000 341832.000 341865.000 78508.000 
77000.000 341853.000 341890.000 77438.000 
77873.000 341871.000 341903.000 77622.000 
77699.000 341890.000 341790.000 77776.000 
77342.000 341903.000 341832.000 77257.000 
78309.000 341790.000 341853.000 78200.000 
77641.000 341832.000 341871.000 77032.000 
78170.000 341853.000 341887.000 78020.000 
77507.000 341871.000 341903.000 77038.000 
77175.000 341887.000 341790.000 77615.000 
77893.000 341897.000 341790.000 77491.000 
77058.000 341790.000 341853.000 77623.000 
78447.000 341790.000 341871.000 78507.000 
76990.000 341817.000 341887.000 77483.000 
78063.000 341871.000 344238.000 77715.000 
77420.000 341887.000 344177.000 77435.000 
77322.000 341901.000 344177.000 77604.000 
78049.000 341789.000 344177.000 78168.000 
77103.000 341790.000 328322.000 77281.000 
78100.000 341817.000 241841.000 77812.000 
77340.000 341839.000 241375.000 77330.000 
77277.000 341887.000 247662.000 77466.000 
77886.000 341901.000 252954.000 77786.000 
77237.000 344217.000 259001.000 77319.000 
78486.000 344166.000 264448.000 78371.000 
77833.000 344166.000 267642.000 77139.000 
77655.000 344166.000 270118.000 77665.000 
77386.000 286072.000 274626.000 77650.000 
77414.000 241548.000 277162.000 77391.000 
78215.000 241651.000 280431.000 78108.000 
77535.000 248028.000 284096.000 77218.000 
77847.000 253695.000 287388.000 77648.000 
77323.000 259656.000 291414.000 77519.000 
77160.000 264938.000 295112.000 77741.000 
77882.000 269832.000 298494.000 77540.000 
77123.000 272118.000 301157.000 77156.000 
78406.000 274638.000 305272.000 78397.000 
76934.000 277142.000 308116.000 77295.000 
77717.000 281657.000 310662.000 77530.000 
77715.000 284404.000 313799.000 77564.000 
77340.000 288144.000 317168.000 77463.000 
77992.000 291469.000 320049.000 78051.000 
77462.000 295513.000 322341.000 77281.000 
77820.000 298659.000 324943.000 78015.000 
77747.000 301724.000 327236.000 77477.000 
77744.000 305517.000 329429.000 77958.000 
77833.000 308233.000 331437.000 78222.000 
77363.000 310590.000 332208.000 77599.000 
78684.000 314191.000 334521.000 78719.000 
77875.000 317407.000 336758.000 77610.000 
77754.000 320050.000 337038.000 77525.000 
77593.000 322530.000 339326.000 77582.000 
77505.000 324972.000 339376.000 77456.000 
78780.000 327252.000 341785.000 78561.000 
77853.000 329502.000 341822.000 77316.000 
77982.000 331646.000 341844.000 77734.000 
70575.000 332182.000 344169.000 70548.000 
46221.000 334602.000 344167.000 45719.000 
28076.000 336831.000 344167.000 27832.000 
27101.000 337033.000 344167.000 27299.000 
34724.000 339338.000 344167.000 34420.000 
46637.000 339704.000 255174.000 46238.000 
54486.000 341813.000 239021.000 53858.000 
63814.000 341844.000 241266.000 63137.000 
72210.000 341863.000 246101.000 71570.000 
78721.000 344168.000 248607.000 77797.000 
82318.000 344290.000 252542.000 82335.000 
84797.000 344290.000 256548.000 84406.000 
86589.000 344290.000 260397.000 86414.000 
87433.000 344290.000 265120.000 87380.000 
87306.000 249839.000 269686.000 87356.000 
86737.000 239006.000 274249.000 86882.000 
86284.000 241318.000 278308.000 86254.000 
86155.000 246084.000 281918.000 86127.000 
82744.000 248908.000 286605.000 83053.000 
81348.000 252898.000 290816.000 81199.000 
79328.000 256734.000 293913.000 79987.000 
79532.000 260987.000 298507.000 79041.000 
78618.000 265123.000 301337.000 78621.000 
78121.000 269809.000 305431.000 78476.000 
78997.000 274318.000 308222.000 78830.000 
78181.000 278520.000 310679.000 77666.000 
77534.000 281928.000 314047.000 77776.000 
76574.000 286539.000 317413.000 77036.000 
77149.000 290816.000 320119.000 76997.000 
75610.000 294297.000 322479.000 76132.000 
75692.000 298569.000 325041.000 75500.000 
75984.000 301680.000 327320.000 76224.000 
74983.000 305484.000 329569.000 74938.000 
75788.000 308194.000 331561.000 75431.000 
75453.000 310679.000 332164.000 75248.000 
75433.000 314334.000 334567.000 75052.000 
74844.000 317485.000 336797.000 74860.000 
75685.000 320229.000 337008.000 75663.000 
74817.000 322597.000 339317.000 74972.000 
75260.000 325023.000 339441.000 75403.000 
75530.000 327320.000 341804.000 75364.000 
75234.000 329623.000 341836.000 75328.000 
76343.000 331725.000 341856.000 76433.000 
76515.000 332269.000 344136.000 76868.000 
77421.000 334631.000 344154.000 77381.000 
77150.000 336822.000 344154.000 77463.000 
77975.000 337008.000 344154.000 78326.000 
77970.000 339396.000 344154.000 78297.000 
77434.000 339761.000 251415.000 77893.000 
78116.000 341828.000 239044.000 77979.000 
77600.000 341856.000 241306.000 77613.000 
78077.000 341749.000 246088.000 77612.000 
77008.000 344151.000 249111.000 77567.000 
78451.000 344204.000 252800.000 78167.000 
77806.000 344204.000 257095.000 78190.000 
77892.000 344204.000 260766.000 77453.000 
78212.000 344204.000 265184.000 78057.000 
77524.000 249868.000 269912.000 77376.000 
77572.000 239044.000 274574.000 77180.000 
76908.000 241400.000 278870.000 77509.000 
77888.000 246077.000 282641.000 77948.000 
77710.000 249165.000 286708.000 77524.000 
77327.000 252815.000 291003.000 77432.000 
77612.000 256897.000 294726.000 77275.000 
77071.000 260765.000 298607.000 77614.000 
77937.000 265252.000 302134.000 77538.000 
77059.000 269859.000 305612.000 77300.000 
77759.000 274521.000 308225.000 77860.000 
77629.000 278817.000 310697.000 77936.000 
77771.000 282261.000 314650.000 77516.000 
77103.000 286652.000 317654.000 77778.000 
77590.000 290966.000 320296.000 77597.000 
77469.000 294517.000 322638.000 77288.000 
77139.000 298500.000 324874.000 77986.000 
78127.000 301969.000 326966.000 77785.000 
78055.000 305555.000 329036.000 78575.000 
78332.000 308190.000 330532.000 78133.000 
77785.000 310717.000 332277.000 78367.000 
78028.000 314424.000 334606.000 77777.000 
77762.000 317499.000 336461.000 77528.000 
77766.000 320147.000 337097.000 77966.000 
77876.000 322540.000 339401.000 77389.000 
78077.000 325065.000 339461.000 78128.000 
78042.000 327437.000 341765.000 77720.000 
77850.000 329705.000 341816.000 78044.000 
77864.000 331801.000 341839.000 78034.000 
77625.000 332246.000 344140.000 77615.000 
77593.000 334573.000 344170.000 77727.000 
77623.000 336817.000 344170.000 77760.000 
77906.000 337086.000 344170.000 78398.000 
77883.000 339427.000 344170.000 77335.000 
77870.000 339982.000 275041.000 77726.000 
77851.000 341808.000 239055.000 77705.000 
77406.000 341839.000 241409.000 77420.000 
77308.000 341839.000 246014.000 77759.000 
77429.000 344228.000 248426.000 77331.000 
77808.000 344166.000 250933.000 77525.000 
77432.000 344166.000 255434.000 77129.000 
77356.000 344166.000 259866.000 77684.000 
77415.000 344166.000 264586.000 77444.000 
77543.000 249864.000 268801.000 77010.000 
77705.000 238956.000 272611.000 77698.000 
76969.000 241358.000 277065.000 77173.000 
78052.000 246097.000 281648.000 78148.000 
72002.000 249561.000 285750.000 76829.000 
52440.000 252861.000 289166.000 48237.000 
28872.000 257002.000 293661.000 30312.000 
38411.000 260963.000 297768.000 38460.000 
52473.000 265175.000 301026.000 52123.000 
61443.000 269860.000 305026.000 60985.000 
71165.000 274488.000 308035.000 71085.000 
81387.000 278895.000 310696.000 81404.000 
87418.000 282579.000 313041.000 87715.000 
92791.000 286718.000 316962.000 91939.000 
95266.000 291167.000 319932.000 95342.000 
97125.000 294876.000 322163.000 96743.000 
98053.000 299360.000 325065.000 98592.000 
99088.000 303013.000 326835.000 98854.000 
98816.000 306575.000 328361.000 98990.000 
99039.000 308977.000 330846.000 99098.000 
98562.000 311384.000 333040.000 98514.000 
98814.000 315387.000 335267.000 98549.000 
97177.000 317589.000 335252.000 96159.000 
91672.000 320138.000 337021.000 91021.000 
89152.000 322530.000 339024.000 88658.000 
86034.000 324976.000 339472.000 86160.000 
85300.000 327284.000 341803.000 85573.000 
84061.000 329645.000 341766.000 84357.000 
82393.000 331816.000 341795.000 82479.000 
82192.000 332237.000 343993.000 82456.000 
81724.000 334629.000 344162.000 81908.000 
82540.000 336884.000 346398.000 82319.000 
82656.000 337025.000 346649.000 82384.000 
82240.000 339443.000 346649.000 81862.000 
82659.000 340295.000 346649.000 82305.000 
81999.000 341750.000 346649.000 82043.000 
82623.000 341795.000 244472.000 82044.000 
82371.000 341821.000 241457.000 82400.000 
82137.000 344113.000 245175.000 82354.000 
82786.000 344267.000 248543.000 83032.000 
82232.000 346641.000 253287.000 82601.000 
82162.000 346647.000 255743.000 82322.000 
82564.000 346647.000 260205.000 82161.000 
81874.000 346647.000 263791.000 82059.000 
83034.000 308341.000 268449.000 82863.000 
82424.000 241691.000 272348.000 82629.000 
82205.000 241391.000 277063.000 81917.000 
82132.000 247870.000 281446.000 81561.000 
81689.000 251180.000 285364.000 81759.000 
82764.000 254850.000 289130.000 82728.000 
82539.000 257725.000 293588.000 82643.000 
82109.000 262009.000 296309.000 82154.000 
82376.000 265593.000 300827.000 82186.000 
82348.000 269992.000 303443.000 82507.000 
82894.000 274681.000 306199.000 82873.000 
82123.000 279191.000 310166.000 82426.000 
82401.000 283120.000 313007.000 82422.000 
82755.000 286722.000 315486.000 82442.000 
82400.000 291318.000 318541.000 82865.000 
83308.000 295254.000 320275.000 82585.000 
82723.000 298591.000 323753.000 82445.000 
82557.000 301708.000 325389.000 82904.000 
82731.000 305426.000 327529.000 82571.000 
82505.000 308254.000 329861.000 83195.000 
82310.000 310767.000 332290.000 82634.000 
82395.000 314303.000 334210.000 82222.000 
81836.000 317544.000 334685.000 82348.000 
82514.000 320192.000 337001.000 82726.000 
82309.000 322538.000 338928.000 82632.000 
82217.000 325047.000 339353.000 82516.000 
82854.000 327371.000 341683.000 82679.000 
82012.000 329591.000 341812.000 82604.000 
83301.000 331742.000 341812.000 82664.000 
82713.000 332261.000 343550.000 82749.000 
82201.000 334644.000 344226.000 82642.000 
82442.000 336918.000 346289.000 82698.000 
83006.000 337118.000 346580.000 82637.000 
82882.000 339316.000 346580.000 82420.000 
82475.000 339685.000 346580.000 82325.000 
82198.000 341800.000 346580.000 82452.000 
82787.000 341808.000 245449.000 82480.000 
82533.000 341836.000 241359.000 82884.000 
82764.000 344173.000 244748.000 82991.000 
82537.000 344200.000 248504.000 82486.000 
82678.000 346604.000 253214.000 82306.000 
82695.000 346579.000 255742.000 82443.000 
82748.000 346579.000 260254.000 83084.000 
81892.000 346579.000 263173.000 82059.000 
81717.000 328873.000 267863.000 81787.000 
81862.000 241665.000 272339.000 81824.000 
82458.000 241427.000 276935.000 82249.000 
82416.000 247603.000 281326.000 82129.000 
82268.000 250716.000 284916.000 82152.000 
82533.000 254375.000 289003.000 82487.000 
82964.000 257743.000 293429.000 82840.000 
83036.000 261702.000 296311.000 82532.000 
82700.000 265238.000 300691.000 82419.000 
82543.000 269942.000 303464.000 82796.000 
82831.000 274539.000 305955.000 82660.000 
83341.000 279015.000 309887.000 83498.000 
83330.000 282887.000 312910.000 82930.000 
82633.000 286782.000 315459.000 82715.000 
82277.000 291198.000 317835.000 82922.000 
82794.000 294891.000 320301.000 82300.000 
82764.000 298460.000 323562.000 82726.000 
82363.000 301094.000 325146.000 82164.000 
82151.000 305151.000 327569.000 82723.000 
82120.000 308120.000 329936.000 82005.000 
62652.000 310696.000 332245.000 61904.000 
35370.000 313886.000 333921.000 36570.000 
26465.000 317289.000 334691.000 26169.000 
29660.000 320087.000 337040.000 29321.000 
40614.000 322444.000 338889.000 39897.000 
49922.000 324953.000 339459.000 49654.000 
58693.000 327357.000 341665.000 58438.000 
68514.000 329586.000 341788.000 68215.000 
75637.000 331565.000 341817.000 75833.000 
81783.000 332277.000 343223.000 82218.000 
85389.000 334631.000 344275.000 84825.000 
87177.000 336777.000 346311.000 86949.000 
88527.000 337046.000 346649.000 88490.000 
87983.000 339380.000 346649.000 87789.000 
88039.000 339403.000 346649.000 87992.000 
87173.000 341777.000 346649.000 87050.000 
86682.000 341815.000 246741.000 87145.000 
84671.000 341838.000 241403.000 84955.000 
81665.000 344203.000 244360.000 81474.000 
80085.000 344244.000 248525.000 79409.000 
78209.000 346552.000 253208.000 77777.000 
77873.000 346647.000 255686.000 77432.000 
76610.000 346647.000 260014.000 76629.000 
76709.000 346647.000 262845.000 77043.000 
75652.000 336776.000 267456.000 75530.000 
76017.000 241803.000 272136.000 75064.000 
75193.000 241337.000 276771.000 74992.000 
75194.000 247207.000 280969.000 75231.000 
75372.000 250565.000 284416.000 75497.000 
74946.000 253937.000 288981.000 75167.000 
76078.000 257574.000 293268.000 76093.000 
74879.000 261310.000 296239.000 75053.000 
75885.000 265036.000 300502.000 76013.000 
74858.000 269794.000 303344.000 75414.000 
75173.000 274382.000 305952.000 75215.000 
75099.000 278610.000 309754.000 75060.000 
75210.000 282354.000 312826.000 75100.000 
75476.000 286706.000 315296.000 75487.000 
74859.000 291033.000 317790.000 75397.000 
76269.000 294183.000 320182.000 75919.000 
74758.000 298379.000 322874.000 75195.000 
75862.000 301075.000 325051.000 76164.000 
74833.000 305022.000 327383.000 75392.000 
75175.000 308057.000 329763.000 75220.000 
75132.000 310633.000 332158.000 75053.000 
75083.000 313127.000 333646.000 75118.000 
75421.000 317112.000 334627.000 75500.000 
74846.000 319909.000 337003.000 75384.000 
76030.000 322267.000 338549.000 76024.000 
74811.000 324869.000 339372.000 75209.000 
75741.000 327091.000 341606.000 76173.000 
74826.000 329227.000 341820.000 75249.000 
75317.000 331109.000 341843.000 75100.000 
75047.000 332179.000 343020.000 74983.000 
75064.000 334556.000 344200.000 75188.000 
75342.000 336647.000 346021.000 75357.000 
74871.000 337017.000 346596.000 75572.000 
76139.000 339289.000 346596.000 76003.000 
74827.000 339442.000 346596.000 75085.000 
75992.000 341806.000 346596.000 75812.000 
74795.000 341843.000 248261.000 75336.000 
75259.000 341863.000 241372.000 75136.000 
75197.000 344108.000 243396.000 74978.000 
75070.000 344204.000 248443.000 75208.000 
75296.000 346585.000 253176.000 75311.000 
74877.000 346579.000 255722.000 75442.000 
76055.000 346579.000 259891.000 76119.000 
74829.000 346579.000 262847.000 75102.000 
76203.000 338739.000 267458.000 75997.000 
74823.000 241967.000 272143.000 75253.000 
75174.000 241424.000 276607.000 75279.000 
75049.000 246707.000 280547.000 75009.000 
75191.000 250518.000 284237.000 75198.000 
75356.000 253349.000 288836.000 75385.000 
74900.000 257369.000 292875.000 75413.000 
76137.000 260486.000 296237.000 75878.000 
74819.000 265057.000 300385.000 75049.000 
76027.000 269742.000 303416.000 76109.000 
74878.000 274344.000 305924.000 75359.000 
75189.000 278464.000 309090.000 75287.000 
75203.000 281892.000 312676.000 75075.000 
75101.000 286466.000 315376.000 75115.000 
75234.000 290807.000 317880.000 75266.000 
74899.000 293923.000 320308.000 75412.000 
76303.000 298341.000 322648.000 75804.000 
74903.000 301145.000 325098.000 75222.000 
76243.000 304724.000 327526.000 76163.000 
74862.000 307906.000 329884.000 75321.000 
75205.000 310620.000 332302.000 75370.000 
75135.000 313097.000 333420.000 75001.000 
75126.000 316868.000 334576.000 75122.000 
75224.000 319986.000 336984.000 75100.000 
74948.000 322195.000 338191.000 75446.000 
75907.000 324861.000 339376.000 75891.000 
74909.000 327103.000 341595.000 75119.000 
76025.000 329193.000 341855.000 76185.000 
74867.000 330973.000 341874.000 75376.000 
75338.000 332316.000 342343.000 75235.000 
74983.000 334566.000 344169.000 74978.000 
75171.000 336469.000 345844.000 75183.000 
75295.000 337005.000 346649.000 75188.000 
74961.000 339282.000 346649.000 75444.000 
76001.000 339458.000 346649.000 75736.000 
74861.000 341834.000 346649.000 75114.000 
59420.000 341874.000 251756.000 57864.000 
34871.000 341874.000 241410.000 33506.000 
27718.000 344153.000 243354.000 27111.000 
39523.000 344153.000 248546.000 39804.000 
49479.000 346549.000 252991.000 49758.000 
58517.000 346649.000 255571.000 59570.000 
70296.000 346649.000 259605.000 69567.000 
77134.000 346649.000 262840.000 77277.000 
82325.000 341799.000 267470.000 82624.000 
85730.000 242189.000 272178.000 86060.000 
87924.000 241329.000 276468.000 87684.000 
88915.000 246322.000 279948.000 89374.000 
89334.000 250353.000 284340.000 89477.000 
89621.000 253314.000 288757.000 89417.000 
89127.000 256917.000 292579.000 88767.000 
89377.000 260456.000 296241.000 89271.000 
88001.000 264891.000 300097.000 86726.000 
83467.000 269649.000 303242.000 83229.000 
82101.000 274226.000 305907.000 82131.000 
79883.000 277815.000 308715.000 80367.000 
79424.000 281960.000 312480.000 79159.000 
78746.000 286520.000 315347.000 79076.000 
78270.000 290479.000 317829.000 78387.000 
78375.000 293891.000 320289.000 78719.000 
78153.000 298132.000 322708.000 78668.000 
77605.000 300997.000 325101.000 77373.000 
77111.000 304171.000 327418.000 76894.000 
76136.000 307802.000 329813.000 75943.000 
76024.000 310529.000 332130.000 76060.000 
75534.000 313053.000 332795.000 75892.000 
75738.000 316489.000 334612.000 75718.000 
75482.000 319683.000 337043.000 75320.000 
75839.000 321948.000 337823.000 75679.000 
76110.000 324782.000 339472.000 75567.000 
75381.000 326895.000 341515.000 75010.000 
75085.000 328894.000 341838.000 75076.000 
75351.000 330338.000 341859.000 74774.000 
75575.000 332209.000 341877.000 75201.000 
74739.000 334513.000 344220.000 74863.000 
75256.000 336315.000 345699.000 75453.000 
75022.000 337000.000 346596.000 75031.000 
75221.000 339352.000 346596.000 74944.000 
75603.000 339418.000 346596.000 75813.000 
75398.000 341809.000 346596.000 75213.000 
76609.000 341858.000 254827.000 76893.000 
75334.000 341877.000 241468.000 75032.000 
75632.000 344026.000 243205.000 75332.000 
75321.000 344186.000 248393.000 75163.000 
75585.000 346485.000 252914.000 75160.000 
75097.000 346580.000 255597.000 75267.000 
75317.000 346580.000 259239.000 75102.000 
75898.000 346580.000 262743.000 75747.000 
75255.000 343540.000 267138.000 75198.000 
76734.000 242489.000 271809.000 75893.000 
74945.000 241370.000 276033.000 75082.000 
75388.000 245696.000 279597.000 75403.000 
75162.000 250065.000 284115.000 75027.000 
75535.000 253343.000 288540.000 75461.000 
75352.000 256584.000 292083.000 75226.000 
74999.000 260475.000 296108.000 75018.000 
75704.000 264739.000 299552.000 75390.000 
75316.000 269357.000 303226.000 74850.000 
75711.000 273721.000 305883.000 75786.000 
75145.000 277185.000 308383.000 75054.000 
75208.000 281822.000 312231.000 75880.000 
74871.000 286303.000 315133.000 75130.000 
75425.000 290132.000 317769.000 75065.000 
75316.000 293828.000 320224.000 75160.000 
74972.000 297881.000 322583.000 74670.000 
75618.000 301072.000 325026.000 75532.000 
74519.000 303510.000 327378.000 74837.000 
75044.000 307702.000 329774.000 75707.000 
74562.000 310562.000 332160.000 74673.000 
75583.000 313046.000 332250.000 75641.000 
75159.000 315720.000 334583.000 74833.000 
75036.000 319514.000 336958.000 74971.000 
75342.000 321677.000 337276.000 75319.000 
74991.000 324599.000 339388.000 75334.000 
75870.000 326675.000 341375.000 75889.000 
76323.000 328446.000 341861.000 75814.000 
76942.000 329854.000 341755.000 77188.000 
77036.000 332239.000 341786.000 76899.000 
77479.000 334400.000 344145.000 77952.000 
77837.000 336095.000 345183.000 77979.000 
77508.000 337010.000 346654.000 77571.000 
77657.000 339180.000 346654.000 77724.000 
77633.000 339471.000 346654.000 77633.000 
77796.000 341826.000 346654.000 78160.000 
77732.000 341755.000 258994.000 77050.000 
78256.000 341785.000 241444.000 78565.000 
78153.000 343906.000 242877.000 78114.000 
77451.000 344156.000 248447.000 77453.000 
78378.000 346498.000 252671.000 78039.000 
77675.000 346649.000 255483.000 77485.000 
78129.000 346649.000 258806.000 77893.000 
77586.000 346649.000 262688.000 77346.000 
78086.000 345184.000 267131.000 77983.000 
78264.000 242964.000 271663.000 77584.000 
77708.000 241455.000 275586.000 77875.000 
77742.000 245672.000 279500.000 77608.000 
77135.000 249725.000 284061.000 77243.000 
77332.000 253370.000 288161.000 77550.000 
77139.000 256022.000 291506.000 76744.000 
69019.000 260371.000 296063.000 70572.000 
47136.000 264599.000 299055.000 47200.000 
26909.000 269314.000 303062.000 27611.000 
31459.000 273493.000 305854.000 31095.000 
44471.000 277177.000 308318.000 45136.000 
53236.000 281728.000 311987.000 53002.000 
62954.000 286078.000 315237.000 63068.000 
72982.000 289442.000 317821.000 72883.000 
80690.000 293780.000 320330.000 80624.000 
86356.000 297486.000 322689.000 86368.000 
88757.000 300995.000 325063.000 88589.000 
89961.000 303493.000 327493.000 89915.000 
91506.000 307257.000 329850.000 91243.000 
90934.000 310498.000 332038.000 90704.000 
90854.000 313113.000 332306.000 91233.000 
89395.000 315527.000 334668.000 90130.000 
89799.000 319431.000 336942.000 89242.000 
85851.000 321507.000 337125.000 86553.000 
83020.000 324434.000 339518.000 83277.000 
81333.000 326467.000 341245.000 81366.000 
79543.000 328065.000 341887.000 79490.000 
79722.000 329937.000 341808.000 79689.000 
77530.000 332357.000 341808.000 78235.000 
76571.000 334435.000 344242.000 76406.000 
76055.000 335602.000 344820.000 76460.000 
75222.000 337126.000 346597.000 75503.000 
76741.000 339281.000 346597.000 76733.000 
75122.000 339454.000 346597.000 75025.000 
75489.000 341840.000 346597.000 76413.000 
74817.000 341903.000 267747.000 75191.000 
75249.000 341790.000 241491.000 74844.000 
75311.000 343894.000 242638.000 74738.000 
75342.000 344225.000 248336.000 74854.000 
75945.000 346426.000 252477.000 75607.000 
74930.000 346580.000 255319.000 74715.000 
76001.000 346580.000 257975.000 76403.000 
74803.000 346580.000 262607.000 74499.000 
75169.000 346580.000 266845.000 75136.000 
74801.000 243600.000 271488.000 74620.000 
75217.000 241353.000 275113.000 75020.000 
75193.000 245566.000 279453.000 75217.000 
75233.000 249400.000 283900.000 74635.000 
76080.000 253249.000 287941.000 76016.000 
75124.000 255664.000 291528.000 74584.000 
75623.000 260339.000 296078.000 75974.000 
75017.000 264136.000 298819.000 74769.000 
75030.000 268987.000 302734.000 75089.000 
75015.000 273034.000 305647.000 74862.000 
75343.000 277130.000 308220.000 75285.000 
75568.000 281621.000 311505.000 75046.000 
74902.000 285826.000 315041.000 74824.000 
76388.000 289079.000 317809.000 76159.000 
74919.000 293707.000 320248.000 74925.000 
75438.000 297303.000 322594.000 75609.000 
74813.000 300998.000 325050.000 74665.000 
75239.000 303516.000 327385.000 75327.000 
75143.000 306888.000 329781.000 75238.000 
75146.000 310208.000 332061.000 75146.000 
75670.000 312957.000 332279.000 75380.000 
74916.000 315428.000 334630.000 74913.000 
76130.000 318985.000 336975.000 76224.000 
74919.000 320879.000 337051.000 74778.000 
75575.000 324263.000 339474.000 75910.000 
74815.000 326012.000 341078.000 74681.000 
75098.000 327512.000 341764.000 75257.000 
75185.000 329896.000 341767.000 75171.000 
75165.000 332224.000 341815.000 75151.000 
75300.000 334237.000 344152.000 75460.000 
74965.000 335268.000 344278.000 74795.000 
76174.000 337045.000 346654.000 76357.000 
74926.000 339164.000 346654.000 74785.000 
75580.000 339428.000 346654.000 75683.000 
74752.000 341701.000 346654.000 74824.000 
75198.000 341767.000 275775.000 75170.000 
75134.000 341796.000 241615.000 75214.000 
75164.000 343675.000 242266.000 75170.000 
75422.000 344276.000 248216.000 75495.000 
74974.000 346478.000 252026.000 74836.000 
76227.000 346649.000 255205.000 76184.000 
74778.000 346649.000 257931.000 74831.000 
75792.000 346649.000 262385.000 75657.000 
74895.000 346649.000 266603.000 74920.000 
75153.000 244116.000 270915.000 75071.000 
75108.000 241437.000 274670.000 75126.000 
75185.000 245287.000 279370.000 75157.000 
75462.000 248547.000 283752.000 75397.000 
74861.000 253313.000 287572.000 74948.000 
76417.000 255740.000 291488.000 76064.000 
74797.000 260303.000 295810.000 74925.000 
75652.000 263941.000 298651.000 76025.000 
74853.000 268548.000 302556.000 74831.000 
75172.000 272271.000 305668.000 75091.000 
75150.000 276966.000 308308.000 75195.000 
75199.000 281471.000 311011.000 75187.000 
75497.000 285578.000 314863.000 75258.000 
74869.000 289101.000 317652.000 74966.000 
76071.000 293626.000 320261.000 76027.000 
74823.000 296292.000 322602.000 74921.000 
75679.000 300855.000 325108.000 76028.000 
74858.000 303466.000 327341.000 74867.000 
75096.000 306569.000 329621.000 75105.000 
75128.000 310238.000 331889.000 75061.000 
75157.000 312957.000 332190.000 75358.000 
75899.000 315431.000 334554.000 75297.000 
57690.000 318486.000 336912.000 57177.000 
31321.000 320276.000 337019.000 32320.000 
26167.000 324051.000 339342.000 26247.000 
35999.000 325729.000 340528.000 36324.000 
47413.000 327475.000 341781.000 47767.000 
57167.000 329753.000 341813.000 56734.000 
67753.000 332165.000 341836.000 68356.000 
75255.000 334086.000 344205.000 75198.000 
80909.000 334615.000 344204.000 79886.000 
83643.000 337011.000 346562.000 83478.000 
85127.000 338946.000 346597.000 85485.000 
86759.000 339360.000 346597.000 86790.000 
86322.000 341688.000 346597.000 86357.000 
86049.000 341811.000 286252.000 86126.000 
84807.000 341836.000 241525.000 85113.000 
84919.000 343607.000 241342.000 84502.000 
82613.000 344198.000 248077.000 82683.000 
80213.000 346293.000 251624.000 80380.000 
78783.000 346596.000 255079.000 78902.000 
77030.000 346596.000 257957.000 76986.000 
76757.000 346596.000 262331.000 77071.000 
75432.000 346596.000 265955.000 75597.000 
74638.000 244892.000 270380.000 74462.000 
73839.000 241358.000 274746.000 74202.000 
73772.000 244763.000 279341.000 73877.000 
73249.000 248506.000 283662.000 73380.000 
74223.000 253311.000 287046.000 74261.000 
74616.000 255783.000 291325.000 74259.000 
74313.000 260220.000 295559.000 74697.000 
75066.000 263172.000 298660.000 74950.000 
75107.000 267863.000 302164.000 75338.000 
75532.000 272297.000 305622.000 75515.000 
75238.000 277030.000 308214.000 75286.000 
75519.000 281364.000 310675.000 75610.000 
75139.000 285185.000 314629.000 74954.000 
75744.000 289006.000 317629.000 75586.000 
75358.000 293423.000 320297.000 75590.000 
75569.000 296304.000 322672.000 75885.000 
74809.000 300809.000 325093.000 74827.000 
74686.000 303540.000 327395.000 74862.000 
74978.000 305969.000 329681.000 74666.000 
74568.000 309895.000 331850.000 75316.000 
74943.000 312895.000 332358.000 75194.000 
74751.000 315437.000 334725.000 74869.000 
75319.000 317939.000 336963.000 75430.000 
74990.000 320351.000 337104.000 75008.000 
75538.000 323742.000 339501.000 75945.000 
75705.000 325152.000 340165.000 75478.000 
75239.000 327574.000 341825.000 75732.000 
75288.000 329940.000 341853.000 75311.000 
75225.000 332326.000 341871.000 75358.000 
75075.000 334116.000 344154.000 75466.000 
75166.000 334658.000 344300.000 75487.000 
75253.000 337087.000 346656.000 75170.000 
75020.000 338893.000 346655.000 75092.000 
75699.000 339462.000 346655.000 75387.000 
75062.000 341667.000 346655.000 75244.000 
75952.000 341743.000 308270.000 75695.000 
75928.000 341871.000 241672.000 76007.000 
75303.000 343246.000 241381.000 75297.000 
75400.000 344295.000 247885.000 75651.000 
75147.000 346311.000 250947.000 75288.000 
75205.000 346654.000 254704.000 75384.000 
74895.000 346654.000 257819.000 75212.000 
75375.000 346654.000 262048.000 75203.000 
75130.000 346654.000 265607.000 75382.000 
76010.000 246821.000 269968.000 75438.000 
75750.000 241393.000 274637.000 76062.000 
75225.000 244417.000 279117.000 75663.000 
75175.000 248585.000 283161.000 75533.000 
75276.000 253182.000 286829.000 75270.000 
75168.000 255559.000 291402.000 75407.000 
75156.000 260018.000 295301.000 75211.000 
75261.000 262917.000 298546.000 75326.000 
74853.000 267519.000 301654.000 75008.000 
75596.000 272300.000 305357.000 75353.000 
75160.000 276783.000 308174.000 75497.000 
75790.000 280952.000 310669.000 75846.000 
75710.000 284395.000 314247.000 75512.000 
75406.000 288984.000 317454.000 75605.000 
75223.000 293332.000 320089.000 75449.000 
75271.000 296388.000 322411.000 75317.000 
75022.000 300610.000 324971.000 75604.000 
75262.000 303306.000 327291.000 75351.000 
75297.000 305872.000 329504.000 75326.000 
74908.000 309662.000 331685.000 75036.000 
75642.000 312733.000 332212.000 75455.000 
75040.000 315378.000 334562.000 75536.000 
75913.000 317857.000 336828.000 75727.000 
75609.000 320221.000 337040.000 75734.000 
75370.000 322907.000 339340.000 75483.000 
75280.000 325051.000 339705.000 75570.000 
75279.000 327385.000 341781.000 75477.000 
75102.000 329795.000 341838.000 75449.000 
75150.000 332140.000 341858.000 75269.000 
74996.000 333678.000 344187.000 75415.000 
74885.000 334651.000 344212.000 74825.000 
75255.000 337022.000 346610.000 75554.000 
75105.000 338565.000 346597.000 75239.000 
75745.000 339452.000 346597.000 75757.000 
75845.000 341656.000 346597.000 75393.000 
75519.000 341821.000 328888.000 75272.000 
75358.000 341815.000 241657.000 75583.000 
68115.000 343032.000 241420.000 68363.000 
42643.000 344208.000 247613.000 45512.000 
25718.000 346150.000 250719.000 26479.000 
28787.000 346596.000 254321.000 28994.000 
40841.000 346596.000 257648.000 41363.000 
50042.000 346596.000 261673.000 50377.000 
59128.000 346596.000 265182.000 59571.000 
69098.000 248292.000 269867.000 69482.000 
75881.000 241445.000 274498.000 76467.000 
82141.000 243746.000 278873.000 82290.000 
83977.000 248466.000 282722.000 84601.000 
85924.000 253176.000 286603.000 85956.000 
87462.000 255722.000 291232.000 86818.000 
86144.000 259832.000 294916.000 86023.000 
85620.000 262811.000 298524.000 85361.000 
84634.000 267487.000 301193.000 84160.000 
84993.000 272084.000 305231.000 84622.000 
80936.000 276629.000 308089.000 81147.000 
78680.000 280539.000 310661.000 78020.000 
75983.000 284229.000 313845.000 75839.000 
75355.000 288848.000 317299.000 74956.000 
73734.000 293017.000 320167.000 74047.000 
74142.000 296262.000 322504.000 73924.000 
73197.000 300404.000 324900.000 73589.000 
73111.000 303434.000 327230.000 73047.000 
73019.000 305907.000 329456.000 73363.000 
72977.000 309297.000 331351.000 72504.000 
73738.000 312680.000 332282.000 73308.000 
72791.000 315335.000 334618.000 72717.000 
73451.000 317877.000 336742.000 72982.000 
73091.000 320323.000 337014.000 72740.000 
73030.000 322661.000 339336.000 72860.000 
72938.000 325097.000 339386.000 72684.000 
72469.000 327376.000 341824.000 72733.000 
72502.000 329789.000 341843.000 72927.000 
72398.000 332207.000 341755.000 72297.000 
73353.000 333420.000 344104.000 72847.000 
72510.000 334586.000 344156.000 72235.000 
72730.000 336993.000 346517.000 72844.000 
72187.000 338298.000 346664.000 72310.000 
73752.000 339381.000 346664.000 73758.000 
73900.000 341596.000 346664.000 73843.000 
74533.000 341856.000 336681.000 74514.000 
75116.000 341749.000 241804.000 75120.000 
74886.000 342540.000 241372.000 75082.000 
75917.000 344150.000 247234.000 75775.000 
75579.000 345847.000 250623.000 75675.000 
76215.000 346654.000 253905.000 76283.000 
76176.000 346654.000 257510.000 75613.000 
76145.000 346654.000 261354.000 76162.000 
75975.000 346654.000 265080.000 75864.000 
75592.000 250411.000 269949.000 75993.000 
76210.000 241423.000 274506.000 76031.000 
75444.000 243364.000 278705.000 75668.000 
76462.000 248547.000 282380.000 76232.000 
75330.000 252999.000 286709.000 75399.000 
76241.000 255625.000 290896.000 76243.000 
75470.000 259654.000 294320.000 75695.000 
75495.000 262815.000 298480.000 75822.000 
75001.000 267442.000 301149.000 75269.000 
74389.000 272155.000 305053.000 74299.000 
73997.000 276444.000 308071.000 74499.000 
72821.000 280212.000 310685.000 73387.000 
74308.000 284294.000 313203.000 74334.000 
73051.000 288753.000 317148.000 73065.000 
73681.000 292699.000 320039.000 74002.000 
73190.000 296225.000 322378.000 72843.000 
72940.000 300106.000 324950.000 72851.000 
73106.000 303343.000 327148.000 72762.000 
73209.000 305925.000 329360.000 72685.000 
72958.000 308706.000 331223.000 72925.000 
72394.000 312591.000 332271.000 72877.000 
73264.000 315440.000 334634.000 73545.000 
72571.000 317908.000 336711.000 72720.000 
73599.000 320376.000 337068.000 74021.000 
72887.000 322750.000 339385.000 72759.000 
73276.000 325092.000 339525.000 73143.000 
72797.000 327422.000 341856.000 72638.000 
72568.000 329885.000 341887.000 72762.000 
72715.000 332189.000 341897.000 72554.000 
72550.000 333121.000 344135.000 73073.000 
73218.000 334734.000 344229.000 73057.000 
72584.000 337040.000 346597.000 72643.000 
73952.000 337825.000 346597.000 73489.000 
72566.000 339474.000 346597.000 72410.000 
73399.000 341548.000 346597.000 73581.000 
72977.000 341886.000 338702.000 72749.000 
72517.000 341901.000 241958.000 73019.000 
72723.000 342164.000 241418.000 72641.000 
72285.000 344215.000 246654.000 72779.000 
73252.000 345700.000 250521.000 73046.000 
72794.000 346597.000 253352.000 72485.000 
73999.000 346597.000 257277.000 73740.000 
72762.000 346597.000 260404.000 72659.000 
73197.000 346597.000 264939.000 73188.000 
73273.000 254814.000 269734.000 72897.000 
72729.000 241454.000 274311.000 72725.000 
73201.000 243210.000 278407.000 72969.000 
72606.000 248470.000 281983.000 72936.000 
73382.000 252841.000 286533.000 73148.000 
72680.000 255506.000 290860.000 72788.000 
74155.000 259194.000 293911.000 73942.000 
73062.000 262689.000 298299.000 72752.000 
73728.000 267177.000 301120.000 73781.000 
60797.000 271946.000 304689.000 60770.000 
34562.000 276145.000 307903.000 34486.000 
30148.000 279511.000 310603.000 30544.000 
43578.000 284118.000 313053.000 44299.000 
54069.000 288595.000 316804.000 53589.000 
64355.000 292131.000 319908.000 64744.000 
77002.000 296260.000 322156.000 76576.000 
83943.000 299722.000 324807.000 83511.000 
89028.000 303145.000 327042.000 89535.000 
92111.000 305822.000 329161.000 92514.000 
94298.000 308321.000 330922.000 94478.000 
96084.000 312276.000 332268.000 95719.000 
96727.000 315279.000 334512.000 96683.000 
97148.000 317829.000 336500.000 96883.000 
95519.000 320222.000 337029.000 96054.000 
94369.000 322582.000 339300.000 94373.000 
94386.000 325028.000 339491.000 94365.000 
90906.000 327380.000 341856.000 91235.000 
86885.000 329804.000 341766.000 87218.000 
84569.000 332163.000 341766.000 84622.000 
83382.000 332489.000 344037.000 83523.000 
82905.000 334601.000 344163.000 82744.000 
81507.000 336987.000 346554.000 81198.000 
80713.000 337277.000 346664.000 80227.000 
79436.000 339465.000 346664.000 78888.000 
79259.000 341453.000 346664.000 79193.000 
79040.000 341765.000 341805.000 79080.000 
78029.000 341766.000 242183.000 78129.000 
77902.000 341795.000 241451.000 77815.000 
77807.000 344151.000 246319.000 77438.000 
77718.000 345409.000 250328.000 77937.000 
78143.000 346655.000 253304.000 78018.000 
77980.000 346655.000 256910.000 78166.000 
77785.000 346655.000 260429.000 77910.000 
77914.000 346655.000 264947.000 77636.000 
77734.000 258973.000 269696.000 78017.000 
78509.000 241510.000 274154.000 77773.000 
78388.000 243037.000 277722.000 78363.000 
77765.000 248391.000 281847.000 77724.000 
77908.000 252671.000 286459.000 77465.000 
77484.000 255445.000 290515.000 78093.000 
77819.000 258795.000 293906.000 77480.000 
77731.000 262706.000 298094.000 78001.000 
77983.000 267210.000 301081.000 77684.000 
77678.000 271717.000 304156.000 77575.000 
77589.000 275581.000 307784.000 78182.000 
77851.000 279495.000 310647.000 77220.000 
77677.000 284055.000 313151.000 77746.000 
77717.000 288392.000 316564.000 77807.000 
77707.000 291587.000 319673.000 77701.000 
77265.000 296071.000 321927.000 77833.000 
77554.000 299071.000 324688.000 77363.000 
78426.000 303054.000 326923.000 78331.000 
79473.000 305830.000 328909.000 79132.000 
79060.000 308379.000 330357.000 79264.000 
79917.000 312089.000 332210.000 79610.000 
79724.000 315223.000 334500.000 79738.000 
79806.000 317836.000 336294.000 80171.000 
80284.000 320342.000 337009.000 80204.000 
80415.000 322636.000 339281.000 80624.000 
80563.000 325116.000 339354.000 80210.000 
80560.000 327493.000 341726.000 80350.000 
80365.000 329805.000 341785.000 80713.000 
80969.000 332039.000 341812.000 80920.000 
80835.000 332315.000 344076.000 80916.000 
79592.000 334675.000 344228.000 79374.000 
79111.000 337079.000 346499.000 79315.000 
78379.000 337010.000 346600.000 77944.000 
78781.000 339345.000 346600.000 78613.000 
77978.000 341120.000 346600.000 78127.000 
78077.000 341778.000 343468.000 77623.000 
78481.000 341812.000 242460.000 78382.000 
77795.000 341836.000 241347.000 77600.000 
77958.000 344214.000 245775.000 77792.000 
77338.000 344970.000 250067.000 77422.000 
78373.000 346596.000 253316.000 77514.000 
77801.000 346596.000 256588.000 77868.000 
77604.000 346596.000 260536.000 77149.000 
77766.000 346596.000 264762.000 78213.000 
77262.000 264413.000 269479.000 77071.000 
78128.000 241428.000 273818.000 78143.000 
77187.000 242511.000 277223.000 77313.000 
77811.000 248343.000 281967.000 77973.000 
77393.000 252477.000 286344.000 77659.000 
77555.000 255444.000 290093.000 77341.000 
78836.000 258447.000 293835.000 78923.000 
77292.000 262651.000 297797.000 77480.000 
77944.000 266834.000 301011.000 77647.000 
77333.000 271473.000 303561.000 77554.000 
77502.000 275118.000 307672.000 77369.000 
78257.000 279576.000 310509.000 78275.000 
77473.000 284145.000 313112.000 77686.000 
78283.000 288167.000 315839.000 78339.000 
77538.000 291445.000 319614.000 77481.000 
77919.000 295990.000 321737.000 77351.000 
77936.000 298730.000 324751.000 77713.000 
77636.000 302740.000 326788.000 77205.000 
77999.000 305797.000 328552.000 78312.000 
77084.000 308279.000 329941.000 77455.000 
77650.000 311589.000 332314.000 77495.000 
77228.000 315114.000 334459.000 77948.000 
77578.000 317815.000 336147.000 77153.000 
77748.000 320252.000 337097.000 78294.000 
69734.000 322649.000 339269.000 69442.000 
42223.000 325022.000 339527.000 43085.000 
26402.000 327452.000 341862.000 26783.000 
28030.000 329836.000 341790.000 27675.000 
38502.000 332105.000 341817.000 38926.000 
48577.000 332279.000 343926.000 48262.000 
57900.000 334679.000 344101.000 57220.000 
67926.000 336981.000 346517.000 68180.000 
76201.000 337053.000 346665.000 75901.000 
82208.000 339512.000 346665.000 81481.000 
85460.000 341059.000 346665.000 84984.000 
87415.000 341785.000 345196.000 87351.000 
89460.000 341815.000 242950.000 89334.000 
89346.000 341839.000 241445.000 89633.000 
90367.000 344153.000 245695.000 90633.000 
89641.000 344279.000 249754.000 89358.000 
89456.000 346590.000 253355.000 89480.000 
88816.000 346590.000 255992.000 88879.000 
84405.000 346590.000 260315.000 84555.000 
80506.000 346590.000 264471.000 81229.000 
78552.000 275682.000 269197.000 78353.000 
78068.000 241565.000 273350.000 78094.000 
76472.000 242265.000 277137.000 76839.000 
76952.000 248163.000 281788.000 77036.000 
76108.000 252211.000 286132.000 75866.000 
76205.000 255289.000 289449.000 76394.000 
75341.000 257907.000 293783.000 75827.000 
75337.000 262421.000 297480.000 75411.000 
75309.000 266599.000 300975.000 75250.000 
75379.000 270910.000 303512.000 75508.000 
76106.000 274704.000 307267.000 75837.000 
75352.000 279325.000 310475.000 75215.000 
76034.000 283800.000 312971.000 76429.000 
74911.000 287614.000 315380.000 75534.000 
75665.000 291524.000 319282.000 75495.000 
75158.000 295773.000 321359.000 75040.000 
75240.000 298660.000 324381.000 75117.000 
75362.000 302576.000 326452.000 75349.000 
75280.000 305670.000 328043.000 75107.000 
75635.000 308349.000 329783.000 75867.000 
74944.000 311044.000 332196.000 74975.000 
75805.000 314892.000 334335.000 75971.000 
74696.000 317610.000 335625.000 75019.000 
75723.000 320121.000 337018.000 75524.000 
74807.000 322479.000 339187.000 75060.000 
75062.000 324985.000 339375.000 74872.000 
74977.000 327331.000 341746.000 75176.000 
75059.000 329642.000 341821.000 75407.000 
75434.000 331922.000 341822.000 75361.000 
75158.000 332182.000 343906.000 75077.000 
75712.000 334554.000 344233.000 76047.000 
74725.000 336913.000 346402.000 75442.000 
75517.000 337020.000 346598.000 75475.000 
74724.000 339343.000 346598.000 74970.000 
74925.000 340725.000 346598.000 75191.000 
74867.000 341817.000 346598.000 75010.000 
74835.000 341821.000 243472.000 75148.000 
75034.000 341843.000 241349.000 75205.000 
75064.000 344206.000 245434.000 74646.000 
75543.000 344205.000 249412.000 75817.000 
74614.000 346617.000 253286.000 74946.000 
75855.000 346597.000 255779.000 75465.000 
74641.000 346597.000 260424.000 74937.000 
75106.000 346597.000 264205.000 75293.000 
74724.000 286252.000 268950.000 74943.000 
74882.000 241504.000 272901.000 74770.000 
74939.000 241674.000 276969.000 75038.000 
75235.000 248068.000 281590.000 74831.000 
75966.000 251600.000 285884.000 75668.000 
74737.000 255077.000 289118.000 74775.000 
75603.000 257948.000 293706.000 75699.000 
74821.000 262319.000 297122.000 74849.000 
75758.000 266223.000 300880.000 75254.000 
74966.000 270581.000 303520.000 74840.000 
75167.000 274743.000 307001.000 75231.000 
74746.000 279229.000 310303.000 75209.000 
74828.000 283537.000 313028.000 75161.000 
75282.000 287063.000 315443.000 75755.000 
74784.000 291423.000 318844.000 74891.000 
75680.000 295627.000 320945.000 75590.000 
74570.000 298643.000 324303.000 74738.000 
75406.000 302148.000 326039.000 75228.000 
74865.000 305606.000 327541.000 74627.000 
75256.000 308214.000 329908.000 75091.000 
74936.000 310730.000 332257.000 75119.000 
74953.000 314687.000 334243.000 75035.000 
75374.000 317640.000 335132.000 75200.000 
75509.000 320257.000 337002.000 75128.000 
76249.000 322623.000 339109.000 76137.000 
74995.000 325045.000 339385.000 75282.000 
75897.000 327422.000 341736.000 76221.000 
75084.000 329717.000 341835.000 75325.000 
75717.000 331858.000 341856.000 76002.000 
75047.000 332365.000 343713.000 75133.000 
75339.000 334730.000 344174.000 75162.000 
75671.000 336868.000 346364.000 75235.000 
75198.000 337007.000 346540.000 75337.000 
76296.000 339355.000 346540.000 76260.000 
75210.000 340166.000 346540.000 75347.000 
76459.000 341830.000 346540.000 75702.000 
75322.000 341856.000 244140.000 75207.000 
75077.000 341874.000 241383.000 75095.000 
74932.000 344137.000 245050.000 75012.000 
75235.000 344153.000 248562.000 75397.000 
67715.000 346532.000 253285.000 67553.000 
39449.000 346664.000 255694.000 40751.000 
24944.000 346664.000 260351.000 25653.000 
26249.000 346664.000 263884.000 26164.000 
36196.000 299988.000 268435.000 35445.000 
46644.000 241587.000 272438.000 46182.000 
55113.000 241373.000 277063.000 55452.000 
66181.000 247901.000 281538.000 65697.000 
73292.000 251056.000 285641.000 72832.000 
79046.000 254790.000 289134.000 79155.000 
81437.000 257840.000 293631.000 81786.000 
83036.000 262162.000 296400.000 83010.000 
84680.000 265774.000 300892.000 84537.000 
83797.000 270097.000 303480.000 84165.000 
83330.000 274745.000 306564.000 83381.000 
82289.000 279211.000 310253.000 82436.000 
82751.000 283430.000 312957.000 82154.000 
79382.000 286802.000 315412.000 79131.000 
78666.000 291301.000 318528.000 78859.000 
77115.000 295234.000 320308.000 77461.000 
76822.000 298550.000 324029.000 77469.000 
75664.000 301743.000 325690.000 75962.000 
74416.000 305515.000 327435.000 74344.000 
73947.000 308219.000 329824.000 73680.000 
73224.000 310650.000 332222.000 73465.000 
73389.000 314252.000 334135.000 73209.000 
72772.000 317459.000 334701.000 72620.000 
73870.000 320093.000 337068.000 74055.000 
72995.000 322552.000 338990.000 72358.000 
74119.000 325028.000 339402.000 74185.000 
72874.000 327299.000 341720.000 72827.000 
73340.000 329547.000 341839.000 73352.000 
72734.000 331683.000 341859.000 73261.000 
