0 0 0 0
10 10 10 10
51 51 51 50
93 93 92 92
128 133 126 127
153 169 164 153
185 201 194 185
215 235 225 215
249 266 253 248
278 290 291 282
308 329 318 312
342 363 341 346
370 401 367 380
405 428 403 407
432 457 442 438
465 490 472 467
496 517 505 502
527 555 533 530
554 596 562 559
585 630 591 590
617 664 622 619
648 689 657 653
686 710 690 687
719 736 718 725
749 773 749 753
776 817 778 778
801 855 812 807
838 887 833 842
866 912 875 873
898 945 904 904
933 966 938 940
965 990 976 971
998 1023 1004 1003
1033 1051 1031 1038
1061 1093 1058 1067
1096 1115 1091 1102
1132 1140 1121 1137
1160 1174 1155 1166
1192 1203 1189 1197
1230 1225 1216 1235
1259 1262 1248 1263
1286 1301 1279 1291
1319 1328 1314 1322
1346 1360 1352 1350
1378 1383 1392 1381
1410 1414 1420 1415
1440 1444 1457 1444
1470 1471 1493 1476
1504 1503 1521 1508
1541 1530 1545 1545
1574 1565 1569 1579
1598 1580 1593 1601
1590 1570 1578 1597
1584 1557 1565 1587
1577 1552 1561 1585
1586 1545 1554 1590
1584 1545 1557 1589
1588 1540 1555 1592
1582 1541 1566 1586
1581 1556 1553 1585
1586 1546 1559 1584
1580 1551 1561 1583
1584 1543 1570 1578
1578 1550 1567 1580
1581 1552 1561 1581
1583 1550 1559 1583
1581 1557 1554 1583
1582 1553 1559 1581
1585 1545 1558 1587
1589 1549 1548 1589
1591 1547 1543 1594
1595 1550 1535 1595
1590 1563 1529 1593
1586 1571 1531 1587
1590 1555 1541 1589
1593 1537 1547 1598
1607 1522 1543 1603
1602 1522 1546 1605
1607 1527 1536 1605
1604 1533 1536 1602
1601 1544 1530 1600
1605 1552 1516 1602
1605 1543 1521 1606
1601 1552 1522 1600
1603 1540 1530 1602
1599 1544 1532 1600
1594 1554 1535 1592
1599 1547 1530 1599
1600 1551 1526 1598
1591 1562 1532 1590
1596 1548 1533 1598
1598 1545 1536 1596
1597 1547 1532 1599
1601 1551 1522 1601
1603 1558 1510 1604
1603 1560 1509 1603
1611 1560 1495 1609
1608 1564 1494 1609
1610 1565 1492 1608
1603 1569 1498 1605
1608 1560 1501 1606
1602 1569 1499 1605
1601 1569 1507 1598
1596 1572 1507 1600
1601 1566 1511 1597
1600 1573 1501 1601
1598 1575 1503 1599
1599 1576 1501 1599
1598 1572 1507 1598
1595 1568 1520 1592
1592 1567 1523 1593
1595 1560 1528 1592
1590 1572 1528 1585
1593 1570 1523 1589
1597 1569 1517 1592
1591 1569 1522 1593
1592 1569 1530 1584
1594 1567 1523 1591
1590 1579 1524 1582
1586 1577 1531 1581
1588 1567 1539 1581
1587 1566 1541 1581
1593 1552 1542 1588
1596 1550 1541 1588
1592 1565 1529 1589
1596 1571 1519 1589
1586 1573 1532 1584
1587 1572 1537 1579
1583 1577 1538 1577
1587 1573 1532 1583
1590 1571 1530 1584
1588 1563 1540 1584
1589 1569 1535 1582
1592 1561 1534 1588
1599 1556 1526 1594
1595 1566 1526 1588
1596 1566 1521 1592
1594 1567 1526 1588
1593 1565 1529 1588
1598 1556 1526 1595
1596 1566 1525 1588
1597 1556 1527 1595
1602 1553 1524 1596
1603 1548 1524 1600
1602 1542 1534 1597
1602 1541 1534 1598
1593 1545 1548 1589
1598 1540 1545 1592
1591 1539 1556 1589
1592 1546 1551 1586
1588 1555 1547 1585
1591 1557 1543 1584
1590 1554 1544 1587
1592 1554 1544 1585
1589 1557 1543 1586
1590 1546 1556 1583
1592 1551 1545 1587
1591 1552 1546 1586
1598 1543 1538 1596
1605 1537 1535 1598
1601 1533 1543 1598
1602 1530 1546 1597
1609 1509 1547 1610
1614 1509 1540 1612
1615 1507 1538 1615
1617 1508 1537 1613
1620 1505 1529 1621
1613 1513 1535 1614
1619 1506 1531 1619
1619 1505 1533 1618
1612 1520 1531 1612
1609 1520 1536 1610
1602 1528 1543 1602
1598 1528 1552 1597
1593 1525 1565 1592
1591 1528 1567 1589
1594 1543 1543 1595
1596 1536 1545 1598
1599 1525 1545 1606
1594 1523 1563 1595
1587 1526 1569 1593
1585 1529 1573 1588
1579 1533 1577 1586
1580 1532 1578 1585
1573 1536 1586 1580
1590 1537 1554 1594
1593 1552 1527 1603
1596 1579 1495 1605
1602 1597 1463 1613
1608 1616 1436 1616
1611 1629 1412 1623
1619 1640 1389 1628
1624 1647 1369 1635
1628 1643 1368 1637
1629 1654 1351 1641
1634 1644 1354 1644
1632 1646 1351 1646
1630 1656 1349 1641
1636 1657 1333 1649
1637 1656 1333 1650
1631 1658 1341 1645
1638 1648 1338 1652
1639 1655 1329 1652
1636 1652 1336 1652
1632 1658 1338 1647
1631 1667 1329 1649
1631 1664 1333 1647
1627 1662 1342 1645
1621 1681 1336 1637
1624 1675 1332 1645
1626 1692 1312 1645
1625 1693 1311 1647
1626 1697 1306 1646
1624 1697 1308 1647
1622 1701 1309 1643
1622 1690 1320 1644
1624 1686 1320 1645
1625 1678 1325 1648
1624 1674 1329 1648
1623 1671 1333 1649
1621 1667 1340 1647
1625 1666 1336 1649
1622 1669 1336 1648
1628 1669 1325 1654
1632 1667 1315 1661
1630 1670 1317 1659
1628 1665 1325 1657
1621 1672 1336 1647
1619 1677 1339 1640
1620 1677 1331 1648
1620 1676 1336 1643
1618 1682 1331 1645
1624 1675 1328 1648
1621 1668 1342 1645
1620 1668 1342 1645
1612 1658 1366 1640
1605 1641 1397 1632
1607 1614 1425 1630
1604 1587 1457 1627
1596 1568 1490 1621
1589 1561 1514 1611
1575 1566 1534 1600
1561 1563 1564 1587
1560 1567 1565 1583
1554 1565 1576 1580
1543 1589 1574 1569
1548 1578 1576 1573
1549 1581 1570 1575
1544 1575 1585 1571
1548 1571 1583 1573
1556 1561 1577 1581
1546 1573 1584 1572
1547 1572 1582 1574
1549 1575 1576 1575
1552 1563 1580 1580
1553 1557 1587 1578
1556 1552 1584 1583
1558 1550 1584 1583
1564 1534 1586 1591
1565 1540 1583 1587
1566 1537 1581 1591
1566 1539 1583 1587
1560 1550 1584 1581
1553 1557 1591 1574
1553 1554 1593 1575
1554 1560 1584 1577
1550 1567 1584 1574
1549 1570 1584 1572
1552 1559 1591 1573
1558 1551 1589 1577
1564 1546 1578 1587
1561 1549 1580 1585
1564 1549 1576 1586
1565 1546 1573 1591
1566 1548 1576 1585
1573 1533 1575 1594
1577 1527 1576 1595
1581 1521 1568 1605
1583 1519 1564 1609
1590 1510 1564 1611
1594 1514 1550 1617
1599 1502 1554 1620
1597 1509 1551 1618
1594 1516 1545 1620
1599 1515 1540 1621
1597 1513 1545 1620
1606 1508 1538 1623
1599 1520 1535 1621
1596 1532 1528 1619
1593 1540 1528 1614
1596 1537 1521 1621
1602 1526 1525 1622
1606 1531 1513 1625
1599 1532 1520 1624
1604 1530 1517 1624
1608 1522 1516 1629
1603 1541 1509 1622
1598 1534 1524 1619
1595 1545 1518 1617
1588 1557 1521 1609
1584 1566 1520 1605
1590 1557 1517 1611
1584 1560 1524 1607
1583 1564 1525 1603
1590 1555 1519 1611
1589 1558 1517 1611
1586 1563 1520 1606
1585 1572 1511 1607
1582 1586 1504 1603
1578 1587 1508 1602
1578 1589 1508 1600
1576 1593 1506 1600
1577 1589 1507 1602
1578 1582 1511 1604
1576 1586 1513 1600
1575 1593 1509 1598
1573 1594 1511 1597
1580 1590 1503 1602
1579 1594 1497 1605
1572 1605 1500 1598
1564 1615 1510 1586
1562 1622 1504 1587
1558 1627 1506 1584
1553 1632 1512 1578
1557 1625 1505 1588
1552 1635 1508 1580
1549 1630 1515 1581
1549 1638 1512 1576
1549 1639 1513 1574
1546 1643 1511 1575
1543 1643 1519 1570
1540 1656 1509 1570
1541 1650 1514 1570
1546 1649 1507 1573
1544 1649 1512 1570
1538 1646 1523 1568
1537 1646 1525 1567
1539 1628 1537 1571
1538 1627 1542 1568
1536 1630 1539 1570
1542 1620 1541 1572
1546 1618 1530 1581
1542 1624 1534 1575
1547 1611 1538 1579
1544 1609 1545 1577
1547 1599 1548 1581
1549 1586 1556 1584
1556 1587 1542 1590
1558 1584 1544 1589
1559 1576 1546 1594
1560 1569 1550 1596
1561 1567 1550 1597
1570 1551 1549 1605
1570 1539 1557 1609
1569 1552 1550 1604
1565 1562 1544 1604
1566 1561 1545 1603
1565 1558 1549 1603
1566 1548 1556 1605
1561 1550 1563 1601
1560 1540 1574 1601
1566 1523 1580 1606
1569 1522 1573 1611
1574 1520 1566 1615
1574 1512 1573 1616
1576 1507 1575 1617
1578 1501 1575 1621
1573 1501 1585 1616
1573 1499 1585 1618
1578 1491 1585 1621
1584 1486 1574 1631
1589 1479 1576 1631
1588 1478 1575 1634
1587 1485 1573 1630
1585 1487 1578 1625
1582 1482 1585 1626
1580 1486 1591 1618
1576 1489 1589 1621
1580 1490 1585 1620
1581 1491 1577 1626
1586 1483 1580 1626
1577 1489 1587 1622
1576 1493 1588 1618
1575 1498 1589 1613
1571 1500 1587 1617
1579 1509 1571 1616
1573 1511 1575 1616
1574 1517 1572 1612
1570 1511 1585 1609
1571 1509 1586 1609
1564 1525 1584 1602
1563 1521 1589 1602
1568 1504 1594 1609
1561 1522 1591 1601
1564 1521 1588 1602
1557 1531 1592 1595
1557 1532 1590 1596
1555 1533 1596 1591
1554 1538 1590 1593
1557 1533 1591 1594
1556 1533 1593 1593
1548 1539 1603 1585
1542 1552 1603 1578
1541 1565 1594 1575
1535 1568 1601 1571
1538 1563 1603 1571
1540 1558 1605 1572
1537 1558 1610 1570
1541 1560 1603 1571
1541 1563 1597 1574
1546 1560 1593 1576
1545 1563 1589 1578
1545 1561 1595 1574
1539 1557 1612 1567
1540 1565 1600 1570
1537 1572 1599 1567
1540 1567 1600 1568
1543 1566 1595 1571
1541 1570 1598 1566
1532 1590 1590 1563
1533 1590 1594 1558
1532 1591 1594 1558
1536 1591 1588 1560
1537 1587 1591 1560
1536 1592 1585 1562
1536 1600 1580 1559
1532 1608 1577 1558
1533 1602 1586 1554
1527 1606 1586 1556
1523 1613 1595 1544
1516 1625 1590 1544
1520 1616 1598 1541
1522 1611 1594 1548
1517 1614 1600 1544
1520 1608 1604 1543
1514 1604 1616 1541
1513 1605 1622 1535
1513 1611 1611 1540
1522 1613 1594 1547
1526 1608 1592 1549
1528 1603 1592 1553
1526 1606 1594 1549
1524 1614 1589 1549
1531 1609 1581 1554
1532 1615 1572 1557
1538 1612 1565 1560
1539 1617 1557 1563
1540 1614 1555 1566
1545 1603 1561 1567
1543 1591 1574 1567
1537 1594 1584 1561
1540 1594 1579 1562
1544 1582 1579 1571
1543 1585 1582 1565
1549 1584 1570 1573
1550 1582 1569 1574
1550 1576 1574 1576
1551 1572 1577 1575
1545 1572 1590 1569
1549 1568 1587 1571
1547 1575 1584 1570
1547 1583 1576 1569
1545 1586 1576 1569
1553 1588 1555 1579
1554 1585 1561 1576
1556 1574 1567 1578
1553 1576 1571 1576
1553 1580 1566 1576
1552 1592 1556 1576
1557 1584 1558 1576
1558 1586 1550 1582
1556 1592 1547 1580
1554 1596 1550 1576
1556 1592 1547 1580
1562 1583 1547 1584
1561 1584 1546 1584
1566 1588 1533 1589
1570 1591 1522 1592
1571 1592 1521 1592
1573 1581 1525 1596
1572 1569 1535 1600
1562 1570 1533 1610
1560 1570 1539 1607
1558 1561 1532 1624
1557 1568 1524 1627
1552 1574 1517 1632
1542 1574 1524 1636
1538 1577 1528 1632
1528 1575 1535 1637
1527 1577 1531 1640
1522 1565 1540 1648
1516 1574 1540 1645
1513 1570 1548 1644
1503 1569 1555 1648
1498 1569 1563 1645
1490 1566 1573 1646
1488 1558 1578 1651
1481 1559 1589 1646
1472 1568 1589 1646
1470 1572 1584 1649
1468 1566 1593 1648
1466 1560 1590 1659
1463 1573 1587 1652
1464 1565 1579 1667
1454 1562 1594 1665
1441 1561 1603 1670
1432 1570 1599 1674
1428 1575 1587 1685
1421 1578 1582 1694
1419 1575 1577 1704
1408 1568 1589 1710
1396 1571 1605 1703
1385 1571 1608 1711
1379 1565 1620 1711
1373 1566 1611 1725
1368 1578 1605 1724
1363 1583 1605 1724
1356 1578 1605 1736
1357 1568 1608 1742
1354 1566 1603 1752
1346 1563 1613 1753
1342 1555 1617 1761
1344 1540 1615 1776
1341 1544 1609 1781
1332 1548 1614 1781
1330 1539 1619 1787
1330 1529 1618 1798
1324 1526 1620 1805
1315 1530 1630 1800
1306 1543 1621 1805
1309 1545 1608 1813
1315 1543 1605 1812
1311 1549 1596 1819
1307 1562 1603 1803
1304 1557 1604 1810
1303 1558 1605 1809
1308 1568 1587 1812
1306 1561 1589 1819
1306 1563 1588 1818
1302 1567 1585 1821
1302 1565 1587 1821
1305 1556 1586 1828
1305 1553 1579 1838
1308 1553 1578 1836
1309 1541 1574 1851
1308 1542 1576 1849
1304 1552 1575 1844
1307 1536 1574 1858
1312 1519 1575 1869
1311 1529 1567 1868
1309 1541 1551 1874
1305 1538 1564 1868
1298 1535 1569 1873
1294 1539 1574 1868
1297 1547 1560 1871
1304 1548 1559 1864
1304 1544 1557 1870
1308 1538 1565 1864
1312 1531 1562 1870
1308 1534 1576 1857
1310 1542 1568 1855
1314 1543 1558 1860
1318 1539 1558 1860
1317 1547 1553 1858
1316 1547 1563 1849
1313 1539 1571 1852
1310 1551 1562 1852
1315 1552 1559 1849
1305 1560 1567 1843
1303 1557 1575 1840
1309 1551 1569 1846
1305 1552 1578 1840
1305 1557 1577 1836
1305 1544 1584 1842
1303 1550 1585 1837
1304 1547 1581 1843
1298 1545 1596 1836
1298 1550 1591 1836
1302 1542 1589 1842
1303 1537 1596 1839
1301 1544 1595 1835
1301 1547 1592 1835
1298 1541 1605 1831
1297 1538 1607 1833
1292 1548 1615 1820
1293 1543 1616 1823
1300 1517 1628 1830
1301 1515 1626 1833
1301 1519 1629 1826
1295 1518 1642 1820
1293 1530 1636 1816
1292 1536 1629 1818
1288 1543 1633 1811
1294 1540 1621 1820
1291 1557 1614 1813
1294 1550 1614 1817
1295 1539 1617 1824
1294 1557 1606 1818
1293 1570 1595 1817
1286 1575 1605 1809
1292 1569 1601 1813
1294 1574 1589 1818
1297 1575 1584 1819
1296 1568 1590 1821
1298 1566 1592 1819
1294 1568 1591 1822
1294 1583 1589 1809
1293 1588 1579 1815
1290 1598 1583 1804
1296 1595 1570 1814
1297 1590 1575 1813
1297 1590 1579 1809
1300 1598 1566 1811
1300 1600 1567 1808
1299 1609 1561 1806
1301 1613 1550 1811
1309 1600 1555 1811
1306 1599 1558 1812
1315 1594 1553 1813
1317 1593 1552 1813
1315 1593 1555 1812
1318 1600 1552 1805
1318 1597 1556 1804
1318 1597 1559 1801
1317 1592 1570 1796
1315 1588 1580 1792
1320 1596 1569 1790
1322 1587 1574 1792
1326 1586 1572 1791
1328 1579 1577 1791
1330 1573 1582 1790
1338 1573 1572 1792
1336 1591 1560 1788
1345 1587 1552 1791
1348 1586 1544 1797
1353 1590 1540 1792
1350 1605 1534 1786
1350 1619 1526 1780
1354 1619 1520 1782
1361 1619 1507 1788
1369 1609 1508 1789
1368 1611 1513 1783
1378 1612 1494 1791
1379 1612 1498 1786
1379 1601 1514 1781
1381 1613 1502 1779
1384 1609 1505 1777
1384 1611 1506 1774
1383 1610 1517 1765
1387 1609 1509 1770
1384 1607 1520 1764
1382 1622 1517 1754
1380 1616 1528 1751
1391 1619 1517 1748
1381 1628 1522 1744
1387 1629 1519 1740
1393 1613 1518 1751
1397 1608 1523 1747
1402 1608 1512 1753
1403 1609 1515 1748
1408 1611 1505 1751
1413 1601 1502 1759
1409 1604 1513 1749
1408 1589 1529 1749
1408 1587 1535 1745
1410 1588 1538 1739
1404 1594 1538 1739
1405 1601 1537 1732
1402 1597 1544 1732
1400 1595 1550 1730
1399 1601 1556 1719
1399 1600 1551 1725
1398 1608 1547 1722
1397 1617 1544 1717
1397 1624 1533 1721
1401 1638 1520 1716
1397 1641 1522 1715
1398 1648 1518 1711
1394 1653 1517 1711
1395 1664 1504 1712
1394 1666 1507 1708
1390 1668 1513 1704
1396 1653 1520 1706
1394 1648 1526 1707
1394 1641 1536 1704
1394 1638 1534 1709
1395 1644 1526 1710
1395 1632 1542 1707
1391 1637 1541 1706
1394 1636 1544 1702
1391 1638 1542 1704
1393 1636 1542 1705
1387 1640 1551 1697
1380 1647 1557 1692
1382 1646 1555 1692
1380 1639 1566 1691
1381 1649 1557 1688
1384 1646 1552 1694
1383 1649 1550 1693
1388 1632 1557 1699
1389 1635 1548 1703
1395 1617 1557 1707
1404 1609 1546 1716
1392 1615 1562 1707
1401 1601 1563 1710
1398 1602 1562 1714
1403 1596 1563 1713
1398 1607 1558 1713
1400 1607 1561 1707
1395 1611 1565 1705
1392 1598 1586 1699
1391 1598 1591 1696
1398 1587 1586 1704
1399 1602 1573 1702
1404 1593 1571 1707
1406 1587 1571 1712
1409 1579 1578 1709
1412 1577 1574 1713
1411 1581 1573 1710
1420 1578 1564 1714
1423 1571 1560 1721
1425 1565 1566 1720
1424 1563 1573 1715
1419 1563 1585 1709
1421 1556 1592 1706
1423 1552 1593 1708
1424 1546 1596 1709
1420 1552 1601 1703
1424 1551 1594 1706
1431 1538 1599 1708
1426 1547 1598 1704
1426 1542 1607 1701
1426 1549 1599 1701
1429 1552 1594 1701
1428 1555 1596 1696
1428 1559 1595 1694
1428 1551 1607 1689
1430 1546 1608 1691
1431 1543 1609 1692
1430 1552 1604 1689
1426 1563 1604 1682
1426 1566 1604 1679
1428 1555 1614 1678
1428 1553 1614 1680
1425 1567 1610 1673
1428 1569 1606 1672
1428 1564 1604 1679
1425 1570 1614 1666
1425 1574 1609 1667
1420 1590 1605 1660
1421 1586 1614 1654
1417 1587 1615 1656
1416 1595 1617 1647
1421 1590 1606 1658
1420 1593 1613 1649
1423 1582 1615 1655
1415 1598 1623 1639
1415 1590 1633 1637
1417 1591 1627 1640
1417 1586 1633 1639
1420 1603 1610 1642
1423 1607 1599 1646
1420 1609 1608 1638
1420 1611 1606 1638
1419 1614 1603 1639
1418 1613 1615 1629
1419 1613 1607 1636
1417 1613 1618 1627
1417 1609 1618 1631
1414 1609 1623 1629
1417 1611 1616 1631
1420 1612 1607 1636
1417 1614 1613 1631
1421 1614 1601 1639
1425 1613 1596 1641
1425 1612 1591 1647
1425 1609 1602 1639
1426 1603 1603 1643
1425 1605 1604 1641
1424 1613 1598 1640
1434 1588 1601 1652
1436 1593 1592 1654
1438 1578 1602 1657
1437 1576 1609 1653
1442 1582 1588 1663
1444 1577 1593 1661
1441 1583 1590 1661
1440 1598 1578 1659
1441 1597 1578 1659
1437 1582 1597 1659
1443 1574 1597 1661
1448 1570 1588 1669
1449 1576 1583 1667
1450 1569 1592 1664
1455 1555 1592 1673
1459 1550 1586 1680
1457 1560 1588 1670
1462 1548 1586 1679
1461 1534 1604 1676
1467 1522 1605 1681
1465 1522 1607 1681
1468 1525 1603 1679
1460 1522 1621 1672
1463 1519 1622 1671
1464 1516 1618 1677
1460 1529 1621 1665
1464 1518 1618 1675
1469 1520 1612 1674
1464 1519 1622 1670
1466 1521 1617 1671
1464 1518 1628 1665
1461 1529 1626 1659
1463 1535 1616 1661
1466 1534 1611 1664
1467 1532 1615 1661
1469 1538 1601 1667
1463 1542 1611 1659
1466 1541 1606 1662
1467 1546 1603 1659
1467 1539 1613 1656
1460 1551 1617 1647
1451 1559 1626 1639
1455 1565 1612 1643
1454 1566 1617 1638
1452 1571 1617 1635
1452 1569 1624 1630
1453 1576 1609 1637
1453 1575 1614 1633
1450 1581 1618 1626
1443 1576 1635 1621
1443 1587 1627 1618
1446 1581 1627 1621
1447 1593 1617 1618
1445 1599 1610 1621
1444 1592 1625 1614
1444 1591 1626 1614
1451 1582 1624 1618
1458 1568 1624 1625
1461 1564 1628 1622
1465 1570 1616 1624
1465 1565 1623 1622
1459 1574 1630 1612
1458 1576 1631 1610
1459 1589 1622 1605
1459 1582 1633 1601
1457 1587 1636 1595
1462 1581 1636 1596
1461 1593 1629 1592
1468 1599 1614 1594
1465 1605 1619 1586
1472 1606 1603 1594
1479 1605 1599 1592
1481 1624 1575 1595
1481 1631 1575 1588
1486 1628 1570 1591
1496 1614 1570 1595
1493 1617 1578 1587
1499 1609 1577 1590
1502 1606 1580 1587
1505 1608 1575 1587
1508 1610 1573 1584
1508 1607 1577 1583
1510 1599 1589 1577
1513 1594 1591 1577
1516 1595 1590 1574
1520 1594 1587 1574
1533 1590 1574 1578
1530 1597 1576 1572
1528 1608 1570 1569
1537 1612 1557 1569
1541 1606 1556 1572
1553 1594 1553 1575
1554 1587 1559 1575
1557 1583 1565 1570
1561 1583 1559 1572
1562 1581 1562 1570
1568 1575 1565 1567
1575 1571 1558 1571
1580 1563 1562 1570
1586 1560 1555 1574
1587 1567 1555 1566
1583 1574 1558 1560
1586 1573 1556 1560
1589 1574 1556 1556
1595 1575 1546 1559
1598 1577 1541 1559
1588 1590 1549 1548
1583 1599 1554 1539
1583 1605 1550 1537
1584 1600 1556 1535
1585 1600 1555 1535
1585 1593 1561 1536
1588 1593 1558 1536
1592 1588 1551 1544
1594 1597 1540 1544
1591 1597 1546 1541
1587 1599 1548 1541
1588 1591 1556 1540
1579 1609 1553 1534
1583 1610 1540 1542
1576 1615 1554 1530
1570 1620 1551 1534
1576 1608 1555 1536
1576 1602 1553 1544
1570 1619 1549 1537
1563 1629 1549 1534
1566 1627 1543 1539
1559 1630 1551 1535
1557 1631 1551 1536
1556 1627 1559 1533
1559 1618 1554 1544
1561 1614 1558 1542
1560 1615 1553 1547
1560 1623 1543 1549
1559 1620 1546 1550
1550 1618 1563 1544
1547 1621 1562 1545
1546 1613 1564 1552
1556 1600 1562 1557
1549 1606 1561 1559
1552 1600 1561 1562
1546 1606 1562 1561
1543 1608 1562 1562
1544 1613 1554 1564
1544 1611 1552 1568
1544 1616 1545 1570
1542 1621 1539 1573
1538 1625 1542 1570
1532 1627 1549 1567
1539 1615 1545 1576
1544 1581 1563 1587
1559 1545 1569 1602
1566 1514 1585 1610
1575 1483 1597 1620
1580 1460 1609 1626
1587 1430 1623 1635
1603 1408 1616 1649
1606 1389 1628 1652
1608 1379 1630 1659
1611 1374 1630 1660
1607 1385 1624 1660
1615 1379 1616 1665
1614 1370 1622 1670
1614 1364 1628 1669
1612 1363 1634 1667
1612 1367 1625 1671
1618 1358 1630 1670
1616 1359 1626 1674
1629 1339 1624 1684
1628 1336 1628 1683
1634 1336 1618 1688
1634 1328 1625 1688
1627 1330 1639 1680
1623 1333 1646 1673
1622 1320 1658 1676
1628 1316 1652 1679
1626 1318 1651 1681
1627 1325 1644 1679
1625 1331 1640 1680
1624 1341 1630 1680
1623 1345 1631 1677
1620 1349 1626 1680
1619 1355 1628 1674
1614 1346 1642 1673
1616 1348 1638 1674
1616 1350 1633 1676
1612 1356 1638 1670
1614 1350 1639 1672
1608 1346 1654 1668
1610 1346 1652 1667
1602 1355 1658 1661
1603 1360 1654 1658
1603 1356 1658 1659
1600 1363 1655 1657
1594 1371 1661 1650
1598 1359 1663 1655
1603 1351 1662 1660
1595 1367 1662 1651
1594 1372 1657 1653
1585 1388 1660 1642
1580 1413 1646 1637
1566 1451 1634 1624
1557 1483 1623 1613
1548 1507 1612 1608
1541 1528 1608 1599
1533 1550 1599 1593
1527 1565 1595 1588
1526 1571 1591 1587
1529 1565 1593 1588
1527 1576 1585 1587
1528 1568 1592 1587
1526 1574 1591 1584
1524 1580 1590 1581
1525 1594 1576 1580
1525 1600 1567 1583
1526 1596 1573 1580
1523 1607 1563 1582
1527 1602 1563 1583
1524 1603 1568 1580
1529 1597 1566 1583
1528 1603 1564 1580
1526 1606 1566 1577
1531 1603 1559 1582
1532 1603 1554 1586
1538 1605 1547 1585
1529 1615 1551 1580
1530 1621 1546 1578
1530 1621 1547 1577
1531 1616 1550 1578
1531 1608 1558 1578
1535 1598 1559 1583
1538 1595 1558 1584
1543 1590 1551 1591
1545 1592 1547 1591
1543 1587 1558 1587
1549 1583 1548 1595
1555 1577 1545 1598
1551 1588 1544 1592
1551 1598 1532 1594
1548 1597 1538 1592
1555 1590 1532 1598
1561 1571 1538 1605
1565 1575 1528 1607
1570 1572 1523 1610
1574 1570 1513 1618
1567 1585 1517 1606
1561 1584 1530 1600
1569 1565 1531 1610
1582 1556 1516 1621
1578 1567 1514 1616
1577 1569 1515 1614
1578 1562 1519 1616
1575 1567 1519 1614
1573 1578 1514 1610
1569 1584 1514 1608
1569 1592 1509 1605
1568 1595 1505 1607
1570 1606 1493 1606
1566 1605 1498 1606
1561 1615 1497 1602
1563 1620 1492 1600
1563 1617 1493 1602
1568 1616 1485 1606
1565 1610 1495 1605
1570 1599 1498 1608
1572 1596 1496 1611
1567 1592 1511 1605
1567 1596 1508 1604
1565 1596 1510 1604
1561 1603 1513 1598
1561 1596 1517 1601
1564 1604 1505 1602
1562 1606 1507 1600
1565 1601 1509 1600
1563 1594 1517 1601
1567 1581 1524 1603
1566 1587 1520 1602
1572 1572 1520 1611
1577 1564 1521 1613
1577 1569 1516 1613
1570 1588 1512 1605
1569 1587 1517 1602
1567 1583 1523 1602
1566 1583 1528 1598
1565 1594 1516 1600
1566 1595 1517 1597
1562 1599 1518 1596
1564 1594 1519 1598
1566 1587 1525 1597
1569 1587 1519 1600
1570 1583 1523 1599
1563 1609 1510 1593
1561 1611 1513 1590
1557 1602 1528 1588
1560 1594 1534 1587
1564 1592 1525 1594
1566 1594 1520 1595
1570 1589 1518 1598
1564 1594 1525 1592
1567 1592 1522 1594
1564 1604 1517 1590
1564 1594 1526 1591
1570 1581 1525 1599
1573 1580 1520 1602
1576 1569 1521 1609
1576 1572 1521 1606
1568 1569 1537 1601
1568 1571 1538 1598
1559 1591 1535 1590
1561 1579 1546 1589
1556 1580 1548 1591
1557 1582 1548 1588
1551 1583 1557 1584
1547 1581 1567 1580
1545 1589 1564 1577
1542 1596 1559 1578
1550 1594 1552 1579
1541 1598 1560 1576
1546 1596 1558 1575
1543 1600 1557 1575
1543 1603 1553 1576
1539 1610 1557 1569
1538 1609 1553 1575
1537 1618 1552 1568
1540 1616 1545 1574
1546 1614 1535 1580
1549 1602 1537 1587
1548 1608 1537 1582
1540 1616 1543 1576
1537 1620 1545 1573
1537 1613 1552 1573
1540 1611 1549 1575
1540 1620 1539 1576
1535 1633 1536 1571
1535 1631 1537 1572
1533 1632 1542 1568
1533 1635 1537 1570
1537 1633 1533 1572
1534 1635 1534 1572
1529 1641 1539 1566
1529 1644 1534 1568
1528 1641 1541 1565
1529 1636 1540 1570
1533 1632 1540 1570
1527 1641 1542 1565
1528 1636 1545 1566
1525 1646 1541 1563
1525 1659 1530 1561
1525 1652 1536 1562
1527 1645 1540 1563
1530 1633 1543 1569
1529 1646 1534 1566
1525 1654 1536 1560
1524 1645 1546 1560
1523 1660 1541 1551
1516 1658 1547 1554
1525 1659 1539 1552
1521 1649 1546 1559
1534 1635 1544 1562
1536 1632 1535 1572
1546 1625 1531 1573
1542 1615 1543 1575
1545 1616 1542 1572
1549 1609 1539 1578
1553 1608 1534 1580
1554 1609 1533 1579
1547 1608 1543 1577
1551 1601 1547 1576
1545 1608 1548 1574
1554 1596 1543 1582
1555 1595 1542 1583
1562 1582 1541 1590
1564 1593 1530 1588
1567 1583 1529 1596
1559 1591 1539 1586
1564 1586 1536 1589
1560 1582 1550 1583
1549 1597 1554 1575
1553 1597 1547 1578
1557 1593 1543 1582
1560 1604 1530 1581
1560 1598 1531 1586
1559 1587 1548 1581
1564 1569 1552 1590
1566 1573 1548 1588
1562 1582 1543 1588
1562 1576 1552 1585
1561 1583 1547 1584
1567 1569 1548 1591
1572 1566 1543 1594
1570 1565 1547 1593
1582 1544 1544 1605
1582 1545 1545 1603
1580 1551 1539 1605
1581 1552 1538 1604
1577 1548 1549 1601
1582 1537 1550 1606
1582 1528 1562 1603
1579 1535 1558 1603
1578 1540 1556 1601
1573 1548 1559 1595
1570 1553 1560 1592
1566 1557 1563 1589
1573 1547 1560 1595
1576 1532 1566 1601
1577 1536 1567 1596
1573 1534 1570 1598
1577 1540 1563 1596
1570 1554 1557 1594
1567 1561 1561 1587
1560 1569 1562 1584
1557 1579 1558 1582
1558 1582 1552 1583
1559 1589 1548 1580
1550 1587 1563 1575
1548 1578 1580 1570
1546 1585 1575 1569
1554 1580 1565 1577
1551 1575 1573 1576
1549 1587 1568 1572
1551 1581 1573 1570
1552 1581 1567 1576
1553 1567 1581 1574
1545 1580 1585 1566
1549 1578 1580 1568
1538 1589 1590 1559
1538 1605 1574 1558
1547 1597 1565 1567
1552 1591 1562 1570
1557 1583 1562 1574
1554 1565 1581 1575
1554 1572 1580 1570
1555 1584 1561 1575
1553 1600 1555 1568
1554 1591 1557 1573
1557 1589 1559 1571
1552 1586 1564 1573
1554 1587 1564 1571
1548 1602 1563 1562
1543 1602 1572 1559
1543 1603 1574 1555
1533 1607 1588 1548
1539 1593 1594 1549
1534 1601 1592 1549
1540 1592 1592 1551
1539 1606 1578 1553
1542 1607 1575 1551
1537 1609 1575 1555
1540 1609 1576 1550
1538 1610 1578 1550
1538 1604 1582 1551
1548 1596 1576 1556
1548 1593 1573 1561
1542 1609 1576 1549
1536 1619 1575 1545
1538 1616 1576 1545
1540 1617 1572 1546
1537 1626 1569 1543
1538 1623 1571 1543
1537 1629 1563 1546
1541 1625 1564 1545
1544 1627 1557 1547
1546 1625 1555 1549
1543 1631 1554 1547
1546 1638 1543 1548
1550 1641 1531 1553
1558 1637 1520 1560
1558 1634 1523 1560
1562 1637 1514 1562
1560 1632 1522 1561
1558 1635 1520 1562
1555 1638 1527 1555
1551 1647 1524 1553
1553 1645 1522 1555
1551 1652 1519 1553
1552 1659 1510 1554
1557 1650 1512 1556
1555 1649 1514 1557
1553 1647 1521 1554
1547 1650 1530 1548
1546 1654 1529 1546
1541 1657 1535 1542
1538 1660 1540 1537
1542 1652 1538 1543
1539 1659 1537 1540
1537 1662 1535 1541
1539 1673 1526 1537
1536 1664 1538 1537
1539 1662 1533 1541
1540 1663 1530 1542
1545 1664 1518 1548
1547 1674 1505 1549
1536 1688 1511 1540
1541 1675 1519 1540
1538 1680 1516 1541
1542 1677 1514 1542
1537 1681 1518 1539
1545 1673 1515 1542
1547 1663 1516 1549
1551 1660 1512 1552
1553 1666 1503 1553
1545 1673 1509 1548
1545 1675 1511 1544
1541 1674 1517 1543
1546 1670 1512 1547
1552 1664 1504 1555
1550 1664 1511 1550
1553 1651 1518 1553
1555 1645 1516 1559
1565 1628 1521 1561
1560 1623 1529 1563
1562 1615 1539 1559
1559 1612 1543 1561
1567 1598 1544 1566
1563 1598 1548 1566
1569 1590 1549 1567
1568 1588 1551 1568
1560 1603 1553 1559
1565 1593 1552 1565
1566 1595 1549 1565
1568 1596 1543 1568
1570 1590 1544 1571
1575 1576 1550 1574
1579 1566 1550 1580
1580 1566 1550 1579
1585 1548 1557 1585
1589 1544 1554 1588
1584 1555 1554 1582
1584 1554 1553 1584
1583 1552 1555 1585
1586 1561 1540 1588
1593 1552 1536 1594
1590 1553 1539 1593
1589 1551 1546 1589
1587 1546 1554 1588
1595 1531 1556 1593
1598 1518 1561 1598
1601 1525 1550 1599
1598 1522 1558 1597
1596 1525 1558 1596
1591 1525 1569 1590
1589 1524 1573 1589
1595 1515 1571 1594
1598 1517 1563 1597
1595 1516 1569 1595
1588 1517 1583 1587
1589 1509 1588 1589
1584 1517 1590 1584
1581 1527 1587 1580
1576 1526 1597 1576
1576 1524 1600 1575
1579 1519 1600 1577
1580 1520 1597 1578
1585 1516 1590 1584
1585 1521 1585 1584
1585 1524 1583 1583
1589 1524 1572 1590
1588 1526 1573 1588
1588 1531 1569 1587
1583 1543 1566 1583
1586 1545 1558 1586
1589 1553 1544 1589
1590 1555 1541 1589
1586 1560 1542 1587
1583 1559 1553 1580
1574 1571 1552 1578
1571 1576 1557 1571
1574 1570 1557 1574
1577 1569 1553 1576
1573 1577 1554 1571
1571 1583 1563 1558
1572 1592 1566 1545
1582 1588 1560 1545
1589 1590 1561 1535
1596 1585 1555 1539
1600 1594 1555 1526
1599 1597 1557 1522
1610 1591 1552 1522
1614 1608 1539 1514
1621 1612 1531 1511
1621 1611 1545 1498
1616 1621 1550 1488
1623 1609 1554 1489
1627 1609 1557 1482
1629 1615 1556 1475
1621 1625 1567 1462
1624 1637 1562 1452
1622 1633 1573 1447
1635 1628 1570 1442
1641 1619 1573 1442
1646 1617 1579 1433
1646 1617 1585 1427
1648 1632 1577 1418
1654 1635 1573 1413
1654 1641 1577 1403
1659 1645 1577 1394
1661 1652 1571 1391
1668 1664 1562 1381
1674 1661 1560 1380
1687 1669 1545 1374
1695 1673 1537 1370
1701 1681 1529 1364
1715 1671 1528 1361
1716 1677 1529 1353
1724 1670 1535 1346
1734 1670 1532 1339
1738 1672 1536 1329
1747 1671 1530 1327
1753 1665 1540 1317
1765 1662 1536 1312
1769 1668 1538 1300
1776 1657 1548 1294
1783 1651 1557 1284
1790 1650 1558 1277
1803 1648 1548 1276
1817 1638 1550 1270
1829 1633 1545 1268
1831 1632 1557 1255
1832 1633 1568 1242
1843 1623 1572 1237
1850 1614 1571 1240
1853 1608 1571 1243
1854 1618 1569 1234
1851 1620 1571 1233
1854 1616 1580 1225
1855 1615 1577 1228
1857 1612 1587 1219
1858 1608 1596 1213
1863 1596 1602 1214
1874 1594 1594 1213
1882 1580 1591 1222
1890 1576 1589 1220
1893 1580 1588 1214
1895 1585 1579 1216
1896 1592 1569 1218
1896 1592 1559 1228
1896 1588 1559 1232
1886 1590 1552 1247
1876 1605 1542 1252
1864 1608 1545 1258
1858 1608 1541 1268
1857 1604 1535 1279
1853 1598 1530 1294
1848 1590 1534 1303
1848 1580 1528 1319
1843 1582 1516 1334
1834 1582 1524 1335
1823 1571 1533 1348
1813 1575 1537 1350
1799 1563 1548 1365
1794 1547 1556 1378
1778 1545 1564 1388
1763 1555 1568 1389
1754 1545 1570 1406
1740 1553 1571 1412
1718 1558 1581 1418
1706 1552 1587 1431
1694 1550 1592 1439
1681 1553 1584 1458
1669 1544 1592 1470
1655 1545 1588 1488
1641 1551 1587 1496
1625 1553 1582 1516
1612 1554 1578 1531
1599 1556 1573 1548
1582 1557 1571 1565
1567 1563 1567 1579
1556 1559 1559 1601
1539 1573 1552 1612
1518 1578 1554 1625
1504 1582 1547 1643
1487 1588 1545 1655
1466 1586 1544 1680
1448 1597 1542 1688
1428 1591 1548 1709
1412 1583 1551 1729
1402 1579 1543 1752
1381 1580 1548 1766
1363 1584 1554 1775
1337 1590 1560 1788
1318 1593 1566 1799
1302 1587 1572 1814
1285 1585 1575 1831
1268 1586 1581 1840
1256 1573 1588 1859
1246 1583 1583 1863
1233 1580 1592 1871
1236 1574 1588 1877
1226 1561 1601 1888
1226 1557 1599 1893
1216 1563 1594 1903
1209 1565 1597 1904
1214 1561 1600 1901
1202 1565 1600 1908
1199 1566 1607 1904
1201 1550 1615 1909
1202 1556 1598 1920
1204 1550 1599 1922
1205 1542 1596 1933
1209 1549 1586 1931
1201 1554 1590 1931
1211 1542 1584 1938
1209 1534 1583 1950
1212 1540 1576 1947
1208 1532 1585 1950
1211 1527 1579 1958
1213 1538 1566 1958
1209 1543 1562 1961
1211 1545 1563 1956
1204 1556 1556 1959
1212 1548 1555 1960
1211 1550 1552 1962
1217 1561 1559 1938
1216 1563 1558 1938
1222 1566 1566 1921
1220 1574 1567 1914
1234 1563 1566 1912
1236 1575 1553 1911
1248 1570 1551 1906
1255 1560 1556 1904
1264 1552 1562 1897
1276 1542 1570 1887
1283 1555 1572 1865
1295 1556 1563 1861
1304 1567 1561 1843
1316 1571 1562 1826
1323 1574 1564 1814
1343 1561 1560 1811
1352 1555 1562 1806
1366 1548 1564 1797
1375 1557 1556 1787
1387 1561 1548 1779
1401 1565 1538 1771
1415 1558 1533 1769
1422 1562 1543 1748
1435 1550 1550 1740
1446 1544 1550 1735
1457 1553 1548 1717
1467 1562 1539 1707
1475 1570 1539 1691
1488 1564 1544 1679
1498 1569 1540 1668
1502 1569 1537 1667
1511 1574 1543 1647
1517 1579 1535 1644
1523 1593 1527 1632
1531 1586 1538 1620
1537 1593 1536 1609
1552 1593 1532 1598
1560 1583 1540 1592
1569 1586 1542 1578
1576 1595 1541 1563
1594 1590 1538 1553
1599 1592 1546 1538
1614 1591 1541 1529
1632 1590 1539 1514
1638 1591 1549 1497
1649 1597 1545 1484
1663 1596 1548 1468
1672 1598 1555 1450
1678 1605 1561 1431
1696 1590 1572 1417
1708 1580 1563 1424
1728 1576 1562 1409
1741 1572 1552 1410
1753 1572 1551 1399
1751 1587 1551 1386
1772 1581 1550 1372
1778 1583 1551 1363
1794 1591 1537 1353
1801 1590 1541 1343
1809 1597 1528 1341
1830 1578 1524 1343
1841 1558 1530 1346
1850 1559 1522 1344
1850 1570 1517 1338
1851 1576 1521 1327
1850 1592 1517 1316
1860 1597 1505 1313
1868 1595 1504 1308
1884 1586 1509 1296
1892 1589 1508 1286
1901 1589 1512 1273
1912 1584 1514 1265
1930 1581 1500 1264
1932 1578 1494 1271
1940 1585 1482 1268
1934 1588 1487 1266
1942 1584 1491 1258
1950 1577 1483 1265
1951 1585 1483 1256
1957 1573 1487 1258
1951 1576 1503 1245
1958 1573 1496 1248
1961 1572 1496 1246
1963 1557 1512 1243
1968 1549 1513 1245
1971 1543 1518 1243
1964 1548 1525 1238
1962 1552 1525 1236
1965 1551 1526 1233
1963 1545 1533 1234
1954 1553 1538 1230
1960 1550 1533 1232
1959 1558 1525 1233
1950 1568 1528 1229
1951 1564 1528 1232
1945 1554 1543 1233
1937 1544 1546 1248
1937 1537 1547 1254
1933 1530 1544 1268
1923 1546 1533 1273
1906 1551 1542 1276
1892 1560 1546 1277
1882 1559 1549 1285
1877 1551 1558 1289
1875 1543 1557 1300
1855 1538 1568 1314
1845 1539 1570 1321
1826 1536 1580 1333
1818 1531 1583 1343
1807 1516 1593 1359
1790 1523 1596 1366
1780 1527 1594 1374
1775 1514 1601 1385
1769 1504 1605 1397
1766 1492 1604 1413
1759 1491 1601 1424
1751 1483 1606 1435
1739 1487 1606 1443
1724 1491 1600 1460
1708 1493 1603 1471
1700 1489 1599 1487
1684 1492 1602 1497
1674 1486 1603 1512
1673 1485 1604 1513
1670 1477 1605 1523
1664 1473 1612 1526
1654 1471 1617 1533
1646 1471 1619 1539
1638 1476 1617 1544
1631 1483 1606 1555
1632 1476 1597 1570
1619 1485 1598 1573
1612 1488 1597 1578
1605 1493 1589 1588
1590 1508 1588 1589
1580 1514 1584 1597
1570 1511 1589 1605
1561 1516 1588 1610
1549 1526 1580 1620
1540 1523 1586 1626
1532 1524 1587 1632
1514 1526 1594 1641
1504 1520 1605 1646
1497 1513 1603 1662
1491 1509 1596 1679
1489 1520 1577 1689
1483 1527 1575 1690
1472 1532 1576 1695
1466 1541 1570 1698
1452 1542 1578 1703
1454 1541 1574 1706
1442 1537 1580 1716
1430 1538 1585 1722
1427 1537 1576 1735
1423 1525 1580 1747
1421 1534 1579 1741
1422 1527 1578 1748
1417 1538 1573 1747
1415 1549 1563 1748
1410 1554 1558 1753
1408 1548 1561 1758
1407 1544 1561 1763
1405 1552 1549 1769
1405 1555 1539 1776
1399 1560 1542 1774
1399 1554 1544 1778
1389 1562 1548 1776
1384 1555 1556 1780
1380 1554 1554 1787
1380 1549 1550 1796
1372 1549 1555 1799
1367 1553 1550 1805
1358 1559 1557 1801
1347 1559 1567 1802
1335 1565 1575 1800
1340 1555 1565 1815
1340 1557 1551 1827
1335 1559 1553 1828
1339 1549 1547 1840
1330 1556 1551 1838
1324 1560 1546 1845
1332 1550 1534 1859
1326 1544 1540 1865
1325 1536 1547 1867
1327 1521 1548 1879
1328 1517 1544 1886
1329 1515 1539 1892
1327 1511 1543 1894
1335 1501 1551 1888
1338 1504 1540 1893
1344 1497 1543 1891
1350 1496 1539 1891
1360 1496 1525 1894
1360 1506 1525 1885
1357 1509 1535 1874
1360 1503 1545 1868
1365 1498 1545 1867
1373 1489 1548 1866
1371 1486 1562 1856
1382 1489 1547 1858
1384 1480 1549 1862
1403 1466 1540 1867
1406 1471 1536 1862
1411 1474 1538 1853
1405 1490 1539 1841
1412 1489 1535 1840
1411 1491 1533 1840
1417 1487 1537 1835
1416 1482 1544 1833
1424 1487 1535 1830
1427 1494 1529 1825
1425 1500 1529 1822
1427 1498 1535 1815
1422 1501 1545 1808
1425 1504 1544 1802
1419 1504 1555 1798
1428 1496 1553 1798
1432 1502 1544 1798
1434 1501 1551 1789
1443 1496 1546 1791
1448 1496 1544 1787
1448 1498 1552 1778
1453 1497 1545 1780
1464 1492 1539 1781
1465 1501 1533 1776
1467 1503 1539 1767
1468 1508 1542 1757
1466 1517 1547 1746
1458 1528 1556 1733
1464 1527 1559 1726
1462 1533 1566 1714
1460 1529 1584 1703
1467 1526 1585 1697
1469 1540 1573 1694
1473 1550 1568 1684
1471 1555 1575 1675
1475 1553 1582 1665
1483 1544 1582 1667
1485 1544 1573 1673
1489 1540 1575 1672
1490 1543 1569 1673
1493 1550 1562 1670
1493 1550 1564 1668
1497 1537 1570 1671
1512 1528 1558 1677
1510 1529 1560 1676
1510 1537 1560 1668
1511 1539 1560 1665
1520 1539 1549 1667
1521 1531 1561 1662
1524 1541 1557 1653
1521 1547 1565 1642
1530 1538 1568 1639
1533 1539 1563 1640
1537 1532 1572 1634
1537 1538 1573 1627
1535 1541 1582 1617
1541 1537 1582 1615
1549 1534 1581 1611
1550 1538 1588 1599
1549 1537 1598 1591
1556 1533 1601 1585
1559 1537 1601 1578
1561 1534 1610 1570
1566 1528 1611 1570
1573 1534 1604 1564
1566 1542 1612 1555
1568 1550 1616 1541
1568 1558 1614 1535
1558 1568 1630 1519
1565 1572 1626 1512
1571 1573 1615 1516
1575 1576 1619 1505
1570 1590 1621 1494
1578 1582 1623 1492
1578 1585 1627 1485
1583 1578 1632 1482
1593 1572 1619 1491
1611 1556 1609 1499
1618 1552 1605 1500
1629 1550 1593 1503
1637 1550 1585 1503
1632 1553 1595 1495
1631 1549 1605 1490
1635 1540 1613 1487
1639 1541 1609 1486
1646 1541 1601 1487
1643 1554 1597 1481
1646 1559 1591 1479
1644 1568 1588 1475
1642 1577 1588 1468
1642 1576 1588 1469
1646 1575 1588 1466
1643 1574 1592 1466
1641 1581 1594 1459
1647 1574 1589 1465
1652 1574 1585 1464
1647 1582 1585 1461
1644 1579 1597 1455
1645 1574 1600 1456
1643 1579 1595 1458
1644 1586 1590 1455
1641 1584 1594 1456
1641 1590 1593 1451
1642 1586 1593 1454
1649 1577 1591 1458
1653 1558 1600 1464
1657 1551 1605 1462
1649 1551 1612 1463
1655 1553 1603 1464
1653 1563 1591 1468
1654 1558 1598 1465
1648 1559 1602 1466
1653 1563 1592 1467
1649 1571 1591 1464
1645 1573 1595 1462
1656 1566 1588 1465
1657 1558 1586 1474
1659 1557 1585 1474
1664 1556 1578 1477
1657 1553 1589 1476
1659 1551 1592 1473
1654 1552 1596 1473
1661 1536 1600 1478
1662 1534 1596 1483
1667 1538 1587 1483
1662 1536 1594 1483
1659 1534 1607 1475
1652 1542 1610 1471
1648 1544 1616 1467
1642 1548 1622 1463
1633 1553 1629 1460
1641 1554 1614 1466
1645 1552 1611 1467
1643 1554 1612 1466
1641 1557 1613 1464
1635 1558 1617 1465
1638 1561 1613 1463
1630 1560 1624 1461
1630 1554 1634 1457
1636 1533 1642 1464
1640 1525 1645 1465
1632 1532 1647 1464
1628 1549 1643 1455
1624 1550 1643 1458
1615 1569 1643 1448
1614 1562 1648 1451
1621 1550 1646 1458
1622 1546 1647 1460
1626 1542 1641 1466
1627 1532 1652 1464
1621 1527 1662 1465
1622 1526 1661 1466
1619 1523 1666 1467
1617 1531 1662 1465
1611 1539 1664 1461
1606 1555 1658 1456
1601 1565 1649 1460
1605 1574 1638 1458
1596 1571 1649 1459
1598 1561 1657 1459
1594 1574 1649 1458
1598 1571 1643 1463
1602 1566 1639 1468
1605 1570 1628 1472
1608 1562 1629 1476
1599 1571 1632 1473
1606 1572 1621 1476
1610 1565 1619 1481
1616 1552 1618 1489
1617 1550 1617 1491
1621 1543 1614 1497
1621 1540 1616 1498
1621 1544 1610 1500
1617 1545 1619 1494
1619 1531 1621 1504
1620 1533 1620 1502
1622 1536 1613 1504
1619 1532 1620 1504
1621 1533 1616 1505
1624 1531 1610 1510
1628 1527 1610 1510
1628 1536 1598 1513
1628 1535 1598 1514
1625 1544 1592 1514
1631 1538 1587 1519
1635 1538 1581 1521
1634 1536 1581 1524
1637 1538 1575 1525
1637 1534 1578 1526
1634 1543 1570 1528
1629 1545 1580 1521
1633 1541 1574 1527
1644 1529 1566 1536
1641 1529 1570 1535
1650 1507 1577 1541
1649 1513 1571 1542
1649 1522 1565 1539
1650 1533 1549 1543
1648 1543 1544 1540
1649 1540 1544 1542
1653 1541 1537 1544
1655 1549 1526 1545
1654 1549 1528 1544
1660 1539 1528 1548
1661 1536 1525 1553
1668 1533 1516 1558
1669 1536 1514 1556
1672 1540 1502 1561
1674 1537 1504 1560
1675 1543 1496 1561
1676 1537 1500 1562
1677 1540 1496 1562
1668 1555 1499 1553
1662 1555 1509 1549
1666 1553 1505 1551
1667 1550 1505 1553
1660 1553 1515 1547
1653 1558 1521 1543
1648 1562 1526 1539
1656 1560 1512 1547
1653 1566 1515 1541
1661 1559 1505 1550
1659 1566 1500 1550
1664 1574 1481 1556
1658 1585 1484 1548
1660 1584 1478 1553
1664 1577 1476 1558
1670 1572 1469 1564
1671 1560 1475 1569
1669 1556 1485 1565
1666 1563 1482 1564
1669 1553 1487 1566
1666 1550 1492 1567
1668 1546 1497 1564
1661 1560 1502 1552
1657 1563 1504 1551
1665 1556 1507 1547
1663 1544 1509 1559
1669 1545 1503 1558
1667 1548 1499 1562
1670 1557 1488 1560
1660 1564 1500 1552
1657 1557 1508 1553
1665 1551 1504 1556
1656 1565 1499 1555
1658 1566 1501 1551
1654 1568 1499 1554
1651 1568 1507 1550
1651 1565 1511 1548
1646 1574 1507 1549
1647 1574 1506 1548
1646 1570 1512 1548
1657 1559 1503 1556
1652 1572 1495 1557
1645 1579 1501 1550
1639 1584 1507 1546
1639 1581 1509 1546
1632 1579 1524 1541
1628 1581 1527 1539
1626 1585 1531 1534
1623 1587 1529 1536
1626 1588 1525 1537
1631 1578 1521 1545
1633 1573 1524 1546
1632 1578 1517 1548
1637 1578 1509 1552
1633 1575 1515 1552
1639 1571 1511 1555
1643 1569 1504 1559
1633 1582 1510 1551
1629 1575 1524 1547
1625 1580 1528 1543
1622 1581 1533 1539
1618 1572 1551 1535
1618 1574 1546 1537
1618 1582 1540 1536
1617 1582 1539 1537
1612 1593 1540 1531
1607 1604 1539 1525
1607 1609 1535 1525
1612 1597 1536 1530
1625 1567 1541 1543
1633 1562 1531 1549
1631 1560 1531 1554
1636 1545 1529 1565
1635 1551 1528 1562
1626 1550 1533 1566
1627 1557 1538 1554
1623 1559 1535 1558
1628 1558 1533 1556
1626 1550 1537 1562
1630 1543 1538 1564
1627 1556 1533 1559
1622 1551 1542 1560
1633 1540 1539 1563
1629 1530 1549 1567
1631 1527 1553 1564
1633 1522 1553 1567
1626 1531 1555 1563
1636 1518 1553 1568
1632 1523 1552 1568
1633 1528 1545 1569
1617 1542 1557 1559
1618 1532 1572 1553
1624 1518 1572 1561
1631 1508 1571 1565
