0 0 0 0 0 0 0 0 0 0 0
0 0 0 0 0 0 0 0 0 0 0
0 0 0 0 0 0 0 0 0 0 0
0 0 0 0 0 0 0 0 0 0 0
0 14 0 0 2 8 0 7 2 8 7
0 47 0 0 7 12 0 24 7 12 23
0 67 0 0 17 24 0 34 17 24 33
0 89 0 0 25 35 0 45 25 35 44
0 94 0 0 36 49 0 45 36 49 49
0 98 0 0 54 52 0 49 54 52 49
0 91 0 0 52 60 0 43 52 60 48
0 61 0 0 55 67 0 27 55 67 34
0 43 0 0 51 70 0 25 51 70 18
0 52 0 0 65 58 0 24 65 58 28
0 62 0 0 70 53 0 33 70 53 29
0 64 0 0 62 63 0 30 62 63 34
0 58 0 0 72 64 0 30 72 64 28
0 64 0 0 65 72 0 31 65 72 33
0 69 0 0 61 72 0 35 61 72 34
0 70 0 0 67 71 0 37 67 71 33
0 71 0 0 72 76 0 34 72 76 37
0 71 0 0 82 70 0 37 82 70 34
0 66 0 0 89 75 0 31 89 75 35
0 68 0 0 88 81 0 35 88 81 33
0 86 0 0 75 79 0 43 75 79 43
0 86 0 0 65 83 0 42 65 83 44
0 75 0 0 69 77 0 39 69 77 36
0 52 0 0 78 95 0 25 78 95 27
0 57 0 0 89 79 0 29 89 79 28
0 45 0 0 87 82 0 24 87 82 21
0 34 0 0 98 87 0 18 98 87 16
0 36 0 0 106 82 0 19 106 82 17
0 45 0 0 92 90 0 22 92 90 23
0 40 0 0 96 98 0 21 96 98 19
0 47 0 0 92 101 0 24 92 101 23
0 40 0 0 102 98 0 21 102 98 19
0 41 0 0 107 100 0 20 107 100 21
0 57 0 0 99 95 0 30 99 95 27
0 55 0 0 103 100 0 27 103 100 28
0 41 0 0 114 106 0 22 114 106 19
0 61 0 0 100 106 0 30 100 106 31
0 64 0 0 99 106 0 33 99 106 31
0 61 0 0 108 102 0 30 108 102 31
0 66 0 0 109 105 0 34 109 105 32
0 59 0 0 120 100 0 28 120 100 31
0 61 0 0 115 110 0 31 115 110 30
0 60 0 0 117 115 0 29 117 115 31
0 59 0 0 125 111 0 31 125 111 28
0 61 0 0 112 122 0 31 112 122 30
0 49 0 0 126 127 0 23 126 127 26
0 58 0 0 123 127 0 30 123 127 28
0 61 0 0 123 125 0 28 123 125 33
0 57 0 0 126 130 0 30 126 130 27
0 59 0 0 127 131 0 27 127 131 32
0 66 0 0 127 127 0 35 127 127 31
0 68 0 0 125 128 0 33 125 128 35
0 66 0 0 130 128 0 34 130 128 32
0 63 0 0 131 133 0 32 131 133 31
0 75 0 0 131 124 0 36 131 124 39
0 71 0 0 126 134 0 38 126 134 33
0 65 0 0 134 137 0 30 134 137 35
0 69 0 0 130 142 0 36 130 142 33
0 67 0 0 137 138 0 34 137 138 33
0 72 0 0 139 135 0 36 139 135 36
0 65 0 0 145 138 0 34 145 138 31
0 61 0 0 145 147 0 28 145 147 33
0 66 0 0 141 151 0 36 141 151 30
0 71 0 0 140 147 0 33 140 147 38
0 67 0 0 146 151 0 35 146 151 32
0 62 0 0 142 161 0 32 142 161 30
0 57 0 0 151 160 0 28 151 160 29
0 58 0 0 158 159 0 30 158 159 28
0 60 0 0 161 161 0 28 161 161 32
0 67 0 0 159 161 0 36 159 161 31
0 66 0 0 178 152 0 31 178 152 35
0 66 0 0 179 156 0 35 179 156 31
0 57 0 0 180 168 0 27 180 168 30
0 59 0 0 179 184 0 31 179 184 28
0 66 0 0 180 185 0 33 180 185 33
0 73 0 0 179 191 0 35 179 191 38
0 68 0 0 186 199 0 36 186 199 32
0 62 0 0 196 202 0 29 196 202 33
0 67 0 0 208 202 0 35 208 202 32
0 72 0 0 203 213 0 35 203 213 37
0 75 0 0 213 210 0 37 213 210 38
0 74 0 0 229 212 0 39 229 212 35
0 76 0 0 224 221 0 36 224 221 40
0 71 0 0 237 233 0 37 237 233 34
0 74 0 0 237 245 0 36 237 245 38
0 82 0 0 242 246 0 40 242 246 42
0 77 0 0 258 250 0 40 258 250 37
0 91 0 0 254 254 0 44 254 254 47
0 83 0 0 262 264 0 42 262 264 41
0 84 0 0 268 274 0 42 268 274 42
0 83 0 0 280 283 0 41 280 283 42
0 61 0 0 288 293 0 32 288 293 29
0 29 0 0 295 306 0 13 295 306 16
0 43 0 0 305 301 0 23 305 301 20
0 46 0 0 311 309 0 21 311 309 25
0 49 0 0 322 314 0 26 322 314 23
0 46 0 0 329 328 0 22 329 328 24
0 57 0 0 334 330 0 30 334 330 27
0 62 0 0 343 335 0 30 343 335 32
0 59 0 0 348 347 0 30 348 347 29
0 63 0 0 361 349 0 31 361 349 32
0 60 0 0 360 370 0 29 360 370 31
0 68 0 0 368 377 0 35 368 377 33
0 71 0 0 380 383 0 34 380 383 37
0 76 0 0 394 380 0 39 394 380 37
0 83 0 0 401 383 0 43 401 383 40
0 66 0 0 415 389 0 33 415 389 33
0 64 0 0 424 401 0 34 424 401 30
0 57 0 0 424 408 0 28 424 408 29
0 30 0 0 434 422 0 15 434 422 15
0 20 0 0 446 437 0 11 446 437 9
0 31 0 0 457 445 0 18 457 445 13
0 39 0 0 465 451 0 20 465 451 19
0 28 0 0 474 467 0 14 474 467 14
0 45 0 0 471 480 0 22 471 480 23
0 38 0 0 477 496 0 19 477 496 19
0 31 0 0 497 498 0 14 497 498 17
0 31 0 0 512 499 0 15 512 499 16
0 24 0 0 534 499 0 11 534 499 13
0 34 0 0 543 499 0 17 543 499 17
0 44 0 0 549 500 0 22 549 500 22
0 40 0 0 559 500 0 20 559 500 20
0 43 0 0 576 498 0 22 576 498 21
0 49 0 0 587 500 0 25 587 500 24
0 51 0 0 594 499 0 25 594 499 26
0 47 0 0 600 500 0 25 600 500 22
0 37 0 0 612 500 0 18 612 500 19
0 41 0 0 630 499 0 22 630 499 19
0 44 0 0 642 499 0 21 642 499 23
0 45 0 0 655 500 0 23 655 500 22
0 39 0 0 672 500 0 19 672 500 20
0 54 0 0 677 499 0 28 677 499 26
0 52 0 0 684 500 0 25 684 500 27
0 53 0 0 698 498 0 27 698 498 26
0 55 0 0 709 496 0 26 709 496 29
0 45 0 0 727 490 0 24 727 490 21
0 48 0 0 736 458 0 23 736 458 25
0 46 0 0 751 422 0 24 751 422 22
0 45 0 0 767 394 0 22 767 394 23
0 44 0 0 778 370 0 23 778 370 21
0 51 0 0 796 356 0 25 796 356 26
0 52 0 0 806 361 0 27 806 361 25
0 60 0 0 814 360 0 29 814 360 31
0 53 0 0 829 359 0 27 829 359 26
0 60 0 0 839 356 0 30 839 356 30
0 51 0 0 843 368 0 25 843 368 26
0 44 0 0 850 378 0 23 850 378 21
0 54 0 0 856 368 0 26 856 368 28
0 54 0 0 870 359 0 28 870 359 26
0 48 0 0 879 369 0 23 879 369 25
0 52 0 0 889 362 0 27 889 362 25
0 48 0 0 906 360 0 23 906 360 25
0 51 0 0 909 369 0 27 909 369 24
0 49 0 0 920 382 0 24 920 382 25
0 47 0 0 943 387 0 25 943 387 22
0 52 0 0 955 394 0 25 955 394 27
0 56 0 0 973 389 0 29 973 389 27
0 56 0 0 986 370 0 28 986 370 28
0 50 0 0 999 359 0 25 999 359 25
0 44 0 0 1000 362 0 21 1000 362 23
0 41 0 0 1000 347 0 21 1000 347 20
0 59 0 0 1000 327 0 30 1000 327 29
0 58 0 0 999 316 0 30 999 316 28
0 66 0 0 998 307 0 34 998 307 32
0 60 0 0 999 301 0 30 999 301 30
0 64 0 0 998 296 0 32 998 296 32
0 73 0 0 998 294 0 35 998 294 38
0 64 0 0 999 294 0 32 999 294 32
0 70 0 0 998 287 0 35 998 287 35
0 75 0 0 1000 288 0 37 1000 288 38
0 82 0 0 998 277 0 41 998 277 41
0 73 0 0 998 292 0 35 998 292 38
0 69 0 0 996 273 0 35 996 273 34
0 62 0 0 998 242 0 28 998 242 34
0 31 0 0 998 209 0 13 998 209 18
0 37 0 0 999 168 0 18 999 168 19
0 39 0 0 999 136 0 18 999 136 21
0 39 0 0 1000 98 0 19 1000 98 20
0 40 0 0 998 66 0 18 998 66 22
0 38 0 0 998 38 0 18 998 38 20
0 49 0 0 999 3 0 23 999 3 26
0 25 0 0 996 0 0 11 996 0 14
0 29 0 0 988 0 0 15 988 0 14
0 44 0 0 975 0 0 22 975 0 22
0 41 0 0 940 1 0 20 940 1 21
0 41 0 0 897 0 0 20 897 0 21
0 46 0 0 851 0 0 23 851 0 23
0 42 0 0 814 3 0 20 814 3 22
0 39 0 0 781 1 0 19 781 1 20
0 47 0 0 754 0 0 23 754 0 24
0 55 0 0 719 9 0 27 719 9 28
0 58 0 0 729 21 0 29 729 21 29
0 69 0 0 725 29 0 34 725 29 35
0 74 0 0 720 41 0 37 720 41 37
0 61 0 0 720 62 0 31 720 62 30
0 65 0 0 719 79 0 32 719 79 33
0 77 0 0 715 89 0 39 715 89 38
0 62 0 0 724 106 0 31 724 106 31
0 61 0 0 727 122 0 30 727 122 31
0 78 0 0 722 129 0 39 722 129 39
0 83 0 0 713 136 0 41 713 136 42
0 64 0 0 721 153 0 32 721 153 32
0 69 0 0 720 166 0 35 720 166 34
0 57 0 0 721 171 0 28 721 171 29
0 34 0 0 723 182 0 17 723 182 17
0 18 0 0 731 193 0 9 731 193 9
0 33 0 0 713 211 0 17 713 211 16
0 36 0 0 719 221 0 18 719 221 18
0 28 0 0 730 190 0 14 730 190 14
0 30 0 0 727 167 0 15 727 167 15
0 33 0 0 726 160 0 17 726 160 16
0 44 0 0 733 144 0 22 733 144 22
0 44 0 0 733 149 0 21 733 149 23
0 57 0 0 723 147 0 28 723 147 29
0 56 0 0 724 151 0 28 724 151 28
0 54 0 0 734 156 0 27 734 156 27
0 65 0 0 742 151 0 33 742 151 32
0 55 0 0 758 158 0 27 758 158 28
0 62 0 0 769 158 0 31 769 158 31
0 60 0 0 779 169 0 28 779 169 32
0 62 0 0 790 164 0 32 790 164 30
0 70 0 0 794 170 0 33 794 170 37
0 71 0 0 800 170 0 36 800 170 35
0 80 0 0 811 162 0 40 811 162 40
0 74 0 0 824 163 0 36 824 163 38
0 77 0 0 833 171 0 38 833 171 39
0 78 0 0 837 173 0 37 837 173 41
0 78 0 0 817 177 0 39 817 177 39
0 68 0 0 819 189 0 35 819 189 33
0 70 0 0 822 178 0 33 822 178 37
0 80 0 0 799 178 0 41 799 178 39
0 67 0 0 788 193 0 32 788 193 35
0 79 0 0 780 195 0 42 780 195 37
0 72 0 0 775 199 0 36 775 199 36
0 67 0 0 773 199 0 32 773 199 35
0 70 0 0 769 196 0 36 769 196 34
0 81 0 0 751 198 0 38 751 198 43
0 80 0 0 751 204 0 41 751 204 39
0 76 0 0 762 200 0 40 762 200 36
0 60 0 0 773 206 0 28 773 206 32
0 49 0 0 782 214 0 25 782 214 24
0 41 0 0 778 214 0 19 778 214 22
0 31 0 0 795 208 0 16 795 208 15
0 33 0 0 798 220 0 15 798 220 18
0 37 0 0 812 216 0 19 812 216 18
0 30 0 0 821 226 0 13 821 226 17
0 32 0 0 836 227 0 16 836 227 16
0 47 0 0 840 218 0 22 840 218 25
0 48 0 0 848 225 0 24 848 225 24
0 42 0 0 858 227 0 20 858 227 22
0 52 0 0 873 218 0 27 873 218 25
0 50 0 0 887 218 0 23 887 218 27
0 47 0 0 898 230 0 25 898 230 22
0 59 0 0 913 223 0 29 913 223 30
0 55 0 0 910 221 0 28 910 221 27
0 47 0 0 881 235 0 23 881 235 24
0 56 0 0 843 239 0 29 843 239 27
0 66 0 0 811 228 0 32 811 228 34
0 67 0 0 775 229 0 33 775 229 34
0 74 0 0 736 231 0 37 736 231 37
0 63 0 0 707 236 0 31 707 236 32
0 60 0 0 680 231 0 30 680 231 30
0 69 0 0 646 235 0 35 646 235 34
0 85 0 0 637 227 0 43 637 227 42
0 71 0 0 649 229 0 35 649 229 36
0 59 0 0 656 237 0 28 656 237 31
0 62 0 0 649 242 0 30 649 242 32
0 70 0 0 648 237 0 35 648 237 35
0 76 0 0 646 233 0 36 646 233 40
0 64 0 0 649 245 0 33 649 245 31
0 79 0 0 646 231 0 39 646 231 40
0 64 0 0 654 240 0 32 654 240 32
0 69 0 0 653 235 0 33 653 235 36
0 72 0 0 652 234 0 35 652 234 37
0 71 0 0 653 234 0 37 653 234 34
0 65 0 0 656 236 0 32 656 236 33
0 68 0 0 645 246 0 35 645 246 33
0 67 0 0 656 235 0 33 656 235 34
0 75 0 0 643 238 0 37 643 238 38
0 81 0 0 643 232 0 41 643 232 40
0 71 0 0 652 235 0 35 652 235 36
0 71 0 0 651 236 0 37 651 236 34
0 64 0 0 651 243 0 32 651 243 32
0 75 0 0 638 245 0 38 638 245 37
0 74 0 0 641 244 0 37 641 244 37
0 84 0 0 642 234 0 41 642 234 43
0 82 0 0 647 237 0 42 647 237 40
0 77 0 0 658 234 0 38 658 234 39
0 73 0 0 665 240 0 36 665 240 37
0 83 0 0 675 236 0 42 675 236 41
0 74 0 0 686 242 0 36 686 242 38
0 75 0 0 690 246 0 38 690 246 37
0 84 0 0 687 241 0 40 687 241 44
0 82 0 0 697 228 0 40 697 228 42
0 76 0 0 701 235 0 39 701 235 37
0 73 0 0 698 247 0 35 698 247 38
0 47 0 0 704 249 0 22 704 249 25
0 28 0 0 717 242 0 14 717 242 14
0 37 0 0 721 238 0 19 721 238 18
0 40 0 0 726 240 0 20 726 240 20
0 28 0 0 743 239 0 14 743 239 14
0 38 0 0 733 241 0 19 733 241 19
0 51 0 0 720 246 0 26 720 246 25
0 51 0 0 721 249 0 25 721 249 26
0 49 0 0 725 248 0 24 725 248 25
0 54 0 0 737 246 0 27 737 246 27
0 58 0 0 738 250 0 29 738 250 29
0 62 0 0 744 248 0 31 744 248 31
0 67 0 0 730 239 0 32 730 239 35
0 66 0 0 735 244 0 33 735 244 33
0 66 0 0 736 246 0 33 736 246 33
0 66 0 0 737 250 0 32 737 250 34
0 68 0 0 737 251 0 35 737 251 33
0 63 0 0 745 253 0 30 745 253 33
0 67 0 0 750 250 0 34 750 250 33
0 76 0 0 743 252 0 37 743 252 39
0 80 0 0 742 248 0 38 742 248 42
0 68 0 0 742 260 0 34 742 260 34
0 76 0 0 746 259 0 37 746 259 39
0 59 0 0 754 261 0 28 754 261 31
0 21 0 0 767 261 0 10 767 261 11
0 29 0 0 760 263 0 13 760 263 16
0 27 0 0 770 262 0 15 770 262 12
0 28 0 0 769 268 0 13 769 268 15
0 35 0 0 766 270 0 17 766 270 18
0 33 0 0 774 269 0 16 774 269 17
0 40 0 0 770 274 0 20 770 274 20
0 36 0 0 773 280 0 17 773 280 19
0 30 0 0 784 282 0 15 784 282 15
0 29 0 0 788 285 0 15 788 285 14
0 43 0 0 786 280 0 21 786 280 22
0 43 0 0 796 276 0 23 796 276 20
0 41 0 0 791 287 0 20 791 287 21
0 39 0 0 805 285 0 21 805 285 18
0 44 0 0 796 293 0 21 796 293 23
0 48 0 0 790 301 0 26 790 301 22
0 42 0 0 802 304 0 20 802 304 22
0 32 0 0 805 314 0 17 805 314 15
0 53 0 0 796 312 0 26 796 312 27
0 47 0 0 813 300 0 24 813 300 23
0 49 0 0 815 305 0 24 815 305 25
0 44 0 0 814 317 0 22 814 317 22
0 53 0 0 813 320 0 26 813 320 27
0 46 0 0 812 331 0 23 812 331 23
0 53 0 0 811 335 0 26 811 335 27
0 53 0 0 812 341 0 26 812 341 27
0 42 0 0 823 348 0 21 823 348 21
0 40 0 0 826 352 0 18 826 352 22
0 40 0 0 835 349 0 20 835 349 20
0 48 0 0 835 349 0 24 835 349 24
0 46 0 0 833 356 0 22 833 356 24
0 52 0 0 824 370 0 26 824 370 26
0 53 0 0 822 375 0 26 822 375 27
0 49 0 0 831 377 0 23 831 377 26
0 51 0 0 842 374 0 26 842 374 25
0 60 0 0 840 374 0 29 840 374 31
0 50 0 0 840 381 0 26 840 381 24
0 46 0 0 855 385 0 22 855 385 24
0 44 0 0 846 401 0 22 846 401 22
0 41 0 0 852 415 0 20 852 415 21
0 48 0 0 852 416 0 24 852 416 24
0 50 0 0 857 415 0 23 857 415 27
0 42 0 0 855 427 0 22 855 427 20
0 54 0 0 852 430 0 25 852 430 29
0 41 0 0 859 440 0 21 859 440 20
0 48 0 0 857 449 0 23 857 449 25
0 52 0 0 855 458 0 26 855 458 26
0 46 0 0 856 469 0 22 856 469 24
0 56 0 0 856 471 0 29 856 471 27
0 57 0 0 848 482 0 28 848 482 29
0 51 0 0 860 490 0 25 860 490 26
0 60 0 0 871 479 0 31 871 479 29
0 64 0 0 868 479 0 30 868 479 34
0 59 0 0 864 492 0 32 864 492 27
0 56 0 0 862 500 0 25 862 500 31
0 45 0 0 873 500 0 24 873 500 21
0 54 0 0 873 497 0 24 873 497 30
0 76 0 0 859 498 0 40 859 498 36
0 71 0 0 865 499 0 34 865 499 37
0 64 0 0 872 499 0 29 872 499 35
0 70 0 0 875 497 0 37 875 497 33
0 68 0 0 873 499 0 32 873 499 36
0 73 0 0 869 499 0 38 869 499 35
0 74 0 0 875 497 0 35 875 497 39
0 88 0 0 876 489 0 43 876 489 45
0 81 0 0 876 497 0 42 876 497 39
0 84 0 0 866 499 0 40 866 499 44
0 67 0 0 878 499 0 34 878 499 33
0 41 0 0 884 499 0 22 884 499 19
0 41 0 0 877 499 0 21 877 499 20
0 40 0 0 880 499 0 20 880 499 20
0 49 0 0 875 498 0 24 875 498 25
0 54 0 0 877 463 0 28 877 463 26
0 52 0 0 876 432 0 25 876 432 27
0 52 0 0 874 406 0 26 874 406 26
0 53 0 0 875 377 0 26 875 377 27
0 51 0 0 885 367 0 26 885 367 25
0 60 0 0 886 360 0 29 886 360 31
0 60 0 0 881 361 0 30 881 361 30
0 65 0 0 879 368 0 32 879 368 33
0 65 0 0 884 365 0 33 884 365 32
0 69 0 0 878 369 0 35 878 369 34
0 65 0 0 886 368 0 31 886 368 34
0 79 0 0 882 360 0 40 882 360 39
0 68 0 0 883 371 0 32 883 371 36
0 76 0 0 879 370 0 39 879 370 37
0 73 0 0 888 367 0 35 888 367 38
0 64 0 0 899 367 0 33 899 367 31
0 80 0 0 890 347 0 40 890 347 40
0 85 0 0 894 330 0 41 894 330 44
0 74 0 0 890 347 0 37 890 347 37
0 78 0 0 885 358 0 37 885 358 41
0 73 0 0 895 368 0 37 895 368 36
0 72 0 0 897 376 0 36 897 376 36
0 80 0 0 897 385 0 39 897 385 41
0 89 0 0 879 402 0 46 879 402 43
0 81 0 0 884 413 0 40 884 413 41
0 75 0 0 896 427 0 37 896 427 38
0 60 0 0 894 442 0 30 894 442 30
0 41 0 0 886 440 0 19 886 440 22
0 33 0 0 894 420 0 17 894 420 16
0 42 0 0 894 394 0 20 894 394 22
0 53 0 0 894 356 0 27 894 356 26
0 54 0 0 898 318 0 26 898 318 28
0 49 0 0 902 289 0 26 902 289 23
0 51 0 0 902 257 0 24 902 257 27
0 57 0 0 896 270 0 29 896 270 28
0 67 0 0 904 270 0 33 904 270 34
0 49 0 0 914 283 0 25 914 283 24
0 67 0 0 906 289 0 33 906 289 34
0 59 0 0 916 294 0 30 916 294 29
0 68 0 0 914 281 0 34 914 281 34
0 70 0 0 917 257 0 34 917 257 36
0 68 0 0 910 269 0 35 910 269 33
0 58 0 0 920 273 0 28 920 273 30
0 67 0 0 921 269 0 33 921 269 34
0 67 0 0 916 278 0 33 916 278 34
0 76 0 0 922 269 0 37 922 269 39
0 75 0 0 919 277 0 38 919 277 37
0 77 0 0 923 278 0 38 923 278 39
0 74 0 0 923 261 0 37 923 261 37
0 74 0 0 926 234 0 36 926 234 38
0 80 0 0 923 207 0 39 923 207 41
0 81 0 0 931 187 0 41 931 187 40
0 80 0 0 939 184 0 38 939 184 42
0 86 0 0 952 170 0 43 952 170 43
0 85 0 0 943 172 0 43 943 172 42
0 80 0 0 943 180 0 38 943 180 42
0 63 0 0 954 189 0 33 954 189 30
0 64 0 0 942 187 0 31 942 187 33
0 30 0 0 947 202 0 16 947 202 14
0 25 0 0 953 218 0 13 953 218 12
0 37 0 0 964 206 0 19 964 206 18
0 48 0 0 972 197 0 24 972 197 24
0 50 0 0 971 200 0 24 971 200 26
0 43 0 0 969 212 0 21 969 212 22
0 46 0 0 966 226 0 23 966 226 23
0 43 0 0 978 225 0 21 978 225 22
0 52 0 0 981 224 0 26 981 224 26
0 43 0 0 987 234 0 22 987 234 21
0 53 0 0 991 228 0 27 991 228 26
0 61 0 0 995 225 0 30 995 225 31
0 60 0 0 999 226 0 31 999 226 29
0 66 0 0 993 234 0 32 993 234 34
0 66 0 0 989 242 0 34 989 242 32
0 77 0 0 985 244 0 38 985 244 39
0 69 0 0 992 248 0 35 992 248 34
0 65 0 0 998 255 0 33 998 255 32
0 78 0 0 998 247 0 39 998 247 39
0 74 0 0 1000 248 0 37 1000 248 37
0 62 0 0 1000 255 0 31 1000 255 31
0 80 0 0 996 250 0 40 996 250 40
0 83 0 0 996 254 0 41 996 254 42
0 76 0 0 999 259 0 37 999 259 39
0 75 0 0 1000 261 0 37 1000 261 38
0 75 0 0 999 247 0 33 999 247 42
0 60 0 0 999 248 0 20 999 248 40
0 69 0 0 995 242 0 34 995 242 35
0 64 0 0 999 250 0 26 999 250 38
0 51 0 0 999 263 0 23 999 263 28
0 57 0 0 995 266 0 24 995 266 33
0 63 0 0 997 266 0 25 997 266 38
0 76 0 0 1000 252 0 36 1000 252 40
0 71 0 0 996 264 0 28 996 264 43
0 64 0 0 999 268 0 29 999 268 35
0 57 0 0 1000 274 0 24 1000 274 33
0 64 0 0 1000 267 0 29 1000 267 35
0 75 0 0 996 266 0 33 996 266 42
0 74 0 0 999 264 0 29 999 264 45
0 73 0 0 1000 264 0 35 1000 264 38
0 73 0 0 998 268 0 30 998 268 43
0 77 0 0 997 268 0 34 997 268 43
0 71 0 0 998 275 0 34 998 275 37
0 78 0 0 999 268 0 33 999 268 45
0 79 0 0 990 275 0 36 990 275 43
0 72 0 0 966 275 0 32 966 275 40
0 85 0 0 940 254 0 37 940 254 48
0 70 0 0 913 264 0 33 913 264 37
0 70 0 0 878 279 0 30 878 279 40
0 60 0 0 846 285 0 25 846 285 35
0 52 0 0 817 280 0 18 817 280 34
0 59 0 0 784 274 0 23 784 274 36
0 59 0 0 751 278 0 23 751 278 36
0 53 0 0 717 288 0 19 717 288 34
0 57 0 0 686 281 0 23 686 281 34
0 47 0 0 673 286 0 16 673 286 31
0 55 0 0 675 277 0 24 675 277 31
0 70 0 0 673 268 0 25 673 268 45
0 69 0 0 668 274 0 31 668 274 38
0 60 0 0 680 274 0 24 680 274 36
0 51 0 0 673 291 0 24 673 291 27
0 63 0 0 664 285 0 27 664 285 36
0 71 0 0 668 278 0 27 668 278 44
0 59 0 0 674 287 0 26 674 287 33
0 60 0 0 672 288 0 24 672 288 36
0 61 0 0 666 295 0 25 666 295 36
0 72 0 0 668 283 0 30 668 283 42
0 74 0 0 671 281 0 31 671 281 43
0 55 0 0 683 288 0 25 683 288 30
0 62 0 0 668 295 0 27 668 295 35
0 69 0 0 675 281 0 30 675 281 39
0 78 0 0 675 276 0 32 675 276 46
0 77 0 0 670 287 0 32 670 287 45
0 74 0 0 672 288 0 30 672 288 44
0 90 0 0 664 280 0 36 664 280 54
0 82 0 0 660 285 0 35 660 285 47
0 69 0 0 672 288 0 28 672 288 41
0 72 0 0 650 281 0 30 650 281 42
0 40 0 0 642 284 0 19 642 284 21
0 49 0 0 645 280 0 18 645 280 31
0 37 0 0 661 285 0 18 661 285 19
0 41 0 0 669 289 0 16 669 289 25
0 52 0 0 670 294 0 23 670 294 29
0 44 0 0 681 292 0 17 681 292 27
0 47 0 0 694 288 0 21 694 288 26
0 46 0 0 702 296 0 18 702 296 28
0 46 0 0 721 289 0 20 721 289 26
0 50 0 0 735 285 0 20 735 285 30
0 54 0 0 752 286 0 24 752 286 30
0 62 0 0 762 289 0 26 762 289 36
0 57 0 0 782 291 0 25 782 291 32
0 69 0 0 791 285 0 30 791 285 39
0 77 0 0 794 291 0 30 794 291 47
0 64 0 0 804 286 0 26 804 286 38
0 62 0 0 783 290 0 28 783 290 34
0 70 0 0 756 294 0 29 756 294 41
0 86 0 0 729 296 0 36 729 296 50
0 79 0 0 717 288 0 31 717 288 48
0 73 0 0 697 294 0 30 697 294 43
0 78 0 0 670 305 0 32 670 305 46
0 50 0 0 639 313 0 21 639 313 29
0 32 0 0 605 302 0 9 605 302 23
0 35 0 0 576 304 0 13 576 304 22
0 36 0 0 548 302 0 14 548 302 22
0 33 0 0 524 306 0 16 524 306 17
0 41 0 0 493 305 0 16 493 305 25
0 43 0 0 460 312 0 19 460 312 24
0 50 0 0 468 315 0 20 468 315 30
0 44 0 0 482 317 0 19 482 317 25
0 36 0 0 493 320 0 15 493 320 21
0 46 0 0 504 320 0 20 504 320 26
0 55 0 0 517 316 0 23 517 316 32
0 53 0 0 477 331 0 22 477 331 31
0 44 0 0 453 340 0 17 453 340 27
0 56 0 0 414 332 0 23 414 332 33
0 56 0 0 380 336 0 24 380 336 32
0 40 0 0 354 345 0 16 354 345 24
0 52 0 0 334 334 0 23 334 334 29
0 49 0 0 328 346 0 18 328 346 31
0 42 0 0 336 351 0 19 336 351 23
0 51 0 0 328 351 0 19 328 351 32
0 56 0 0 328 352 0 23 328 352 33
0 55 0 0 334 349 0 23 334 349 32
0 56 0 0 324 363 0 24 324 363 32
0 56 0 0 330 363 0 23 330 363 33
0 62 0 0 322 367 0 26 322 367 36
0 57 0 0 321 377 0 23 321 377 34
0 61 0 0 323 378 0 25 323 378 36
0 57 0 0 330 378 0 24 330 378 33
0 70 0 0 330 371 0 29 330 371 41
0 72 0 0 330 375 0 29 330 375 43
0 61 0 0 336 383 0 26 336 383 35
0 49 0 0 350 387 0 20 350 387 29
0 45 0 0 347 399 0 20 347 399 25
0 57 0 0 339 405 0 22 339 405 35
0 68 0 0 336 405 0 28 336 405 40
0 62 0 0 330 417 0 25 330 417 37
0 52 0 0 335 434 0 21 335 434 31
0 58 0 0 335 432 0 25 335 432 33
0 44 0 0 342 445 0 17 342 445 27
0 48 0 0 329 457 0 21 329 457 27
0 55 0 0 342 446 0 21 342 446 34
0 55 0 0 356 446 0 25 356 446 30
0 55 0 0 364 460 0 22 364 460 33
0 50 0 0 372 480 0 23 372 480 27
0 71 0 0 375 466 0 30 375 466 41
0 58 0 0 385 476 0 23 385 476 35
0 56 0 0 397 484 0 24 397 484 32
0 57 0 0 395 497 0 24 395 497 33
0 60 0 0 406 494 0 27 406 494 33
0 54 0 0 406 499 0 21 406 499 33
0 62 0 0 405 496 0 27 405 496 35
0 74 0 0 397 497 0 30 397 497 44
0 64 0 0 404 496 0 28 404 496 36
0 71 0 0 412 493 0 31 412 493 40
0 56 0 0 420 496 0 23 420 496 33
0 68 0 0 424 492 0 31 424 492 37
0 77 0 0 421 497 0 31 421 497 46
0 64 0 0 424 499 0 30 424 499 34
0 70 0 0 428 495 0 30 428 495 40
0 76 0 0 424 499 0 32 424 499 44
0 68 0 0 432 498 0 33 432 498 35
0 72 0 0 441 498 0 29 441 498 43
0 72 0 0 445 499 0 34 445 499 38
0 80 0 0 438 499 0 35 438 499 45
0 83 0 0 441 497 0 36 441 497 47
0 80 0 0 453 499 0 39 453 499 41
0 92 0 0 443 484 0 39 443 484 53
0 74 0 0 454 454 0 32 454 454 42
0 65 0 0 468 422 0 30 468 422 35
0 79 0 0 461 378 0 33 461 378 46
0 46 0 0 471 335 0 24 471 335 22
0 40 0 0 459 329 0 19 459 329 21
0 35 0 0 464 336 0 17 464 336 18
0 42 0 0 468 333 0 19 468 333 23
0 54 0 0 469 320 0 24 469 320 30
0 49 0 0 467 331 0 23 467 331 26
0 51 0 0 467 335 0 21 467 335 30
0 63 0 0 455 340 0 30 455 340 33
0 67 0 0 462 333 0 28 462 333 39
0 68 0 0 465 333 0 32 465 333 36
0 69 0 0 470 330 0 30 470 330 39
0 62 0 0 478 334 0 27 478 334 35
0 73 0 0 466 340 0 35 466 340 38
0 73 0 0 470 349 0 31 470 349 42
0 71 0 0 474 366 0 33 474 366 38
0 70 0 0 485 377 0 31 485 377 39
0 80 0 0 479 389 0 36 479 389 44
0 65 0 0 482 415 0 31 482 415 34
0 69 0 0 485 430 0 31 485 430 38
0 85 0 0 489 435 0 39 489 435 46
0 92 0 0 479 438 0 39 479 438 53
0 86 0 0 488 436 0 39 488 436 47
0 86 0 0 485 443 0 39 485 443 47
0 91 0 0 485 438 0 40 485 438 51
0 91 0 0 481 439 0 41 481 439 50
0 81 0 0 485 435 0 37 485 435 44
0 78 0 0 477 444 0 35 477 444 43
0 53 0 0 487 448 0 26 487 448 27
0 27 0 0 492 465 0 9 492 465 18
0 42 0 0 480 472 0 21 480 472 21
0 39 0 0 478 478 0 15 478 478 24
0 33 0 0 492 481 0 16 492 481 17
0 33 0 0 500 479 0 12 500 479 21
0 38 0 0 489 490 0 19 489 490 19
0 40 0 0 494 490 0 16 494 490 24
0 43 0 0 491 491 0 20 491 491 23
0 42 0 0 501 491 0 17 501 491 25
0 60 0 0 489 488 0 28 489 488 32
0 58 0 0 508 480 0 25 508 480 33
0 62 0 0 493 490 0 29 493 490 33
0 58 0 0 490 499 0 25 490 499 33
0 62 0 0 486 499 0 28 486 499 34
0 60 0 0 488 500 0 27 488 500 33
0 63 0 0 497 495 0 27 497 495 36
0 62 0 0 497 499 0 30 497 499 32
0 72 0 0 490 498 0 32 490 498 40
0 67 0 0 491 500 0 31 491 500 36
0 60 0 0 492 500 0 26 492 500 34
0 64 0 0 492 499 0 29 492 499 35
0 71 0 0 487 496 0 33 487 496 38
0 68 0 0 493 499 0 29 493 499 39
0 69 0 0 487 498 0 31 487 498 38
0 60 0 0 495 499 0 26 495 499 34
0 67 0 0 491 495 0 30 491 495 37
0 69 0 0 490 497 0 32 490 497 37
0 72 0 0 492 494 0 32 492 494 40
0 69 0 0 491 500 0 32 491 500 37
0 64 0 0 500 496 0 28 500 496 36
0 65 0 0 508 469 0 29 508 469 36
0 71 0 0 507 429 0 32 507 429 39
0 61 0 0 503 401 0 27 503 401 34
0 61 0 0 494 377 0 28 494 377 33
0 68 0 0 503 340 0 31 503 340 37
0 72 0 0 493 333 0 33 493 333 39
0 62 0 0 499 338 0 27 499 338 35
0 56 0 0 509 336 0 25 509 336 31
0 61 0 0 504 334 0 27 504 334 34
0 65 0 0 498 340 0 29 498 340 36
0 67 0 0 502 334 0 31 502 334 36
0 67 0 0 508 329 0 29 508 329 38
0 73 0 0 512 319 0 33 512 319 40
0 65 0 0 507 333 0 28 507 333 37
0 59 0 0 509 340 0 26 509 340 33
0 70 0 0 502 334 0 32 502 334 38
0 60 0 0 522 328 0 26 522 328 34
0 64 0 0 515 334 0 31 515 334 33
0 69 0 0 517 338 0 31 517 338 38
0 49 0 0 527 353 0 24 527 353 25
0 74 0 0 508 355 0 33 508 355 41
0 67 0 0 516 367 0 29 516 367 38
0 72 0 0 512 380 0 33 512 380 39
0 61 0 0 522 386 0 26 522 386 35
0 65 0 0 518 389 0 31 518 389 34
0 69 0 0 516 389 0 32 516 389 37
0 74 0 0 522 382 0 34 522 382 40
0 73 0 0 541 367 0 34 541 367 39
0 73 0 0 540 369 0 32 540 369 41
0 70 0 0 532 383 0 34 532 383 36
0 74 0 0 536 391 0 33 536 391 41
0 78 0 0 537 400 0 35 537 400 43
0 78 0 0 539 401 0 36 539 401 42
0 87 0 0 541 398 0 39 541 398 48
0 81 0 0 542 408 0 38 542 408 43
0 92 0 0 540 404 0 43 540 404 49
0 75 0 0 548 412 0 34 548 412 41
0 72 0 0 561 408 0 35 561 408 37
0 77 0 0 554 407 0 36 554 407 41
0 51 0 0 552 409 0 23 552 409 28
0 50 0 0 559 406 0 24 559 406 26
0 54 0 0 562 406 0 26 562 406 28
0 51 0 0 564 417 0 22 564 417 29
0 54 0 0 567 421 0 25 567 421 29
0 61 0 0 559 428 0 29 559 428 32
0 60 0 0 567 432 0 29 567 432 31
0 46 0 0 585 432 0 21 585 432 25
0 71 0 0 575 428 0 34 575 428 37
0 71 0 0 583 425 0 33 583 425 38
0 72 0 0 587 433 0 34 587 433 38
0 65 0 0 592 440 0 32 592 440 33
0 82 0 0 600 426 0 38 600 426 44
0 73 0 0 603 438 0 34 603 438 39
0 73 0 0 615 437 0 33 615 437 40
0 74 0 0 624 434 0 34 624 434 40
0 80 0 0 618 442 0 39 618 442 41
0 82 0 0 613 453 0 38 613 453 44
0 89 0 0 616 450 0 42 616 450 47
0 80 0 0 621 449 0 36 621 449 44
0 67 0 0 637 447 0 28 637 447 39
0 69 0 0 646 451 0 32 646 451 37
0 55 0 0 645 453 0 25 645 453 30
0 43 0 0 651 446 0 18 651 446 25
0 30 0 0 664 459 0 13 664 459 17
0 45 0 0 665 456 0 20 665 456 25
0 42 0 0 663 459 0 18 663 459 24
0 51 0 0 668 455 0 25 668 455 26
0 50 0 0 681 449 0 22 681 449 28
0 48 0 0 696 447 0 25 696 447 23
0 42 0 0 711 460 0 19 711 460 23
0 43 0 0 712 466 0 22 712 466 21
0 54 0 0 717 457 0 23 717 457 31
0 49 0 0 728 459 0 26 728 459 23
0 65 0 0 724 456 0 29 724 456 36
0 57 0 0 735 458 0 26 735 458 31
0 47 0 0 741 475 0 21 741 475 26
0 57 0 0 755 459 0 25 755 459 32
0 49 0 0 761 472 0 23 761 472 26
0 47 0 0 775 474 0 21 775 474 26
0 59 0 0 780 466 0 29 780 466 30
0 68 0 0 786 458 0 30 786 458 38
0 63 0 0 795 464 0 32 795 464 31
0 66 0 0 810 458 0 28 810 458 38
0 61 0 0 815 463 0 31 815 463 30
0 63 0 0 818 466 0 27 818 466 36
0 69 0 0 825 462 0 32 825 462 37
0 60 0 0 839 465 0 29 839 465 31
0 50 0 0 852 476 0 22 852 476 28
0 52 0 0 862 474 0 26 862 474 26
0 69 0 0 866 459 0 29 866 459 40
0 61 0 0 875 469 0 31 875 469 30
0 59 0 0 888 468 0 25 888 468 34
0 56 0 0 900 474 0 28 900 474 28
0 72 0 0 911 458 0 32 911 458 40
0 61 0 0 919 461 0 28 919 461 33
0 59 0 0 926 471 0 28 926 471 31
0 54 0 0 936 477 0 24 936 477 30
0 50 0 0 960 470 0 25 960 470 25
0 58 0 0 960 474 0 26 960 474 32
0 53 0 0 975 469 0 26 975 469 27
0 63 0 0 983 466 0 27 983 466 36
0 58 0 0 985 477 0 29 985 477 29
0 56 0 0 995 476 0 25 995 476 31
0 62 0 0 999 473 0 30 999 473 32
0 65 0 0 996 478 0 30 996 478 35
0 59 0 0 1000 478 0 27 1000 478 32
0 68 0 0 1000 460 0 33 1000 460 35
0 56 0 0 997 472 0 25 997 472 31
0 47 0 0 998 489 0 23 998 489 24
0 60 0 0 998 477 0 27 998 477 33
0 66 0 0 999 466 0 30 999 466 36
0 64 0 0 1000 469 0 30 1000 469 34
0 60 0 0 1000 479 0 28 1000 479 32
0 66 0 0 996 479 0 31 996 479 35
0 60 0 0 999 479 0 27 999 479 33
0 75 0 0 999 465 0 35 999 465 40
0 68 0 0 998 466 0 31 998 466 37
0 77 0 0 997 466 0 36 997 466 41
0 74 0 0 999 472 0 35 999 472 39
0 75 0 0 999 466 0 36 999 466 39
0 67 0 0 1000 476 0 31 1000 476 36
0 49 0 0 1000 482 0 23 1000 482 26
0 37 0 0 998 481 0 17 998 481 20
0 25 0 0 1000 485 0 12 1000 485 13
0 34 0 0 999 486 0 15 999 486 19
0 37 0 0 999 489 0 18 999 489 19
0 39 0 0 998 487 0 18 998 487 21
0 48 0 0 999 484 0 23 999 484 25
0 45 0 0 997 496 0 20 997 496 25
0 46 0 0 999 497 0 22 999 497 24
0 44 0 0 1000 496 0 20 1000 496 24
0 49 0 0 997 489 0 23 997 489 26
0 52 0 0 999 492 0 23 999 492 29
0 64 0 0 998 484 0 32 998 484 32
0 58 0 0 998 493 0 27 998 493 31
0 62 0 0 996 496 0 30 996 496 32
0 64 0 0 1000 490 0 31 1000 490 33
0 68 0 0 998 498 0 32 998 498 36
0 75 0 0 966 496 0 37 966 496 38
0 69 0 0 926 500 0 32 926 500 37
0 71 0 0 892 495 0 35 892 495 36
0 70 0 0 859 492 0 33 859 492 37
0 65 0 0 831 497 0 29 831 497 36
0 68 0 0 794 497 0 32 794 497 36
0 79 0 0 770 490 0 37 770 490 42
0 80 0 0 764 493 0 38 764 493 42
0 77 0 0 770 469 0 37 770 469 40
0 65 0 0 778 442 0 31 778 442 34
0 64 0 0 779 412 0 31 779 412 33
0 40 0 0 772 387 0 18 772 387 22
0 31 0 0 766 356 0 15 766 356 16
0 33 0 0 771 331 0 17 771 331 16
0 29 0 0 779 330 0 13 779 330 16
0 23 0 0 781 335 0 11 781 335 12
0 22 0 0 778 341 0 11 778 341 11
0 38 0 0 773 333 0 18 773 333 20
0 40 0 0 772 333 0 20 772 333 20
0 45 0 0 776 328 0 22 776 328 23
0 49 0 0 764 337 0 25 764 337 24
0 52 0 0 764 336 0 26 764 336 26
0 51 0 0 764 335 0 25 764 335 26
0 51 0 0 779 325 0 26 779 325 25
0 50 0 0 771 331 0 24 771 331 26
0 45 0 0 770 345 0 22 770 345 23
0 52 0 0 764 362 0 24 764 362 28
0 51 0 0 767 362 0 26 767 362 25
0 65 0 0 769 347 0 30 769 347 35
0 52 0 0 776 355 0 29 776 355 23
0 48 0 0 776 358 0 22 776 358 26
0 55 0 0 763 368 0 30 763 368 25
0 65 0 0 746 358 0 32 746 358 33
0 49 0 0 761 361 0 26 761 361 23
0 53 0 0 777 355 0 28 777 355 25
0 67 0 0 789 346 0 34 789 346 33
0 52 0 0 806 359 0 27 806 359 25
0 59 0 0 816 367 0 29 816 367 30
0 59 0 0 826 380 0 32 826 380 27
0 66 0 0 833 389 0 32 833 389 34
0 63 0 0 839 390 0 33 839 390 30
0 63 0 0 853 390 0 32 853 390 31
0 55 0 0 867 397 0 29 867 397 26
0 56 0 0 877 401 0 30 877 401 26
0 52 0 0 887 408 0 27 887 408 25
0 51 0 0 901 412 0 27 901 412 24
0 64 0 0 903 409 0 31 903 409 33
0 74 0 0 899 412 0 40 899 412 34
0 52 0 0 916 413 0 25 916 413 27
0 54 0 0 924 421 0 28 924 421 26
0 54 0 0 940 420 0 28 940 420 26
0 61 0 0 949 419 0 32 949 419 29
0 65 0 0 953 416 0 34 953 416 31
0 62 0 0 933 428 0 31 933 428 31
0 56 0 0 921 433 0 30 921 433 26
0 58 0 0 901 434 0 28 901 434 30
0 53 0 0 892 443 0 28 892 443 25
0 65 0 0 863 441 0 31 863 441 34
0 62 0 0 839 438 0 33 839 438 29
0 63 0 0 804 452 0 31 804 452 32
0 71 0 0 768 451 0 36 768 451 35
0 57 0 0 735 463 0 30 735 463 27
0 63 0 0 700 456 0 31 700 456 32
0 59 0 0 669 466 0 31 669 466 28
0 57 0 0 639 464 0 28 639 464 29
0 80 0 0 601 456 0 41 601 456 39
0 72 0 0 566 463 0 37 566 463 35
0 76 0 0 530 468 0 37 530 468 39
0 69 0 0 515 467 0 35 515 467 34
0 65 0 0 525 468 0 31 525 468 34
0 74 0 0 514 475 0 38 514 475 36
0 74 0 0 514 482 0 35 514 482 39
0 65 0 0 522 490 0 33 522 490 32
0 69 0 0 534 484 0 34 534 484 35
0 84 0 0 536 476 0 40 536 476 44
0 82 0 0 535 487 0 41 535 487 41
0 82 0 0 539 490 0 39 539 490 43
0 83 0 0 528 493 0 41 528 493 42
0 65 0 0 537 497 0 32 537 497 33
0 83 0 0 544 483 0 39 544 483 44
0 63 0 0 552 493 0 31 552 493 32
0 28 0 0 563 500 0 14 563 500 14
0 31 0 0 574 497 0 15 574 497 16
0 47 0 0 562 500 0 24 562 500 23
0 51 0 0 565 493 0 25 565 493 26
0 45 0 0 575 491 0 22 575 491 23
0 55 0 0 575 485 0 26 575 485 29
0 49 0 0 573 492 0 25 573 492 24
0 57 0 0 573 488 0 26 573 488 31
0 49 0 0 570 498 0 25 570 498 24
0 59 0 0 556 497 0 29 556 497 30
0 66 0 0 527 493 0 33 527 493 33
0 58 0 0 491 499 0 29 491 499 29
0 63 0 0 463 485 0 31 463 485 32
0 79 0 0 433 472 0 38 433 472 41
0 69 0 0 402 486 0 33 402 486 36
0 74 0 0 370 457 0 38 370 457 36
0 69 0 0 337 433 0 34 337 433 35
0 67 0 0 306 406 0 33 306 406 34
0 71 0 0 279 378 0 34 279 378 37
0 80 0 0 247 344 0 40 247 344 40
0 85 0 0 212 333 0 43 212 333 42
0 78 0 0 177 330 0 39 177 330 39
0 68 0 0 146 339 0 33 146 339 35
0 71 0 0 115 335 0 35 115 335 36
0 51 0 0 79 336 0 26 79 336 25
0 33 0 0 47 329 0 17 47 329 16
0 51 0 0 12 325 0 24 12 325 27
0 20 0 0 0 329 0 11 0 329 9
0 11 0 0 0 319 0 5 0 319 6
0 7 0 0 0 318 0 4 0 318 3
0 7 0 0 0 320 0 4 0 320 3
0 12 0 0 0 318 0 6 0 318 6
0 17 0 0 0 322 0 9 0 322 8
0 16 0 0 1 322 0 8 1 322 8
0 22 0 0 0 332 0 11 0 332 11
0 36 0 0 12 331 0 17 12 331 19
0 42 0 0 3 340 0 21 3 340 21
0 46 0 0 23 342 0 22 23 342 24
0 52 0 0 29 348 0 25 29 348 27
0 43 0 0 42 364 0 21 42 364 22
0 49 0 0 59 362 0 24 59 362 25
0 50 0 0 72 365 0 26 72 365 24
0 57 0 0 86 361 0 27 86 361 30
0 63 0 0 91 368 0 33 91 368 30
0 55 0 0 107 369 0 25 107 369 30
0 56 0 0 117 376 0 28 117 376 28
0 47 0 0 129 381 0 22 129 381 25
0 51 0 0 141 378 0 26 141 378 25
0 62 0 0 148 376 0 29 148 376 33
0 56 0 0 164 373 0 28 164 373 28
0 71 0 0 173 365 0 34 173 365 37
0 69 0 0 181 372 0 32 181 372 37
0 67 0 0 192 378 0 35 192 378 32
0 58 0 0 201 388 0 27 201 388 31
0 53 0 0 192 391 0 27 192 391 26
0 61 0 0 157 392 0 28 157 392 33
0 63 0 0 145 396 0 31 145 396 32
0 62 0 0 143 401 0 31 143 401 31
0 56 0 0 152 397 0 27 152 397 29
0 63 0 0 146 398 0 33 146 398 30
0 65 0 0 148 395 0 30 148 395 35
0 58 0 0 162 394 0 30 162 394 28
0 52 0 0 161 405 0 24 161 405 28
0 61 0 0 163 397 0 30 163 397 31
0 68 0 0 160 397 0 32 160 397 36
0 62 0 0 164 403 0 31 164 403 31
0 62 0 0 170 399 0 32 170 399 30
0 53 0 0 168 410 0 24 168 410 29
0 62 0 0 170 407 0 32 170 407 30
0 65 0 0 162 411 0 30 162 411 35
0 62 0 0 172 411 0 31 172 411 31
0 72 0 0 168 412 0 35 168 412 37
0 74 0 0 165 413 0 35 165 413 39
0 50 0 0 187 417 0 26 187 417 24
0 43 0 0 195 424 0 21 195 424 22
0 77 0 0 174 417 0 39 174 417 38
0 74 0 0 172 408 0 36 172 408 38
0 55 0 0 186 412 0 27 186 412 28
0 47 0 0 200 420 0 24 200 420 23
0 37 0 0 196 420 0 18 196 420 19
0 22 0 0 192 424 0 11 192 424 11
0 25 0 0 203 420 0 12 203 420 13
0 31 0 0 206 416 0 14 206 416 17
0 23 0 0 220 417 0 12 220 417 11
0 29 0 0 212 424 0 15 212 424 14
0 34 0 0 218 417 0 18 218 417 16
0 29 0 0 225 418 0 14 225 418 15
0 35 0 0 212 428 0 17 212 428 18
0 47 0 0 214 420 0 23 214 420 24
0 42 0 0 212 433 0 20 212 433 22
0 47 0 0 216 425 0 23 216 425 24
0 46 0 0 208 440 0 23 208 440 23
0 48 0 0 211 433 0 23 211 433 25
0 61 0 0 217 423 0 30 217 423 31
0 55 0 0 216 431 0 27 216 431 28
0 51 0 0 227 428 0 27 227 428 24
0 52 0 0 229 429 0 26 229 429 26
0 49 0 0 232 430 0 26 232 430 23
0 57 0 0 222 434 0 27 222 434 30
0 66 0 0 224 422 0 33 224 422 33
0 61 0 0 231 423 0 29 231 423 32
0 64 0 0 227 426 0 33 227 426 31
0 65 0 0 225 432 0 31 225 432 34
0 73 0 0 219 429 0 35 219 429 38
0 70 0 0 222 431 0 36 222 431 34
0 68 0 0 228 427 0 32 228 427 36
0 69 0 0 228 428 0 35 228 428 34
0 68 0 0 237 422 0 33 237 422 35
0 55 0 0 242 430 0 27 242 430 28
0 57 0 0 235 436 0 29 235 436 28
0 59 0 0 233 436 0 28 233 436 31
0 59 0 0 240 431 0 31 240 431 28
0 68 0 0 245 418 0 32 245 418 36
0 61 0 0 240 428 0 32 240 428 29
0 59 0 0 239 433 0 28 239 433 31
0 72 0 0 231 429 0 36 231 429 36
0 71 0 0 225 434 0 36 225 434 35
0 64 0 0 237 431 0 31 237 431 33
0 58 0 0 237 438 0 30 237 438 28
0 53 0 0 252 430 0 26 252 430 27
0 59 0 0 236 438 0 30 236 438 29
0 64 0 0 226 444 0 30 226 444 34
0 60 0 0 228 445 0 31 228 445 29
0 71 0 0 233 432 0 34 233 432 37
0 72 0 0 238 427 0 34 238 427 38
0 60 0 0 243 433 0 31 243 433 29
0 55 0 0 238 447 0 26 238 447 29
0 74 0 0 229 437 0 37 229 437 37
0 62 0 0 237 439 0 30 237 439 32
0 61 0 0 242 440 0 31 242 440 30
0 71 0 0 231 440 0 35 231 440 36
0 70 0 0 227 448 0 34 227 448 36
0 73 0 0 231 440 0 37 231 440 36
0 65 0 0 240 444 0 31 240 444 34
0 62 0 0 234 452 0 32 234 452 30
0 64 0 0 233 452 0 30 233 452 34
0 62 0 0 251 441 0 31 251 441 31
0 76 0 0 230 448 0 38 230 448 38
0 78 0 0 230 448 0 38 230 448 40
0 68 0 0 238 456 0 34 238 456 34
0 62 0 0 242 461 0 30 242 461 32
0 74 0 0 234 457 0 37 234 457 37
0 67 0 0 249 454 0 33 249 454 34
0 74 0 0 240 459 0 37 240 459 37
0 88 0 0 236 451 0 44 236 451 44
0 72 0 0 239 463 0 35 239 463 37
0 75 0 0 247 464 0 38 247 464 37
0 64 0 0 244 466 0 32 244 466 32
0 38 0 0 238 464 0 19 238 464 19
0 35 0 0 236 477 0 18 236 477 17
0 38 0 0 242 474 0 19 242 474 19
0 44 0 0 249 468 0 22 249 468 22
0 43 0 0 252 473 0 21 252 473 22
0 52 0 0 252 470 0 26 252 470 26
0 58 0 0 236 487 0 29 236 487 29
0 50 0 0 252 487 0 24 252 487 26
0 49 0 0 261 487 0 24 261 487 25
0 62 0 0 248 493 0 30 248 493 32
0 62 0 0 245 497 0 31 245 497 31
0 63 0 0 250 495 0 31 250 495 32
0 67 0 0 256 493 0 33 256 493 34
0 69 0 0 258 493 0 34 258 493 35
0 68 0 0 254 499 0 33 254 499 35
0 66 0 0 260 497 0 33 260 497 33
0 71 0 0 256 500 0 35 256 500 36
0 81 0 0 258 492 0 41 258 492 40
0 76 0 0 265 498 0 38 265 498 38
0 70 0 0 264 500 0 34 264 500 36
0 69 0 0 271 495 0 34 271 495 35
0 79 0 0 261 498 0 39 261 498 40
0 85 0 0 258 495 0 42 258 495 43
0 84 0 0 270 493 0 42 270 493 42
0 76 0 0 280 499 0 37 280 499 39
0 74 0 0 278 500 0 37 278 500 37
0 77 0 0 280 496 0 38 280 496 39
0 75 0 0 296 491 0 38 296 491 37
0 84 0 0 285 473 0 42 285 473 42
0 87 0 0 279 444 0 44 279 444 43
0 82 0 0 280 417 0 39 280 417 43
0 77 0 0 301 377 0 38 301 377 39
0 62 0 0 309 350 0 31 309 350 31
0 57 0 0 294 343 0 26 294 343 31
0 26 0 0 309 334 0 16 309 334 10
0 27 0 0 309 336 0 11 309 336 16
0 46 0 0 307 326 0 26 307 326 20
0 46 0 0 309 333 0 20 309 333 26
0 55 0 0 310 331 0 28 310 331 27
0 54 0 0 319 326 0 25 319 326 29
0 58 0 0 321 328 0 30 321 328 28
0 51 0 0 325 341 0 24 325 341 27
0 53 0 0 336 331 0 25 336 331 28
0 62 0 0 340 326 0 32 340 326 30
0 55 0 0 345 335 0 25 345 335 30
0 64 0 0 341 349 0 35 341 349 29
0 61 0 0 351 358 0 27 351 358 34
0 69 0 0 354 366 0 36 354 366 33
0 64 0 0 361 379 0 31 361 379 33
0 69 0 0 368 385 0 35 368 385 34
0 70 0 0 366 393 0 35 366 393 35
0 83 0 0 363 390 0 38 363 390 45
0 77 0 0 374 385 0 41 374 385 36
0 75 0 0 378 387 0 36 378 387 39
0 64 0 0 396 387 0 32 396 387 32
0 43 0 0 410 388 0 21 410 388 22
0 19 0 0 412 403 0 10 412 403 9
0 20 0 0 423 414 0 9 423 414 11
0 42 0 0 417 406 0 21 417 406 21
0 39 0 0 419 414 0 19 419 414 20
0 38 0 0 427 420 0 20 427 420 18
0 33 0 0 439 424 0 16 439 424 17
0 33 0 0 444 433 0 17 444 433 16
0 52 0 0 438 431 0 25 438 431 27
0 45 0 0 446 436 0 22 446 436 23
0 39 0 0 458 434 0 18 458 434 21
0 42 0 0 462 445 0 21 462 445 21
0 43 0 0 473 444 0 20 473 444 23
0 51 0 0 481 438 0 26 481 438 25
0 47 0 0 487 449 0 21 487 449 26
0 42 0 0 501 457 0 22 501 457 20
0 51 0 0 502 457 0 25 502 457 26
0 45 0 0 512 463 0 24 512 463 21
0 53 0 0 527 454 0 26 527 454 27
0 62 0 0 531 456 0 31 531 456 31
0 46 0 0 546 469 0 24 546 469 22
0 54 0 0 549 473 0 27 549 473 27
0 48 0 0 554 486 0 24 554 486 24
0 53 0 0 567 475 0 25 567 475 28
0 56 0 0 578 476 0 28 578 476 28
0 45 0 0 592 483 0 21 592 483 24
0 50 0 0 600 488 0 26 600 488 24
0 54 0 0 608 488 0 26 608 488 28
0 54 0 0 621 490 0 28 621 490 26
0 57 0 0 624 498 0 26 624 498 31
0 52 0 0 634 496 0 28 634 496 24
0 51 0 0 644 498 0 24 644 498 27
0 49 0 0 661 492 0 26 661 492 23
0 47 0 0 678 497 0 22 678 497 25
0 42 0 0 692 496 0 23 692 496 19
0 40 0 0 707 498 0 19 707 498 21
0 46 0 0 721 494 0 24 721 494 22
0 50 0 0 721 498 0 24 721 498 26
0 48 0 0 729 500 0 25 729 500 23
0 37 0 0 740 500 0 18 740 500 19
0 52 0 0 737 495 0 26 737 495 26
0 58 0 0 749 481 0 28 749 481 30
0 54 0 0 763 479 0 26 763 479 28
0 58 0 0 769 491 0 29 769 491 29
0 36 0 0 788 500 0 17 788 500 19
0 42 0 0 794 497 0 22 794 497 20
0 46 0 0 805 491 0 21 805 491 25
0 50 0 0 805 472 0 26 805 472 24
0 47 0 0 819 442 0 22 819 442 25
0 60 0 0 829 402 0 31 829 402 29
0 40 0 0 848 377 0 18 848 377 22
0 58 0 0 864 336 0 29 864 336 29
0 68 0 0 865 321 0 33 865 321 35
0 65 0 0 874 326 0 32 874 326 33
0 59 0 0 881 328 0 30 881 328 29
0 56 0 0 880 345 0 26 880 345 30
0 51 0 0 897 332 0 26 897 332 25
0 64 0 0 915 313 0 30 915 313 34
0 58 0 0 933 317 0 30 933 317 28
0 64 0 0 937 330 0 30 937 330 34
0 72 0 0 940 330 0 36 940 330 36
0 73 0 0 950 325 0 36 950 325 37
0 69 0 0 955 333 0 33 955 333 36
0 63 0 0 976 327 0 33 976 327 30
0 64 0 0 985 339 0 30 985 339 34
0 74 0 0 997 350 0 38 997 350 36
0 65 0 0 1000 365 0 31 1000 365 34
0 73 0 0 1000 369 0 36 1000 369 37
0 90 0 0 996 359 0 46 996 359 44
0 93 0 0 998 364 0 46 998 364 47
0 83 0 0 1000 355 0 42 1000 355 41
0 78 0 0 1000 358 0 40 1000 358 38
0 55 0 0 1000 360 0 26 1000 360 29
0 44 0 0 1000 364 0 22 1000 364 22
0 39 0 0 999 367 0 18 999 367 21
0 53 0 0 999 375 0 26 999 375 27
0 57 0 0 997 376 0 28 997 376 29
0 60 0 0 997 378 0 30 997 378 30
0 41 0 0 1000 384 0 20 1000 384 21
0 47 0 0 999 379 0 23 999 379 24
0 63 0 0 998 381 0 31 998 381 32
0 64 0 0 999 383 0 32 999 383 32
0 58 0 0 1000 394 0 29 1000 394 29
0 66 0 0 997 395 0 32 997 395 34
0 72 0 0 997 393 0 35 997 393 37
0 73 0 0 999 394 0 35 999 394 38
0 72 0 0 999 397 0 38 999 397 34
0 76 0 0 998 399 0 39 998 399 37
0 77 0 0 1000 399 0 38 1000 399 39
0 80 0 0 999 394 0 39 999 394 41
0 83 0 0 999 390 0 39 999 390 44
0 73 0 0 1000 392 0 36 1000 392 37
0 50 0 0 1000 406 0 24 1000 406 26
0 53 0 0 999 404 0 27 999 404 26
0 27 0 0 998 420 0 13 998 420 14
0 29 0 0 999 415 0 13 999 415 16
0 26 0 0 998 422 0 12 998 422 14
0 31 0 0 979 416 0 16 979 416 15
0 48 0 0 938 415 0 23 938 415 25
0 49 0 0 908 411 0 24 908 411 25
0 46 0 0 875 416 0 22 875 416 24
0 47 0 0 833 427 0 24 833 427 23
0 41 0 0 800 432 0 20 800 432 21
0 40 0 0 793 428 0 20 793 428 20
0 36 0 0 797 428 0 17 797 428 19
0 49 0 0 799 417 0 25 799 417 24
0 48 0 0 794 425 0 23 794 425 25
0 47 0 0 787 438 0 24 787 438 23
0 58 0 0 778 437 0 28 778 437 30
0 46 0 0 789 438 0 24 789 438 22
0 53 0 0 787 437 0 24 787 437 29
0 60 0 0 790 428 0 32 790 428 28
0 57 0 0 787 433 0 28 787 433 29
0 65 0 0 779 434 0 33 779 434 32
0 66 0 0 785 432 0 33 785 432 33
0 59 0 0 790 435 0 28 790 435 31
0 57 0 0 800 428 0 29 800 428 28
0 48 0 0 805 433 0 21 805 433 27
0 61 0 0 786 439 0 33 786 439 28
0 57 0 0 790 437 0 26 790 437 31
0 59 0 0 787 443 0 31 787 443 28
0 53 0 0 788 447 0 25 788 447 28
0 55 0 0 792 442 0 30 792 442 25
0 63 0 0 785 441 0 31 785 441 32
0 65 0 0 782 442 0 33 782 442 32
0 68 0 0 787 435 0 36 787 435 32
0 55 0 0 790 441 0 25 790 441 30
0 59 0 0 785 447 0 32 785 447 27
0 63 0 0 786 440 0 29 786 440 34
0 65 0 0 789 439 0 33 789 439 32
0 68 0 0 799 436 0 34 799 436 34
0 60 0 0 810 442 0 30 810 442 30
0 57 0 0 812 451 0 29 812 451 28
0 62 0 0 818 446 0 29 818 446 33
0 60 0 0 819 452 0 32 819 452 28
0 59 0 0 829 448 0 28 829 448 31
0 56 0 0 835 449 0 29 835 449 27
0 55 0 0 844 450 0 27 844 450 28
0 63 0 0 846 449 0 32 846 449 31
0 51 0 0 853 451 0 26 853 451 25
0 65 0 0 863 445 0 33 863 445 32
0 54 0 0 841 454 0 27 841 454 27
0 47 0 0 831 447 0 23 831 447 24
0 58 0 0 805 447 0 29 805 447 29
0 58 0 0 788 447 0 29 788 447 29
0 57 0 0 763 450 0 29 763 450 28
0 58 0 0 743 452 0 28 743 452 30
0 73 0 0 717 444 0 37 717 444 36
0 74 0 0 689 447 0 37 689 447 37
0 73 0 0 659 447 0 36 659 447 37
0 77 0 0 642 451 0 39 642 451 38
0 66 0 0 619 457 0 32 619 457 34
0 68 0 0 599 454 0 35 599 454 33
0 70 0 0 612 443 0 35 612 443 35
0 75 0 0 624 444 0 37 624 444 38
0 79 0 0 637 442 0 40 637 442 39
0 87 0 0 645 444 0 43 645 444 44
0 86 0 0 647 454 0 42 647 454 44
0 77 0 0 657 454 0 39 657 454 38
0 79 0 0 663 462 0 39 663 462 40
0 80 0 0 665 457 0 40 665 457 40
0 50 0 0 667 452 0 25 667 452 25
0 44 0 0 680 449 0 22 680 449 22
0 39 0 0 688 454 0 20 688 454 19
0 43 0 0 696 456 0 21 696 456 22
0 40 0 0 709 467 0 20 709 467 20
0 44 0 0 717 465 0 22 717 465 22
0 63 0 0 726 449 0 31 726 449 32
0 57 0 0 741 447 0 29 741 447 28
0 55 0 0 747 462 0 27 747 462 28
0 55 0 0 755 471 0 29 755 471 26
0 62 0 0 764 462 0 31 764 462 31
0 52 0 0 779 466 0 26 779 466 26
0 60 0 0 753 461 0 30 753 461 30
0 66 0 0 720 463 0 32 720 463 34
0 72 0 0 699 471 0 36 699 471 36
0 81 0 0 693 468 0 41 693 468 40
0 75 0 0 692 470 0 39 692 470 36
0 75 0 0 700 468 0 38 700 468 37
0 71 0 0 706 471 0 36 706 471 35
0 44 0 0 709 479 0 23 709 479 21
0 31 0 0 708 471 0 15 708 471 16
0 27 0 0 710 474 0 13 710 474 14
0 24 0 0 710 485 0 12 710 485 12
0 22 0 0 714 487 0 11 714 487 11
0 34 0 0 712 480 0 18 712 480 16
0 40 0 0 713 475 0 19 713 475 21
0 31 0 0 707 487 0 16 707 487 15
0 29 0 0 710 497 0 13 710 497 16
0 38 0 0 706 497 0 20 706 497 18
0 37 0 0 707 498 0 17 707 498 20
0 36 0 0 709 500 0 18 709 500 18
0 50 0 0 698 494 0 24 698 494 26
0 37 0 0 711 497 0 19 711 497 18
0 36 0 0 708 500 0 17 708 500 19
0 39 0 0 699 499 0 20 699 499 19
0 43 0 0 706 490 0 22 706 490 21
0 54 0 0 707 483 0 27 707 483 27
0 46 0 0 708 490 0 24 708 490 22
0 56 0 0 702 497 0 27 702 497 29
0 47 0 0 715 498 0 23 715 498 24
0 41 0 0 728 500 0 19 728 500 22
0 52 0 0 727 497 0 25 727 497 27
0 50 0 0 745 494 0 25 745 494 25
0 54 0 0 759 491 0 27 759 491 27
0 54 0 0 762 500 0 28 762 500 26
0 46 0 0 779 494 0 22 779 494 24
0 58 0 0 781 470 0 30 781 470 28
0 59 0 0 793 437 0 29 793 437 30
0 52 0 0 804 403 0 27 804 403 25
0 45 0 0 821 372 0 23 821 372 22
0 50 0 0 835 338 0 26 835 338 24
0 50 0 0 841 335 0 25 841 335 25
0 55 0 0 826 325 0 28 826 325 27
0 54 0 0 795 326 0 27 795 326 27
0 49 0 0 771 332 0 24 771 332 25
0 50 0 0 745 330 0 26 745 330 24
0 50 0 0 727 327 0 25 727 327 25
0 49 0 0 704 328 0 25 704 328 24
0 57 0 0 677 327 0 28 677 327 29
0 65 0 0 650 319 0 34 650 319 31
0 54 0 0 633 322 0 26 633 322 28
0 47 0 0 611 332 0 24 611 332 23
0 63 0 0 583 338 0 31 583 338 32
0 60 0 0 581 341 0 30 581 341 30
0 52 0 0 588 351 0 26 588 351 26
0 59 0 0 597 361 0 29 597 361 30
0 59 0 0 601 375 0 30 601 375 29
0 52 0 0 613 383 0 25 613 383 27
0 52 0 0 620 383 0 27 620 383 25
0 49 0 0 613 387 0 24 613 387 25
0 51 0 0 582 383 0 26 582 383 25
0 58 0 0 553 377 0 28 553 377 30
0 48 0 0 518 388 0 25 518 388 23
0 59 0 0 482 385 0 29 482 385 30
0 55 0 0 474 391 0 29 474 391 26
0 58 0 0 438 410 0 29 438 410 29
0 60 0 0 406 416 0 30 406 416 30
0 68 0 0 375 408 0 34 375 408 34
0 83 0 0 341 401 0 41 341 401 42
0 80 0 0 330 408 0 41 330 408 39
0 80 0 0 332 411 0 40 332 411 40
0 71 0 0 338 420 0 36 338 420 35
0 57 0 0 349 429 0 29 349 429 28
0 60 0 0 331 436 0 36 331 436 24
0 65 0 0 327 428 0 40 327 428 25
0 67 0 0 330 430 0 38 330 430 29
0 53 0 0 348 433 0 34 348 433 19
0 53 0 0 344 442 0 29 344 442 24
0 56 0 0 336 450 0 35 336 450 21
0 68 0 0 340 446 0 37 340 446 31
0 62 0 0 341 456 0 36 341 456 26
0 66 0 0 346 464 0 40 346 464 26
0 78 0 0 342 466 0 43 342 466 35
0 75 0 0 352 462 0 45 352 462 30
0 88 0 0 347 457 0 50 347 457 38
0 73 0 0 350 458 0 39 350 458 34
0 67 0 0 358 465 0 40 358 465 27
0 62 0 0 355 464 0 34 355 464 28
0 46 0 0 350 472 0 26 350 472 20
0 51 0 0 348 470 0 31 348 470 20
0 47 0 0 346 479 0 26 346 479 21
0 47 0 0 355 483 0 30 355 483 17
0 45 0 0 371 482 0 23 371 482 22
0 38 0 0 385 488 0 24 385 488 14
0 42 0 0 400 486 0 22 400 486 20
0 56 0 0 409 487 0 34 409 487 22
0 61 0 0 403 496 0 36 403 496 25
0 48 0 0 412 500 0 29 412 500 19
0 65 0 0 408 494 0 40 408 494 25
0 74 0 0 407 491 0 43 407 491 31
0 61 0 0 417 497 0 39 417 497 22
0 61 0 0 414 499 0 35 414 499 26
0 60 0 0 422 496 0 38 422 496 22
0 64 0 0 424 498 0 38 424 498 26
0 63 0 0 424 498 0 38 424 498 25
0 68 0 0 425 496 0 42 425 496 26
0 58 0 0 438 493 0 34 438 493 24
0 69 0 0 437 493 0 42 437 493 27
0 65 0 0 450 491 0 39 450 491 26
0 58 0 0 452 499 0 35 452 499 23
0 66 0 0 449 497 0 40 449 497 26
0 64 0 0 460 495 0 40 460 495 24
0 69 0 0 460 492 0 43 460 492 26
0 62 0 0 462 500 0 39 462 500 23
0 73 0 0 459 491 0 44 459 491 29
0 67 0 0 471 494 0 42 471 494 25
0 70 0 0 472 460 0 43 472 460 27
0 73 0 0 473 428 0 45 473 428 28
0 78 0 0 465 396 0 48 465 396 30
0 71 0 0 477 363 0 45 477 363 26
0 71 0 0 475 345 0 44 475 345 27
0 85 0 0 482 330 0 52 482 330 33
0 78 0 0 488 331 0 50 488 331 28
0 70 0 0 488 341 0 43 488 341 27
0 76 0 0 482 340 0 47 482 340 29
0 77 0 0 484 343 0 49 484 343 28
0 74 0 0 487 345 0 46 487 345 28
0 77 0 0 489 341 0 49 489 341 28
0 80 0 0 491 338 0 49 491 338 31
0 73 0 0 496 342 0 46 496 342 27
0 76 0 0 493 341 0 48 493 341 28
0 78 0 0 492 343 0 48 492 343 30
0 72 0 0 492 355 0 46 492 355 26
0 66 0 0 499 368 0 39 499 368 27
0 61 0 0 508 363 1 40 508 363 22
0 70 0 0 506 357 1 43 506 357 28
0 80 0 0 500 355 1 49 500 355 32
0 59 0 0 503 361 2 34 503 361 27
0 56 0 0 488 365 2 28 488 365 30
0 53 0 0 495 362 2 33 495 362 22
0 44 0 0 502 360 2 16 502 360 30
0 34 0 0 501 364 2 24 501 364 12
0 33 0 0 501 368 2 15 501 368 20
0 40 0 0 505 373 2 26 505 373 16
0 35 0 0 515 376 2 17 515 376 20
0 34 0 0 514 381 2 22 514 381 14
0 34 0 0 511 388 2 17 511 388 19
0 27 0 0 522 384 2 15 522 384 14
0 38 0 0 511 385 2 19 511 385 21
0 48 0 0 502 391 2 25 502 391 25
0 54 0 0 508 384 2 25 508 384 31
0 54 0 0 516 382 2 27 516 382 29
0 53 0 0 513 389 2 23 513 389 32
0 58 0 0 516 386 2 30 516 386 30
0 46 0 0 524 393 2 20 524 393 28
0 60 0 0 513 395 2 32 513 395 30
0 62 0 0 511 399 2 26 511 399 38
0 59 0 0 518 400 2 29 518 400 32
0 63 0 0 517 400 2 28 517 400 37
0 70 0 0 518 395 2 31 518 395 41
0 63 0 0 523 400 2 31 523 400 34
0 60 0 0 524 406 2 24 524 406 38
0 61 0 0 520 414 2 30 520 414 33
0 57 0 0 526 414 2 23 526 414 36
0 67 0 0 517 412 2 31 517 412 38
0 71 0 0 518 417 2 27 518 417 46
0 67 0 0 526 417 2 28 526 417 41
0 66 0 0 524 420 2 27 524 420 41
0 69 0 0 517 423 2 28 517 423 43
0 72 0 0 524 420 2 31 524 420 43
0 74 0 0 518 427 2 29 518 427 47
0 79 0 0 526 417 2 33 526 417 48
0 81 0 0 520 425 2 30 520 425 53
0 89 0 0 515 425 2 34 515 425 57
0 83 0 0 516 434 2 31 516 434 54
0 91 0 0 514 430 2 33 514 430 60
0 84 0 0 521 432 2 32 521 432 54
0 71 0 0 513 426 2 28 513 426 45
0 54 0 0 526 419 2 23 526 419 33
0 39 0 0 539 422 2 16 539 422 25
0 35 0 0 533 433 2 15 533 433 22
0 44 0 0 521 433 2 19 521 433 27
0 53 0 0 526 428 2 21 526 428 34
0 57 0 0 523 435 2 22 523 435 37
0 63 0 0 529 427 2 26 529 427 39
0 63 0 0 540 425 2 21 540 425 44
0 73 0 0 530 423 2 29 530 423 46
0 77 0 0 522 431 2 26 522 431 53
0 70 0 0 528 440 2 27 528 440 45
0 78 0 0 517 446 2 30 517 446 50
0 85 0 0 522 429 2 30 522 429 57
0 79 0 0 533 440 2 30 533 440 51
0 75 0 0 538 440 3 29 538 440 49
0 77 0 0 540 433 3 29 540 433 51
0 77 0 0 533 442 3 30 533 442 50
0 57 0 0 535 438 3 31 535 438 29
0 48 0 0 541 439 3 19 541 439 32
0 46 0 0 541 447 3 20 541 447 29
0 58 0 0 542 436 3 28 542 436 33
0 55 0 0 543 439 3 22 543 439 36
0 55 0 0 532 451 3 29 532 451 29
0 50 0 0 545 446 3 21 545 446 32
0 55 0 0 546 446 3 28 546 446 30
0 56 0 0 538 449 3 24 538 449 35
0 62 0 0 547 444 3 28 547 444 37
0 54 0 0 554 447 3 24 554 447 33
0 57 0 0 550 449 3 25 550 449 35
0 61 0 0 550 450 3 26 550 450 38
0 68 0 0 557 438 3 29 557 438 42
0 63 0 0 558 442 3 28 558 442 38
0 59 0 0 551 457 3 25 551 457 37
0 65 0 0 553 453 3 29 553 453 39
0 66 0 0 559 448 4 27 559 448 43
0 65 0 0 557 456 4 31 557 456 38
0 53 0 0 570 451 4 24 570 451 33
0 37 0 0 572 446 4 26 572 446 15
0 51 0 0 568 442 4 20 568 442 35
0 48 0 0 570 446 4 31 570 446 21
0 49 0 0 572 444 4 20 572 444 33
0 49 0 0 575 444 4 28 575 444 25
0 33 0 0 584 458 4 15 584 458 22
0 34 0 0 584 458 4 20 584 458 18
0 36 0 0 587 459 5 18 587 459 23
0 47 0 0 598 444 5 24 598 444 28
0 32 0 0 601 448 5 19 601 448 18
0 30 0 0 607 440 5 18 607 440 17
0 40 0 0 597 446 5 22 597 446 23
0 42 0 0 587 457 5 24 587 457 23
0 41 0 0 596 444 5 24 596 444 22
0 32 0 0 612 444 5 18 612 444 19
0 31 0 0 626 447 5 18 626 447 18
0 24 0 0 630 453 5 14 630 453 15
0 35 0 0 632 448 5 22 632 448 18
0 37 0 0 630 454 5 21 630 454 21
0 39 0 0 634 453 5 25 634 453 19
0 37 0 0 641 457 5 21 641 457 21
0 41 0 0 641 461 5 25 641 461 21
0 35 0 0 651 464 5 21 651 464 19
0 54 0 0 649 451 5 31 649 451 28
0 52 0 0 657 453 5 29 657 453 28
0 47 0 0 669 457 5 28 669 457 24
0 39 0 0 671 468 5 21 671 468 23
0 45 0 0 669 473 5 27 669 473 23
0 53 0 0 675 465 5 30 675 465 28
0 46 0 0 690 464 5 27 690 464 24
0 48 0 0 693 471 5 28 693 471 25
0 41 0 0 702 476 5 25 702 476 21
0 56 0 0 708 471 5 32 708 471 29
0 60 0 0 711 473 5 36 711 473 29
0 60 0 0 713 483 5 36 713 483 29
0 51 0 0 724 482 5 31 724 482 25
0 59 0 0 733 483 5 36 733 483 28
0 50 0 0 746 488 5 31 746 488 24
0 50 0 0 758 486 5 31 758 486 24
0 63 0 0 759 484 5 39 759 484 29
0 64 0 0 758 496 5 40 758 496 29
0 53 0 0 775 498 5 34 775 498 24
0 66 0 0 781 493 5 41 781 493 30
0 71 0 0 788 492 5 46 788 492 30
0 56 0 0 802 498 5 37 802 498 24
0 76 0 0 801 489 5 46 801 489 35
0 74 0 0 799 499 5 51 799 499 28
0 76 0 0 808 498 5 48 808 498 33
0 77 0 0 812 499 5 51 812 499 31
0 82 0 0 820 499 5 57 820 499 30
0 83 0 0 844 491 5 53 844 491 35
0 75 0 0 857 499 5 51 857 499 29
0 70 0 0 870 499 5 47 870 499 28
0 71 0 0 876 500 5 45 876 500 31
0 79 0 0 880 495 5 52 880 495 32
0 82 0 0 880 498 5 56 880 498 31
0 78 0 0 891 499 5 52 891 499 31
0 80 0 0 898 498 5 53 898 498 32
0 77 0 0 908 499 5 50 908 499 32
0 80 0 0 924 491 5 52 924 491 33
0 80 0 0 932 475 5 53 932 475 32
0 72 0 0 953 448 5 45 953 448 32
0 71 0 0 969 419 5 46 969 419 30
0 80 0 0 977 388 5 51 977 388 34
0 89 0 0 982 359 5 56 982 359 38
0 80 0 0 990 326 5 52 990 326 33
0 87 0 0 994 333 5 57 994 333 35
0 86 0 0 1000 339 5 57 1000 339 34
0 75 0 0 998 331 5 56 998 331 24
0 69 0 0 998 328 6 52 998 328 23
0 68 0 0 1000 327 6 50 1000 327 24
0 71 0 0 999 327 6 50 999 327 27
0 63 0 0 999 332 7 46 999 332 24
0 34 0 0 1000 336 7 15 1000 336 26
0 32 0 0 999 334 7 24 999 334 15
0 44 0 0 1000 335 7 26 1000 335 25
0 53 0 0 998 335 7 38 998 335 22
0 61 0 0 1000 331 7 39 1000 331 29
0 50 0 0 999 344 7 35 999 344 22
0 66 0 0 999 352 7 42 999 352 31
0 66 0 0 1000 359 7 45 1000 359 28
0 76 0 0 999 360 7 48 999 360 35
0 74 0 0 999 370 7 48 999 370 33
0 73 0 0 1000 379 7 48 1000 379 32
0 73 0 0 1000 365 7 45 1000 365 35
0 69 0 0 999 367 7 46 999 367 30
0 68 0 0 998 372 7 44 998 372 31
0 79 0 0 998 375 7 50 998 375 36
0 81 0 0 1000 383 7 53 1000 383 35
0 83 0 0 999 387 7 51 999 387 39
0 80 0 0 1000 397 7 52 1000 397 35
0 80 0 0 998 407 7 53 998 407 34
0 77 0 0 1000 415 8 50 1000 415 35
0 80 0 0 999 415 8 55 999 415 33
0 90 0 0 999 418 8 57 999 418 41
0 75 0 0 1000 416 8 41 1000 416 42
0 61 0 0 999 408 8 33 999 408 36
0 51 0 0 1000 417 8 33 1000 417 26
0 47 0 0 996 427 8 26 996 427 29
0 55 0 0 1000 431 8 36 1000 431 27
0 52 0 0 999 437 8 29 999 437 31
0 65 0 0 999 436 8 41 999 436 32
0 64 0 0 983 444 9 39 983 444 34
0 59 0 0 951 451 9 37 951 451 31
0 61 0 0 924 443 9 40 924 443 30
0 45 0 0 891 455 9 24 891 455 30
0 28 0 0 866 456 9 22 866 456 15
0 40 0 0 830 463 9 22 830 463 27
0 45 0 0 801 457 9 30 801 457 24
0 35 0 0 780 457 9 21 780 457 23
0 33 0 0 783 461 9 25 783 461 17
0 37 0 0 772 468 9 23 772 468 23
0 36 0 0 773 477 9 24 773 477 21
0 37 0 0 778 474 9 23 778 474 23
0 37 0 0 778 477 9 24 778 477 22
0 30 0 0 781 484 9 20 781 484 19
0 41 0 0 767 491 9 26 767 491 24
0 35 0 0 774 494 9 22 774 494 22
0 44 0 0 767 494 9 27 767 494 26
0 48 0 0 767 493 9 29 767 493 28
0 54 0 0 767 491 9 33 767 491 30
0 41 0 0 768 497 9 24 768 497 26
0 44 0 0 774 494 9 27 774 494 26
0 41 0 0 776 498 9 25 776 498 25
0 42 0 0 772 498 9 27 772 498 24
0 39 0 0 775 500 9 23 775 500 25
0 62 0 0 759 491 9 37 759 491 34
0 63 0 0 764 485 9 35 764 485 37
0 48 0 0 771 497 9 30 771 497 27
0 65 0 0 760 496 9 35 760 496 39
0 48 0 0 765 500 9 30 765 500 27
0 45 0 0 771 491 9 27 771 491 27
0 63 0 0 764 486 9 36 764 486 36
0 58 0 0 758 498 9 33 758 498 34
0 59 0 0 766 491 9 32 766 491 36
0 63 0 0 761 495 9 35 761 495 37
0 66 0 0 758 494 9 34 758 494 41
0 65 0 0 745 494 9 35 745 494 39
0 65 0 0 752 494 9 35 752 494 39
0 67 0 0 755 475 9 36 755 475 40
0 69 0 0 770 437 9 37 770 437 41
0 66 0 0 778 404 9 32 778 404 43
0 71 0 0 787 367 9 38 787 367 42
0 74 0 0 800 337 9 37 800 337 46
0 63 0 0 810 342 9 32 810 342 40
0 64 0 0 821 347 9 34 821 347 39
0 66 0 0 825 354 9 33 825 354 42
0 68 0 0 837 347 9 34 837 347 43
0 76 0 0 844 340 9 36 844 340 49
0 73 0 0 850 350 9 35 850 350 47
0 86 0 0 856 338 9 42 856 338 53
0 75 0 0 865 336 9 32 865 336 52
0 71 0 0 873 339 9 33 873 339 47
0 72 0 0 882 338 9 35 882 338 46
0 35 0 0 898 344 9 21 898 344 23
0 11 0 0 919 351 9 11 919 351 9
0 26 0 0 926 359 9 18 926 359 17
0 27 0 0 939 359 9 14 939 359 22
0 44 0 0 941 361 9 26 941 361 27
0 44 0 0 922 364 9 20 922 364 33
0 38 0 0 913 361 9 23 913 361 24
0 33 0 0 895 367 9 18 895 367 24
0 36 0 0 870 377 9 22 870 377 23
0 37 0 0 841 387 9 22 841 387 24
0 39 0 0 811 392 9 24 811 392 24
0 50 0 0 784 375 9 29 784 375 30
0 52 0 0 754 382 9 26 754 382 35
0 65 0 0 722 381 9 33 722 381 41
0 67 0 0 698 380 9 32 698 380 44
0 62 0 0 669 388 9 32 669 388 39
0 64 0 0 640 389 9 32 640 389 41
0 67 0 0 610 393 9 32 610 393 44
0 71 0 0 579 395 9 36 579 395 44
0 76 0 0 547 392 9 35 547 392 50
0 85 0 0 518 385 9 41 518 385 53
0 79 0 0 503 391 9 37 503 391 51
0 67 0 0 478 403 9 33 478 403 43
0 61 0 0 446 411 9 30 446 411 40
0 43 0 0 416 406 9 25 416 406 27
0 19 0 0 386 410 9 10 386 410 18
0 38 0 0 348 410 9 24 348 410 23
0 29 0 0 344 410 9 16 344 410 22
0 21 0 0 346 422 9 15 346 422 15
0 32 0 0 346 410 9 21 346 410 20
0 35 0 0 358 401 9 18 358 401 26
0 36 0 0 356 407 9 22 356 407 23
0 31 0 0 349 419 10 18 349 419 23
0 39 0 0 348 414 10 23 348 414 26
0 34 0 0 347 416 10 24 347 416 20
0 24 0 0 346 414 10 16 346 414 18
0 22 0 0 348 418 10 17 348 418 15
0 21 0 0 352 418 10 15 352 418 16
0 33 0 0 343 418 10 25 343 418 18
0 22 0 0 348 425 10 16 348 425 16
0 28 0 0 341 437 10 20 341 437 18
0 35 0 0 349 426 10 22 349 426 23
0 33 0 0 359 428 10 22 359 428 21
0 24 0 0 376 430 10 16 376 430 18
0 29 0 0 391 426 10 19 391 426 20
0 41 0 0 387 423 10 25 387 423 26
0 33 0 0 377 439 10 21 377 439 22
0 30 0 0 394 430 10 21 394 430 19
0 17 0 0 404 433 10 13 404 433 14
0 30 0 0 400 438 10 22 400 438 18
0 33 0 0 413 438 10 19 413 438 24
0 33 0 0 418 438 10 23 418 438 20
0 36 0 0 427 438 10 20 427 438 26
0 29 0 0 437 441 10 20 437 441 19
0 39 0 0 443 436 10 22 443 436 27
0 38 0 0 458 430 10 24 458 430 24
0 24 0 0 463 445 10 16 463 445 18
0 27 0 0 461 445 10 17 461 445 20
0 29 0 0 462 445 10 21 462 445 18
0 32 0 0 466 440 10 20 466 440 22
0 39 0 0 468 436 10 27 468 436 22
0 39 0 0 471 434 10 22 471 434 27
0 43 0 0 476 430 10 28 476 430 25
0 34 0 0 483 436 10 20 483 436 24
0 29 0 0 485 441 10 21 485 441 18
0 33 0 0 483 441 10 20 483 441 23
0 17 0 0 497 446 10 14 497 446 13
0 29 0 0 489 445 10 19 489 445 20
0 42 0 0 488 435 10 25 488 435 27
0 37 0 0 493 442 10 23 493 442 24
0 32 0 0 503 440 10 21 503 440 21
0 43 0 0 493 443 10 27 493 443 26
0 38 0 0 500 437 10 24 500 437 24
0 36 0 0 499 450 10 23 499 450 23
0 49 0 0 497 441 10 29 497 441 30
0 58 0 0 497 433 10 34 497 433 34
0 47 0 0 502 441 10 27 502 441 30
0 50 0 0 509 442 10 30 509 442 30
0 39 0 0 525 441 10 24 525 441 25
0 41 0 0 528 437 10 25 528 437 26
0 44 0 0 521 445 10 27 521 445 27
0 37 0 0 526 449 10 24 526 449 23
0 48 0 0 526 440 10 31 526 440 27
0 47 0 0 532 435 10 29 532 435 28
0 43 0 0 543 439 10 29 543 439 24
0 40 0 0 540 450 10 25 540 450 25
0 46 0 0 539 447 10 30 539 447 26
0 49 0 0 540 446 10 30 540 446 29
0 58 0 0 531 451 10 36 531 451 32
0 56 0 0 537 451 10 34 537 451 32
0 56 0 0 547 446 10 35 547 446 31
0 51 0 0 547 455 10 31 547 455 30
0 64 0 0 541 451 10 39 541 451 35
0 72 0 0 543 448 10 44 543 448 38
0 71 0 0 550 446 10 43 550 446 38
0 75 0 0 546 453 10 47 546 453 38
0 75 0 0 550 453 10 46 550 453 39
0 82 0 0 548 453 10 49 548 453 43
0 80 0 0 556 449 10 48 556 449 42
0 81 0 0 561 452 10 48 561 452 43
0 84 0 0 558 456 10 51 558 456 43
0 92 0 0 557 453 10 56 557 453 46
0 85 0 0 550 457 10 51 550 457 44
0 87 0 0 552 456 10 54 552 456 43
0 88 0 0 552 457 10 55 552 457 43
0 65 0 0 566 454 10 40 566 454 35
0 45 0 0 560 461 10 31 560 461 24
0 46 0 0 567 458 10 30 567 458 26
0 45 0 0 567 462 10 31 567 462 24
0 47 0 0 564 469 10 30 564 469 27
0 63 0 0 564 458 10 40 564 458 33
0 58 0 0 569 459 10 37 569 459 31
0 61 0 0 562 469 10 37 562 469 34
0 70 0 0 561 468 10 47 561 468 33
0 76 0 0 557 473 10 45 557 473 41
0 80 0 0 558 475 10 49 558 475 41
0 80 0 0 560 471 10 50 560 471 40
0 70 0 0 566 485 10 40 566 485 40
0 70 0 0 559 499 10 46 559 499 34
0 56 0 0 566 491 10 34 566 491 32
0 40 0 0 561 485 10 27 561 485 23
0 36 0 0 562 492 10 24 562 492 22
0 38 0 0 565 491 10 26 565 491 22
0 33 0 0 570 497 10 22 570 497 21
0 26 0 0 568 499 10 22 568 499 14
0 21 0 0 579 493 10 18 579 493 13
0 30 0 0 569 495 10 22 569 495 18
0 36 0 0 563 500 10 25 563 500 21
0 28 0 0 577 492 10 20 577 492 18
0 58 0 0 574 470 10 36 574 470 32
0 58 0 0 569 472 10 38 569 472 30
0 47 0 0 578 478 10 30 578 478 27
0 43 0 0 573 490 10 31 573 490 22
0 39 0 0 575 500 10 25 575 500 24
0 46 0 0 572 499 10 33 572 499 23
0 43 0 0 566 499 10 26 566 499 27
0 44 0 0 568 481 10 32 568 481 22
0 60 0 0 562 451 10 35 562 451 35
0 55 0 0 559 425 10 38 559 425 27
0 41 0 0 573 398 10 27 573 398 24
0 49 0 0 579 362 10 34 579 362 25
0 50 0 0 574 335 10 32 574 335 28
0 39 0 0 583 326 10 28 583 326 21
0 43 0 0 577 326 10 28 577 326 25
0 60 0 0 573 316 10 39 573 316 31
0 64 0 0 577 309 10 40 577 309 34
0 51 0 0 584 314 10 32 584 314 29
0 51 0 0 574 326 10 36 574 326 25
0 55 0 0 572 323 10 33 572 323 32
0 54 0 0 583 314 10 37 583 314 27
0 50 0 0 579 324 10 31 579 324 29
0 50 0 0 586 317 10 34 586 317 26
0 51 0 0 586 318 10 31 586 318 30
0 50 0 0 600 303 10 34 600 303 26
0 48 0 0 593 307 10 29 593 307 29
0 54 0 0 589 307 10 36 589 307 28
0 45 0 0 585 329 10 28 585 329 27
0 49 0 0 577 346 10 32 577 346 27
0 46 0 0 596 350 10 30 596 350 26
0 55 0 0 592 356 10 35 592 356 30
0 60 0 0 584 366 10 38 584 366 32
0 58 0 0 590 331 10 36 590 331 32
0 61 0 0 588 301 10 40 588 301 31
0 48 0 0 593 299 10 30 593 299 28
0 44 0 0 601 268 10 30 601 268 24
0 62 0 0 593 243 10 38 593 243 34
0 62 0 0 598 251 10 40 598 251 32
0 60 0 0 601 256 10 37 601 256 33
0 55 0 0 603 269 10 36 603 269 29
0 61 0 0 605 276 10 38 605 276 33
0 60 0 0 614 279 10 37 614 279 33
0 52 0 0 610 293 10 35 610 293 27
0 57 0 0 607 271 10 35 607 271 32
0 59 0 0 616 240 10 37 616 240 32
0 66 0 0 617 237 10 41 617 237 35
0 59 0 0 615 251 10 37 615 251 32
0 71 0 0 617 247 10 43 617 247 38
0 69 0 0 619 254 10 41 619 254 38
0 70 0 0 626 249 10 43 626 249 37
0 70 0 0 630 228 10 44 630 228 36
0 69 0 0 635 192 10 43 635 192 36
0 76 0 0 640 162 10 45 640 162 41
0 80 0 0 633 170 10 48 633 170 42
0 76 0 0 643 167 10 46 643 167 40
0 82 0 0 641 170 10 49 641 170 43
0 88 0 0 643 166 10 53 643 166 45
0 76 0 0 656 164 10 47 656 164 39
0 67 0 0 672 165 10 40 672 165 37
0 62 0 0 663 175 10 39 663 175 33
0 41 0 0 659 188 10 28 659 188 23
0 51 0 0 651 196 10 32 651 196 29
0 42 0 0 659 197 10 27 659 197 25
0 52 0 0 656 204 10 33 656 204 29
0 44 0 0 672 199 10 28 672 199 26
0 42 0 0 690 196 10 28 690 196 24
0 51 0 0 701 195 10 32 701 195 29
0 50 0 0 705 202 10 31 705 202 29
0 56 0 0 708 203 10 35 708 203 31
0 66 0 0 707 202 10 39 707 202 37
0 63 0 0 714 207 10 39 714 207 34
0 64 0 0 716 214 10 39 716 214 35
0 73 0 0 712 220 10 45 712 220 38
0 74 0 0 716 222 10 43 716 222 41
0 80 0 0 725 214 10 47 725 214 43
0 66 0 0 732 225 10 41 732 225 35
0 70 0 0 741 229 10 42 741 229 38
0 56 0 0 748 230 10 35 748 230 31
0 27 0 0 761 227 10 21 761 227 16
0 26 0 0 767 235 10 19 767 235 17
0 31 0 0 773 234 10 23 773 234 18
0 23 0 0 780 244 10 19 780 244 14
0 28 0 0 779 247 10 21 779 247 17
0 40 0 0 791 237 10 26 791 237 24
0 51 0 0 796 231 10 33 796 231 28
0 30 0 0 805 252 10 20 805 252 20
0 29 0 0 817 250 10 20 817 250 19
0 31 0 0 838 241 10 22 838 241 19
0 42 0 0 833 242 10 27 833 242 25
0 34 0 0 844 251 10 24 844 251 20
0 47 0 0 845 243 10 30 845 243 27
0 43 0 0 856 243 10 29 856 243 24
0 50 0 0 860 245 10 32 860 245 28
0 34 0 0 876 250 10 24 876 250 20
0 46 0 0 878 250 10 31 878 250 25
0 50 0 0 872 257 10 31 872 257 29
0 54 0 0 885 253 10 35 885 253 29
0 53 0 0 891 260 10 32 891 260 31
0 46 0 0 897 269 10 30 897 269 26
0 49 0 0 913 252 10 31 913 252 28
0 46 0 0 913 269 10 30 913 269 26
0 50 0 0 927 260 10 32 927 260 28
0 52 0 0 934 257 10 33 934 257 29
0 50 0 0 945 260 10 32 945 260 28
0 39 0 0 958 267 10 26 958 267 23
0 48 0 0 965 263 10 32 965 263 26
0 55 0 0 972 261 10 34 972 261 31
0 48 0 0 989 256 10 31 989 256 27
0 44 0 0 1000 258 10 29 1000 258 25
0 51 0 0 1000 259 10 32 1000 259 29
0 41 0 0 1000 270 10 28 1000 270 23
0 39 0 0 997 271 10 26 997 271 23
0 53 0 0 1000 264 10 34 1000 264 29
0 42 0 0 1000 261 10 28 1000 261 24
0 51 0 0 1000 262 10 33 1000 262 28
0 48 0 0 1000 267 10 30 1000 267 28
0 51 0 0 996 267 10 33 996 267 28
0 47 0 0 1000 270 10 30 1000 270 27
0 51 0 0 1000 257 10 33 1000 257 28
0 48 0 0 1000 262 10 30 1000 262 28
0 50 0 0 998 267 10 32 998 267 28
0 55 0 0 1000 260 10 34 1000 260 31
0 45 0 0 999 261 10 29 999 261 26
0 51 0 0 998 264 10 32 998 264 29
0 49 0 0 1000 264 10 32 1000 264 27
0 51 0 0 999 267 10 32 999 267 29
0 42 0 0 998 280 10 28 998 280 24
0 52 0 0 1000 267 10 33 1000 267 29
0 50 0 0 999 269 10 32 999 269 28
0 57 0 0 998 257 10 35 998 257 32
0 55 0 0 1000 266 10 35 1000 266 30
0 71 0 0 994 262 10 42 994 262 39
0 72 0 0 1000 262 10 43 1000 262 39
0 60 0 0 1000 261 10 36 1000 261 34
0 65 0 0 998 257 10 40 998 257 35
0 69 0 0 1000 262 10 40 1000 262 39
0 71 0 0 1000 262 10 42 1000 262 39
0 67 0 0 1000 256 10 42 1000 256 35
0 57 0 0 1000 274 10 35 1000 274 32
0 63 0 0 1000 269 10 39 1000 269 34
0 65 0 0 1000 272 10 38 1000 272 37
0 68 0 0 998 272 10 41 998 272 37
0 74 0 0 999 284 10 43 999 284 41
0 81 0 0 977 273 10 46 977 273 45
0 85 0 0 948 267 10 50 948 267 45
0 77 0 0 921 277 10 45 921 277 42
0 76 0 0 897 278 10 45 897 278 41
0 86 0 0 873 269 10 50 873 269 46
0 92 0 0 842 269 10 53 842 269 49
0 97 0 0 809 273 10 56 809 273 51
0 91 0 0 777 282 10 53 777 282 48
0 84 0 0 774 268 10 54 774 268 40
0 60 0 0 773 267 10 44 773 267 26
0 48 0 0 754 275 10 28 754 275 30
0 41 0 0 760 282 10 29 760 282 22
0 38 0 0 773 278 10 21 773 278 27
0 34 0 0 774 284 10 25 774 284 19
0 43 0 0 774 283 10 26 774 283 27
0 48 0 0 770 286 10 32 770 286 26
0 62 0 0 757 291 10 36 757 291 36
0 75 0 0 754 284 10 43 754 284 42
0 62 0 0 771 287 10 40 771 287 32
0 59 0 0 770 293 10 33 770 293 36
0 69 0 0 763 294 10 45 763 294 34
0 72 0 0 763 297 10 40 763 297 42
0 72 0 0 762 301 10 44 762 301 38
0 87 0 0 759 295 10 52 759 295 45
0 74 0 0 770 296 10 42 770 296 42
0 79 0 0 767 300 10 50 767 300 39
0 82 0 0 768 302 10 47 768 302 45
0 57 0 0 775 307 10 35 775 307 32
0 15 0 0 777 318 10 12 777 318 13
0 30 0 0 764 320 10 21 764 320 19
0 50 0 0 752 317 10 31 752 317 29
0 51 0 0 760 313 10 32 760 313 29
0 39 0 0 762 324 10 26 762 324 23
0 46 0 0 727 322 10 29 727 322 27
0 48 0 0 696 322 10 32 696 322 26
0 53 0 0 658 333 10 30 658 333 33
0 49 0 0 627 336 10 32 627 336 27
0 46 0 0 594 346 10 28 594 346 28
0 44 0 0 560 347 10 29 560 347 25
0 57 0 0 529 343 10 34 529 343 33
0 51 0 0 496 354 10 32 496 354 29
0 48 0 0 465 358 10 30 465 358 28
0 58 0 0 434 354 10 37 434 354 31
0 55 0 0 405 359 10 34 405 359 31
0 43 0 0 383 368 10 29 383 368 24
0 56 0 0 343 376 10 35 343 376 31
0 63 0 0 319 364 10 39 319 364 34
0 60 0 0 289 373 10 36 289 373 34
0 63 0 0 255 382 10 39 255 382 34
0 64 0 0 225 388 10 38 225 388 36
0 59 0 0 191 400 10 36 191 400 33
0 59 0 0 154 409 10 36 154 409 33
0 47 0 0 127 416 10 31 127 416 26
0 56 0 0 92 412 10 35 92 412 31
0 65 0 0 57 418 10 39 57 418 36
0 64 0 0 21 424 10 39 21 424 35
0 55 0 0 0 430 10 34 0 430 31
0 22 0 0 1 434 10 18 1 434 14
0 28 0 0 23 444 10 20 23 444 18
0 51 0 0 36 446 10 32 36 446 29
0 54 0 0 47 454 10 34 47 454 30
0 61 0 0 52 463 10 37 52 463 34
0 61 0 0 67 463 10 38 67 463 33
0 58 0 0 79 468 10 35 79 468 33
0 54 0 0 93 479 10 34 93 479 30
0 46 0 0 106 497 10 29 106 497 27
0 58 0 0 114 499 10 36 114 499 32
0 64 0 0 125 498 10 39 125 498 35
0 64 0 0 129 499 10 38 129 499 36
0 51 0 0 149 497 10 33 149 497 28
0 45 0 0 165 499 10 29 165 499 26
0 54 0 0 184 500 10 34 184 500 30
0 59 0 0 193 499 10 36 193 499 33
0 61 0 0 203 499 10 37 203 499 34
0 67 0 0 208 499 10 40 208 499 37
0 53 0 0 228 499 10 33 228 499 30
0 60 0 0 236 498 10 36 236 498 34
0 58 0 0 243 500 10 36 243 500 32
0 73 0 0 248 495 10 44 248 495 39
0 70 0 0 263 494 10 41 263 494 39
0 62 0 0 277 497 10 38 277 497 34
0 63 0 0 296 497 10 37 296 497 36
