0.000 0.000 0.000 0.000 
46551.000 45388.000 45623.000 45843.000 
69535.000 69466.000 67920.000 68032.000 
101538.000 101462.000 101402.000 101362.000 
152237.000 150641.000 150573.000 150667.000 
203112.000 200773.000 199799.000 200638.000 
248594.000 220517.000 235938.000 248480.000 
277846.000 251241.000 253071.000 279299.000 
302448.000 272790.000 273910.000 302890.000 
295136.000 284763.000 292433.000 294674.000 
291792.000 297428.000 305284.000 291006.000 
291792.000 299460.000 307203.000 291006.000 
291792.000 308029.000 320808.000 291006.000 
291792.000 276613.000 341752.000 291006.000 
291792.000 289852.000 356478.000 291006.000 
225576.000 319267.000 332968.000 248588.000 
222797.000 329961.000 302697.000 223523.000 
222727.000 353804.000 297967.000 222658.000 
226788.000 322200.000 326100.000 225003.000 
232102.000 312897.000 359073.000 233699.000 
245598.000 298401.000 360818.000 246504.000 
246613.000 307252.000 377831.000 245532.000 
239585.000 334271.000 343550.000 238660.000 
238408.000 375992.000 351945.000 233781.000 
221864.000 422570.000 352560.000 223263.000 
227964.000 434287.000 363301.000 227948.000 
257743.000 394817.000 396041.000 255271.000 
292315.000 320835.000 384310.000 294133.000 
296772.000 323039.000 399567.000 297005.000 
296772.000 339404.000 404679.000 297005.000 
296772.000 382593.000 373990.000 297005.000 
192408.000 404387.000 403517.000 195976.000 
175042.000 460506.000 368265.000 175455.000 
183226.000 473171.000 378814.000 184542.000 
196094.000 447322.000 407694.000 196776.000 
199387.000 460081.000 408661.000 199740.000 
195108.000 425081.000 431451.000 195386.000 
184486.000 437255.000 457964.000 184465.000 
197154.000 455820.000 452968.000 197391.000 
211833.000 458370.000 439836.000 213129.000 
200415.000 487054.000 435472.000 201362.000 
205376.000 483008.000 444637.000 205239.000 
220102.000 454762.000 450030.000 219226.000 
235844.000 462019.000 442792.000 235750.000 
241687.000 454384.000 439488.000 241607.000 
230825.000 452079.000 421094.000 231921.000 
236475.000 480368.000 399431.000 235706.000 
229683.000 492486.000 425248.000 230089.000 
221158.000 530176.000 418141.000 222219.000 
233285.000 523981.000 442293.000 230660.000 
216363.000 514453.000 486271.000 217208.000 
201179.000 529004.000 515833.000 199366.000 
216566.000 529849.000 519569.000 216175.000 
220946.000 525911.000 548092.000 220867.000 
211805.000 520134.000 585719.000 211896.000 
214555.000 549378.000 582089.000 215880.000 
226679.000 515326.000 565578.000 226799.000 
231397.000 542967.000 545711.000 232490.000 
225501.000 538976.000 560023.000 223583.000 
230392.000 539823.000 533294.000 230338.000 
238652.000 522704.000 531639.000 239667.000 
246444.000 533361.000 536140.000 245995.000 
237261.000 513839.000 549307.000 237485.000 
235305.000 504739.000 566156.000 234172.000 
245999.000 502856.000 551139.000 245704.000 
247815.000 519803.000 564641.000 247005.000 
231293.000 544596.000 559159.000 231958.000 
224248.000 550459.000 571726.000 224112.000 
229322.000 557721.000 570803.000 229116.000 
232226.000 563130.000 584449.000 233360.000 
231892.000 548392.000 616435.000 231343.000 
222341.000 544025.000 651630.000 222625.000 
213720.000 541278.000 682670.000 214748.000 
213615.000 565626.000 698899.000 213291.000 
218141.000 566695.000 704586.000 218225.000 
230026.000 588904.000 694421.000 229437.000 
229671.000 637939.000 656061.000 230351.000 
221172.000 675541.000 626250.000 220993.000 
210933.000 697618.000 632321.000 210500.000 
219926.000 713629.000 625339.000 218677.000 
235525.000 699823.000 632007.000 235265.000 
240735.000 707144.000 658811.000 240745.000 
228133.000 711312.000 689909.000 227394.000 
222345.000 697399.000 719620.000 222794.000 
232979.000 684919.000 754997.000 230716.000 
237961.000 681332.000 771272.000 238755.000 
251905.000 710559.000 741601.000 251489.000 
254527.000 725622.000 764536.000 253818.000 
249213.000 766950.000 753274.000 250529.000 
246028.000 793515.000 764845.000 245562.000 
242390.000 795381.000 767044.000 242114.000 
248017.000 809097.000 784464.000 248686.000 
256663.000 833262.000 783023.000 253355.000 
261456.000 848540.000 797556.000 261979.000 
270213.000 862123.000 831441.000 269738.000 
270213.000 863012.000 868800.000 269738.000 
270213.000 895527.000 887415.000 269738.000 
226357.000 886409.000 931361.000 227181.000 
177277.000 908986.000 954422.000 177721.000 
192834.000 918418.000 971662.000 190326.000 
192699.000 951633.000 991091.000 193288.000 
196197.000 948136.000 1018695.000 196388.000 
204949.000 970055.000 1041998.000 205193.000 
217735.000 1005534.000 1067491.000 215140.000 
224865.000 1017592.000 1090359.000 225283.000 
224863.000 1055443.000 1088614.000 225522.000 
224023.000 1059348.000 1108623.000 224768.000 
221349.000 1079302.000 1141992.000 221662.000 
235430.000 1085748.000 1149651.000 234154.000 
241317.000 1115314.000 1144693.000 242339.000 
257324.000 1135558.000 1141361.000 258395.000 
269656.000 1160968.000 1131406.000 269652.000 
269656.000 1173231.000 1127074.000 269652.000 
269656.000 1176610.000 1147279.000 269652.000 
258424.000 1186794.000 1162748.000 269652.000 
170167.000 1197838.000 1200596.000 169907.000 
163180.000 1233145.000 1220026.000 166182.000 
183603.000 1241193.000 1240344.000 183869.000 
188132.000 1260778.000 1261256.000 188739.000 
188186.000 1280276.000 1279564.000 187950.000 
194584.000 1280129.000 1304912.000 195252.000 
181458.000 1319969.000 1338235.000 181755.000 
173990.000 1353959.000 1358196.000 174158.000 
169829.000 1398456.000 1387509.000 167623.000 
170293.000 1432485.000 1436492.000 169747.000 
187652.000 1460425.000 1478799.000 187996.000 
201039.000 1459331.000 1527067.000 200142.000 
192839.000 1499680.000 1572957.000 193151.000 
195892.000 1531074.000 1591002.000 195531.000 
208311.000 1573832.000 1607475.000 209651.000 
212308.000 1598281.000 1635485.000 210742.000 
198981.000 1629093.000 1679311.000 199767.000 
186901.000 1656031.000 1698554.000 186866.000 
188605.000 1697451.000 1722389.000 187494.000 
192808.000 1719330.000 1756253.000 192629.000 
193396.000 1765815.000 1791836.000 193316.000 
200028.000 1789514.000 1835328.000 199395.000 
206948.000 1820336.000 1848812.000 206348.000 
207188.000 1864855.000 1863134.000 208147.000 
210210.000 1906248.000 1863134.000 209706.000 
212625.000 1947953.000 1863134.000 212513.000 
207779.000 1952034.000 1863134.000 207014.000 
200074.000 1969165.000 1863134.000 199886.000 
195288.000 1984750.000 1863134.000 194455.000 
193757.000 2004705.000 1863134.000 193166.000 
192730.000 2035459.000 1863134.000 192863.000 
202698.000 2078740.000 1863134.000 202758.000 
215462.000 2111646.000 1863134.000 213763.000 
211252.000 2144092.000 1863134.000 212211.000 
218990.000 2149330.000 1863134.000 219691.000 
222718.000 2165233.000 1863134.000 223680.000 
206573.000 2195255.000 1863134.000 206591.000 
197666.000 2220425.000 1863134.000 198024.000 
213440.000 2256137.000 1863134.000 213395.000 
209721.000 2282675.000 1863134.000 209313.000 
205922.000 2315991.000 1863134.000 206542.000 
204805.000 2334107.000 1863134.000 205238.000 
202230.000 2364441.000 1863134.000 202562.000 
204058.000 2378657.000 1863134.000 203442.000 
201823.000 2405324.000 1863134.000 201565.000 
204279.000 2457000.000 1863134.000 203926.000 
212328.000 2511119.000 1863134.000 213567.000 
218569.000 2566289.000 1863134.000 218177.000 
211320.000 2616035.000 1863134.000 210779.000 
203657.000 2656150.000 1863134.000 202349.000 
185533.000 2688752.000 1863134.000 185342.000 
187652.000 2733357.000 1863134.000 186544.000 
215554.000 2751584.000 1863134.000 216121.000 
235382.000 2758583.000 1863134.000 235722.000 
231038.000 2785922.000 1863134.000 230440.000 
227075.000 2797025.000 1863134.000 227452.000 
236346.000 2798132.000 1863134.000 236094.000 
232267.000 2827545.000 1863134.000 232459.000 
233064.000 2873542.000 1863134.000 234055.000 
244982.000 2882011.000 1863134.000 245310.000 
259459.000 2908238.000 1863134.000 259448.000 
267585.000 2940267.000 1863134.000 267184.000 
259927.000 2969422.000 1863134.000 254790.000 
259927.000 2975817.000 1863134.000 254790.000 
259927.000 3024173.000 1863134.000 254790.000 
193401.000 3075281.000 1863134.000 197861.000 
190874.000 3109672.000 1863134.000 192252.000 
200411.000 3145930.000 1863134.000 200253.000 
189139.000 3199252.000 1863134.000 188718.000 
183111.000 3242918.000 1863134.000 180645.000 
192926.000 3288700.000 1863134.000 195730.000 
187156.000 3332350.000 1863134.000 184861.000 
161009.000 3331552.000 1646242.000 161976.000 
176343.000 3331552.000 1291248.000 176356.000 
183275.000 3331552.000 1291248.000 183364.000 
177765.000 3331552.000 811919.000 177885.000 
191246.000 3331552.000 368710.000 190622.000 
189088.000 3331552.000 206385.000 186460.000 
179849.000 3331552.000 177042.000 179835.000 
181881.000 3331552.000 171352.000 181654.000 
190276.000 3331552.000 143993.000 190398.000 
206085.000 3331552.000 199704.000 207753.000 
223341.000 3331552.000 236959.000 221810.000 
233049.000 3331552.000 269316.000 233190.000 
241592.000 3331552.000 319279.000 241177.000 
227558.000 3331552.000 380477.000 227307.000 
234584.000 3331552.000 432075.000 235121.000 
243625.000 3331552.000 489624.000 243643.000 
227508.000 3331552.000 554740.000 227833.000 
218639.000 3331552.000 604828.000 219430.000 
255184.000 3331552.000 643259.000 255133.000 
261514.000 3331552.000 676893.000 261772.000 
262543.000 3331552.000 727248.000 262302.000 
262543.000 3331552.000 760604.000 262302.000 
261228.000 3331552.000 801840.000 259415.000 
174512.000 3331552.000 838711.000 175520.000 
163852.000 3331552.000 838711.000 161368.000 
181605.000 3331552.000 838711.000 183303.000 
175751.000 3331552.000 838711.000 176809.000 
171946.000 3331552.000 838711.000 172933.000 
177836.000 3331552.000 838711.000 177544.000 
180908.000 3331552.000 838711.000 182088.000 
187670.000 3331552.000 838711.000 186664.000 
201210.000 3331552.000 838711.000 202479.000 
216198.000 3331552.000 838711.000 215792.000 
223070.000 3331552.000 611262.000 223214.000 
225740.000 3331552.000 568195.000 225632.000 
223090.000 3331552.000 572228.000 222614.000 
217448.000 3331552.000 564980.000 217232.000 
222231.000 3331552.000 585663.000 222054.000 
227867.000 3331552.000 602753.000 224538.000 
222400.000 3331552.000 630401.000 222683.000 
236158.000 3331552.000 640468.000 237966.000 
252168.000 3331552.000 650828.000 249611.000 
251700.000 3331552.000 640070.000 251647.000 
258240.000 3331552.000 634656.000 258707.000 
253838.000 3331552.000 621499.000 254271.000 
254929.000 3331552.000 594389.000 255390.000 
257973.000 3331552.000 603705.000 253954.000 
237342.000 3331552.000 612928.000 237076.000 
234874.000 3331552.000 616408.000 236407.000 
237335.000 3331552.000 640773.000 237031.000 
236101.000 3331552.000 654506.000 236386.000 
240781.000 3331552.000 675853.000 239880.000 
240463.000 3331552.000 692969.000 239412.000 
231630.000 3331552.000 692169.000 231659.000 
242197.000 3331552.000 692380.000 242032.000 
261400.000 3331552.000 718428.000 263471.000 
283851.000 3331552.000 724822.000 283696.000 
285718.000 3331552.000 708230.000 287144.000 
285718.000 3331552.000 726884.000 287144.000 
285718.000 3331552.000 735239.000 287144.000 
198988.000 3331552.000 741534.000 196059.000 
176505.000 3331552.000 757919.000 175724.000 
186312.000 3331552.000 770011.000 186075.000 
178985.000 3331552.000 795808.000 179609.000 
169751.000 3331552.000 822139.000 169598.000 
179576.000 3331552.000 856822.000 178839.000 
201847.000 3331552.000 866578.000 200772.000 
200527.000 3331552.000 871641.000 201501.000 
196257.000 3298565.000 869230.000 197022.000 
207354.000 3234332.000 873610.000 208114.000 
196232.000 3234332.000 868712.000 199423.000 
198634.000 3234332.000 891326.000 198910.000 
213498.000 3234332.000 829622.000 216342.000 
206703.000 3234332.000 835440.000 208437.000 
201785.000 3234332.000 864167.000 203074.000 
224297.000 3234332.000 853239.000 222442.000 
232296.000 3234332.000 849854.000 231527.000 
246998.000 3234332.000 859093.000 247037.000 
251637.000 3234332.000 879252.000 251070.000 
235752.000 3234332.000 870283.000 236997.000 
219783.000 3234332.000 883599.000 219931.000 
243383.000 3234332.000 894249.000 240425.000 
252780.000 3234332.000 856926.000 252427.000 
245612.000 3234332.000 833121.000 244742.000 
217369.000 3234332.000 847557.000 218479.000 
218164.000 3234332.000 868537.000 219199.000 
236629.000 3234332.000 856707.000 236487.000 
237446.000 3234332.000 873940.000 239684.000 
245467.000 3234332.000 873752.000 243779.000 
230533.000 3234332.000 884359.000 230483.000 
228580.000 3234332.000 899697.000 229302.000 
227279.000 3234332.000 915615.000 228604.000 
238852.000 3234332.000 911709.000 239405.000 
240623.000 3234332.000 897470.000 240332.000 
233775.000 3234332.000 891776.000 233198.000 
223868.000 3234332.000 915579.000 224393.000 
227022.000 3234332.000 892910.000 226813.000 
242655.000 3234332.000 904992.000 242578.000 
244108.000 3234332.000 884652.000 243453.000 
239356.000 3234332.000 885850.000 238338.000 
234759.000 3234332.000 888633.000 234736.000 
235346.000 3234332.000 919829.000 235508.000 
240484.000 3234332.000 937323.000 241543.000 
248028.000 3234332.000 946222.000 247948.000 
255677.000 3234332.000 919460.000 256341.000 
264661.000 3234332.000 924198.000 264188.000 
249078.000 3234332.000 911148.000 249727.000 
256073.000 3234332.000 920077.000 255854.000 
252672.000 3234332.000 917044.000 252575.000 
250815.000 3234332.000 934659.000 250038.000 
257400.000 3234332.000 940052.000 257486.000 
271782.000 3234332.000 904509.000 273445.000 
284626.000 3234332.000 878320.000 284200.000 
284626.000 3234332.000 898454.000 284200.000 
284626.000 3234332.000 919350.000 284200.000 
244905.000 3234332.000 949669.000 256043.000 
178426.000 3234332.000 941119.000 178169.000 
193158.000 3234332.000 950574.000 190069.000 
177742.000 3234332.000 941918.000 180239.000 
167769.000 3234332.000 909955.000 166095.000 
187610.000 3234332.000 922178.000 188291.000 
209643.000 3234332.000 957902.000 209186.000 
209465.000 3234332.000 972289.000 208803.000 
201705.000 3234332.000 971834.000 201975.000 
212366.000 3234332.000 955239.000 211848.000 
220063.000 2568828.000 971271.000 220299.000 
230730.000 2240574.000 956996.000 228331.000 
236036.000 2243661.000 950113.000 235680.000 
238904.000 2226489.000 954942.000 237752.000 
237386.000 2231367.000 959626.000 238645.000 
236801.000 2220626.000 959337.000 236014.000 
230049.000 2222030.000 957170.000 230501.000 
227880.000 2254205.000 940521.000 228282.000 
235057.000 2273900.000 934361.000 235074.000 
256197.000 2281116.000 893567.000 256424.000 
270296.000 2278867.000 905103.000 269787.000 
267196.000 2278810.000 923982.000 265213.000 
267196.000 2296799.000 941882.000 265213.000 
234716.000 2318568.000 942147.000 235030.000 
163002.000 2332673.000 934260.000 164850.000 
174849.000 2344188.000 921101.000 175741.000 
168342.000 2381005.000 918536.000 168274.000 
170520.000 2327127.000 935788.000 171229.000 
175646.000 2329512.000 943851.000 174917.000 
187850.000 2344826.000 962314.000 185980.000 
196260.000 2397006.000 956737.000 196976.000 
187089.000 2487255.000 967884.000 188447.000 
168355.000 2594721.000 973987.000 168930.000 
182634.000 2672435.000 963221.000 181791.000 
192871.000 2791215.000 959746.000 193588.000 
191993.000 2517103.000 966531.000 191963.000 
190420.000 2502676.000 955527.000 190400.000 
195675.000 2527895.000 951011.000 196516.000 
199669.000 2527453.000 963952.000 199539.000 
206048.000 2538471.000 972046.000 203204.000 
186661.000 2560520.000 994640.000 188132.000 
189210.000 2572665.000 1012478.000 187894.000 
208238.000 2576508.000 988243.000 208988.000 
211680.000 2594789.000 989879.000 211470.000 
199823.000 2616564.000 1010947.000 200655.000 
199702.000 2633582.000 1033726.000 199119.000 
207693.000 2656427.000 1035740.000 207309.000 
213141.000 2670527.000 1066201.000 213084.000 
215616.000 2673922.000 1091292.000 216584.000 
210887.000 2699446.000 1095103.000 207452.000 
182546.000 2698146.000 1129601.000 184024.000 
180631.000 2727991.000 1121640.000 180824.000 
183618.000 2752541.000 1110639.000 184327.000 
190861.000 2751273.000 1131955.000 190070.000 
199503.000 2754058.000 1165955.000 199645.000 
213639.000 2737350.000 1203288.000 213423.000 
212526.000 2730641.000 1220555.000 212816.000 
198958.000 2755043.000 1234045.000 199187.000 
217004.000 2779513.000 1236169.000 216780.000 
218955.000 2773821.000 1228045.000 219127.000 
201607.000 2783897.000 1221778.000 201819.000 
197176.000 2791871.000 1231063.000 196433.000 
191368.000 2792908.000 1231215.000 191421.000 
190690.000 2793003.000 1256209.000 190727.000 
203853.000 2790285.000 1234731.000 204105.000 
203078.000 2797573.000 1265419.000 203082.000 
207049.000 2817863.000 1263926.000 207272.000 
204690.000 2843684.000 1254553.000 206473.000 
188622.000 2849166.000 1271712.000 187954.000 
194431.000 2860793.000 1275413.000 196061.000 
201683.000 2875816.000 1304804.000 201440.000 
210364.000 2860540.000 1325061.000 211089.000 
221616.000 2837551.000 1362293.000 219811.000 
218168.000 2810108.000 1405877.000 217376.000 
212006.000 2840955.000 1418473.000 212276.000 
229329.000 2853445.000 1405749.000 229348.000 
229301.000 2883330.000 1412965.000 228792.000 
227131.000 2890803.000 1418330.000 226174.000 
211907.000 2900216.000 1460918.000 212854.000 
194097.000 2917236.000 1500733.000 194498.000 
218156.000 2876315.000 1509084.000 219674.000 
247262.000 2843417.000 1521100.000 246403.000 
242035.000 2836954.000 1562720.000 242088.000 
226275.000 2862749.000 1574169.000 227653.000 
223829.000 2903306.000 1582190.000 224667.000 
229374.000 2916865.000 1604753.000 230708.000 
229043.000 2920005.000 1621643.000 229762.000 
248596.000 2927777.000 1620742.000 248112.000 
265596.000 2937507.000 1624766.000 264835.000 
280933.000 2885606.000 1608999.000 280278.000 
280933.000 2894049.000 1644375.000 280278.000 
280933.000 2890515.000 1681412.000 280278.000 
224211.000 2901062.000 1713532.000 217589.000 
195292.000 2882647.000 1713532.000 194636.000 
200021.000 2871075.000 1713532.000 200870.000 
208670.000 2864719.000 1713532.000 208564.000 
220481.000 2834619.000 1713532.000 220020.000 
218032.000 2818444.000 1713532.000 217581.000 
212245.000 2808653.000 1713532.000 209769.000 
215545.000 2801121.000 1713532.000 215151.000 
213316.000 2824429.000 1713532.000 213203.000 
225279.000 2848253.000 1713532.000 225242.000 
243535.000 2820736.000 1713532.000 242110.000 
227106.000 2820577.000 1713532.000 228018.000 
233229.000 2793877.000 1713532.000 232728.000 
232094.000 2826203.000 1713532.000 232170.000 
231861.000 2818164.000 1713532.000 231692.000 
239057.000 2812512.000 1713532.000 238890.000 
231345.000 2817215.000 1713532.000 231398.000 
234026.000 2833454.000 1713532.000 233964.000 
226009.000 2863742.000 1713532.000 226355.000 
226097.000 2881950.000 1713532.000 224868.000 
251266.000 2890184.000 1713532.000 248940.000 
260471.000 2883831.000 1713532.000 261179.000 
259302.000 2886528.000 1713532.000 259817.000 
256508.000 2872356.000 1713532.000 255511.000 
255889.000 2876995.000 1713532.000 254549.000 
238304.000 2891137.000 1713532.000 238481.000 
258909.000 2897740.000 1713532.000 263886.000 
272511.000 2857843.000 1713532.000 272523.000 
275976.000 2845674.000 1713532.000 275203.000 
275976.000 2862054.000 1713532.000 275203.000 
275976.000 2843308.000 1713532.000 275203.000 
198583.000 2843944.000 1713532.000 197068.000 
190956.000 2843169.000 1713532.000 190185.000 
201977.000 2845815.000 1713532.000 202706.000 
216507.000 2854022.000 1713532.000 216703.000 
220305.000 2856229.000 1713532.000 220121.000 
217826.000 2850315.000 1713532.000 218047.000 
216968.000 2834126.000 1713532.000 215478.000 
232508.000 2834177.000 1713532.000 232828.000 
221105.000 2849920.000 1713532.000 218837.000 
222370.000 2865999.000 1713532.000 221597.000 
222756.000 2891977.000 1713532.000 223242.000 
235752.000 2893967.000 1750275.000 236343.000 
229144.000 2909437.000 1523853.000 228964.000 
235655.000 2889623.000 991788.000 235725.000 
232816.000 2903929.000 970237.000 232686.000 
223318.000 2916901.000 1074600.000 222182.000 
225378.000 2885083.000 1165192.000 223677.000 
233203.000 2888508.000 1272747.000 234136.000 
237701.000 2870933.000 1347688.000 239322.000 
238183.000 2871911.000 1347688.000 237303.000 
244590.000 2871510.000 1347688.000 244008.000 
241374.000 2859149.000 1347688.000 240670.000 
239768.000 2837724.000 1347688.000 240424.000 
247742.000 2836366.000 1347688.000 249490.000 
250809.000 2861605.000 1347688.000 249429.000 
251818.000 2901638.000 1347688.000 251791.000 
268610.000 2920422.000 1347688.000 266881.000 
281291.000 2923709.000 1347688.000 282963.000 
281745.000 2943033.000 1347688.000 282674.000 
281745.000 2965034.000 701732.000 282674.000 
281745.000 2962099.000 663252.000 282674.000 
167758.000 2978838.000 687160.000 168139.000 
169430.000 2980048.000 717889.000 169851.000 
187613.000 3013513.000 725438.000 188338.000 
206398.000 3030453.000 722641.000 205978.000 
207643.000 3053927.000 711758.000 207332.000 
197077.000 3050185.000 738465.000 195305.000 
191723.000 3073172.000 786590.000 194666.000 
198680.000 3094715.000 800747.000 200359.000 
199268.000 3086660.000 796191.000 200664.000 
194020.000 3107793.000 797083.000 194054.000 
208745.000 3102018.000 815716.000 208822.000 
220417.000 3119140.000 836244.000 220220.000 
225005.000 3101149.000 869090.000 224255.000 
222636.000 3120549.000 887110.000 222347.000 
233203.000 3090514.000 895884.000 233862.000 
245312.000 3063543.000 898913.000 245625.000 
237912.000 3055939.000 931774.000 237602.000 
237963.000 3046404.000 939160.000 237582.000 
250565.000 3038623.000 933003.000 250999.000 
236016.000 3058950.000 953017.000 236175.000 
224053.000 3081300.000 986267.000 224504.000 
243952.000 3071742.000 1002300.000 244058.000 
265107.000 3076934.000 1021257.000 265050.000 
266108.000 3081359.000 1058315.000 243935.000 
266108.000 3091820.000 1003398.000 252814.000 
262172.000 3073704.000 998232.000 253774.000 
251682.000 3096483.000 943614.000 248441.000 
244549.000 3093565.000 916590.000 243719.000 
224755.000 3120746.000 906606.000 225002.000 
209460.000 3123373.000 898693.000 210481.000 
217938.000 3147374.000 910572.000 218972.000 
232677.000 3161048.000 861158.000 235744.000 
249908.000 3176059.000 845509.000 251313.000 
250776.000 3163384.000 857764.000 255081.000 
230750.000 3169606.000 879234.000 233417.000 
212878.000 3181208.000 913695.000 213173.000 
223695.000 3184842.000 927766.000 224944.000 
243105.000 3210074.000 932894.000 241647.000 
249456.000 3214021.000 919656.000 249861.000 
250460.000 3222697.000 903187.000 250914.000 
251108.000 3232002.000 909561.000 251242.000 
248597.000 3228134.000 925464.000 248617.000 
254770.000 3239054.000 911144.000 255619.000 
256196.000 3239054.000 891848.000 256990.000 
258245.000 3239054.000 899699.000 257355.000 
254092.000 3239054.000 886468.000 254731.000 
251776.000 3239054.000 870898.000 256045.000 
256270.000 3239054.000 877238.000 246707.000 
256270.000 3239054.000 898539.000 233292.000 
247425.000 3239054.000 926747.000 223472.000 
216961.000 3239054.000 923268.000 215609.000 
220519.000 3239054.000 923361.000 220762.000 
219650.000 3239054.000 951109.000 219666.000 
214316.000 3239054.000 963431.000 217880.000 
209665.000 3239054.000 965412.000 213136.000 
205202.000 3239054.000 996863.000 208330.000 
221378.000 3239054.000 1000453.000 223195.000 
238410.000 3239054.000 987808.000 240764.000 
235783.000 3239054.000 947442.000 237115.000 
214546.000 3239054.000 963476.000 222497.000 
210912.000 3239054.000 989836.000 215503.000 
230454.000 3239054.000 987831.000 233368.000 
232251.000 3239054.000 989802.000 239076.000 
223403.000 3239054.000 991095.000 223334.000 
214364.000 3239054.000 1024593.000 217380.000 
217314.000 3239054.000 1030594.000 219175.000 
239410.000 3239054.000 1045126.000 244664.000 
232238.000 3239054.000 1071961.000 242337.000 
216207.000 3239054.000 1103730.000 221434.000 
217348.000 3239054.000 1137124.000 221025.000 
225864.000 3239054.000 1128092.000 232291.000 
237226.000 3239054.000 1107623.000 244297.000 
245551.000 3239054.000 1128253.000 246822.000 
253008.000 3239054.000 1121434.000 253140.000 
271979.000 3239054.000 1123547.000 274435.000 
276098.000 3239054.000 1098838.000 278987.000 
276098.000 3239054.000 1094589.000 278987.000 
276098.000 3239054.000 1097794.000 278987.000 
221529.000 3239054.000 1082204.000 217755.000 
203290.000 3239054.000 1032592.000 204661.000 
193621.000 3239054.000 1031644.000 193481.000 
200379.000 3239054.000 1053669.000 202470.000 
212161.000 3239054.000 1051297.000 212909.000 
201609.000 3239054.000 1043248.000 202959.000 
205251.000 3239054.000 1061800.000 206389.000 
196654.000 3239054.000 1067154.000 204248.000 
192898.000 3239054.000 1049499.000 194891.000 
197481.000 3239054.000 1043890.000 207532.000 
208275.000 3239054.000 1040921.000 214507.000 
209612.000 3239054.000 1050933.000 218444.000 
223201.000 3239054.000 1042712.000 230127.000 
236965.000 3239054.000 1045166.000 240263.000 
240254.000 3239054.000 1017891.000 256124.000 
220230.000 3239054.000 1011560.000 231226.000 
222142.000 3239054.000 1010322.000 222037.000 
238297.000 3239054.000 988642.000 244859.000 
261732.000 3239054.000 977066.000 267947.000 
273574.000 3239054.000 963578.000 277165.000 
273574.000 3239054.000 976933.000 277165.000 
273574.000 3239054.000 1000470.000 277165.000 
225326.000 3239054.000 1021672.000 232301.000 
179131.000 3239054.000 1034024.000 184608.000 
176888.000 3239054.000 1038015.000 177917.000 
176495.000 3239054.000 1048061.000 180689.000 
192083.000 3239054.000 1036483.000 191188.000 
188798.000 3239054.000 1037774.000 194701.000 
199680.000 3239054.000 1043643.000 198241.000 
209801.000 3239054.000 1068708.000 215293.000 
194283.000 3239054.000 1092756.000 198646.000 
186698.000 3239054.000 1078588.000 187993.000 
206196.000 3239054.000 1029607.000 208140.000 
215230.000 3255423.000 1039992.000 217592.000 
210369.000 3255423.000 1061809.000 210747.000 
209570.000 3255423.000 1078618.000 210512.000 
215479.000 3255423.000 1089545.000 219185.000 
211333.000 3255423.000 1118695.000 217890.000 
192639.000 3255423.000 1131251.000 194594.000 
204370.000 3255423.000 1139919.000 205177.000 
198885.000 3255423.000 1151043.000 205974.000 
191510.000 3255423.000 1171801.000 192280.000 
205394.000 3255423.000 1170741.000 209511.000 
216235.000 3255423.000 1172397.000 219877.000 
215122.000 3255423.000 1194609.000 216141.000 
216647.000 3255423.000 1198597.000 217836.000 
216945.000 3255423.000 1182792.000 217324.000 
220381.000 3255423.000 1191564.000 221504.000 
231004.000 3255423.000 1202627.000 234301.000 
220326.000 3255423.000 1201985.000 221692.000 
227305.000 3255423.000 1194552.000 227939.000 
247069.000 3255423.000 1169100.000 249120.000 
249932.000 3255423.000 1157571.000 249928.000 
219722.000 3255423.000 1161192.000 224045.000 
203069.000 3255423.000 1166847.000 206533.000 
198322.000 3255423.000 1195761.000 200370.000 
215753.000 3255423.000 1183723.000 220063.000 
239410.000 3255423.000 1196200.000 240536.000 
227331.000 3255423.000 1214721.000 227760.000 
215100.000 3255423.000 1237121.000 215894.000 
205190.000 2998870.000 1249531.000 212251.000 
199310.000 1223273.000 1290002.000 201477.000 
203435.000 1211329.000 1296485.000 206225.000 
210637.000 1235875.000 1318903.000 214395.000 
215376.000 1246451.000 1347993.000 216953.000 
203513.000 1218302.000 1402756.000 210314.000 
216250.000 1158357.000 1431548.000 218309.000 
229364.000 1150358.000 1445947.000 231744.000 
226454.000 1167139.000 1467345.000 229053.000 
211512.000 1164675.000 1491683.000 213036.000 
218990.000 1171672.000 1502046.000 221509.000 
220306.000 1171476.000 1531577.000 220940.000 
218628.000 1168827.000 1570898.000 220755.000 
230115.000 1222102.000 1591023.000 231053.000 
236675.000 1269987.000 1609582.000 241969.000 
241443.000 1275588.000 1605076.000 243928.000 
217331.000 1270438.000 1643400.000 223885.000 
219458.000 1280256.000 1616890.000 219774.000 
237861.000 1287153.000 1613657.000 240223.000 
241969.000 1304790.000 1650558.000 248115.000 
232842.000 1320400.000 1682326.000 233482.000 
242630.000 1288241.000 1703985.000 245454.000 
245084.000 1296877.000 1715719.000 247777.000 
237381.000 1308264.000 1729260.000 236547.000 
232413.000 1332641.000 1753188.000 237419.000 
239371.000 1342403.000 1780174.000 239411.000 
248970.000 1347560.000 1811048.000 249708.000 
247893.000 1382588.000 1818305.000 252574.000 
255618.000 1412035.000 1818305.000 254677.000 
265840.000 1404526.000 1818305.000 269882.000 
266156.000 1452243.000 1818305.000 271426.000 
266156.000 1466935.000 1818305.000 271426.000 
266156.000 1482538.000 1818305.000 271426.000 
236750.000 1512231.000 1818305.000 230685.000 
189449.000 1528710.000 1818305.000 189938.000 
185869.000 1556293.000 1818305.000 184597.000 
198565.000 1577649.000 1818305.000 200486.000 
207797.000 1608466.000 1818305.000 207261.000 
203094.000 1633418.000 1818305.000 204847.000 
207683.000 1615879.000 1818305.000 210366.000 
219031.000 1589225.000 1818305.000 219431.000 
228621.000 1590686.000 1818305.000 233000.000 
238305.000 1596269.000 1818305.000 238052.000 
231414.000 1585130.000 1818305.000 231614.000 
224569.000 1595810.000 1818305.000 226622.000 
235080.000 1588289.000 1818305.000 237232.000 
234437.000 1548815.000 1818305.000 237375.000 
232312.000 1550376.000 1818305.000 233064.000 
238622.000 1532260.000 1818305.000 242298.000 
230879.000 1533247.000 1818305.000 239405.000 
221931.000 1530660.000 1818305.000 223122.000 
226720.000 1532769.000 1818305.000 227661.000 
248615.000 1525432.000 1818305.000 254063.000 
268317.000 1528562.000 1818305.000 269884.000 
269603.000 1545110.000 1818305.000 270707.000 
271397.000 1565037.000 1818305.000 271980.000 
277766.000 1577835.000 1818305.000 278786.000 
292530.000 1576638.000 1362032.000 292897.000 
292530.000 1572646.000 1453959.000 292897.000 
292530.000 1559198.000 1555064.000 292897.000 
292530.000 1578127.000 1597154.000 292897.000 
292530.000 1586599.000 1587297.000 292897.000 
202898.000 1562476.000 1578906.000 209215.000 
188596.000 1547600.000 1591737.000 190986.000 
179100.000 1579760.000 1587154.000 180494.000 
180980.000 1588596.000 1550948.000 181927.000 
178169.000 1591920.000 1556852.000 179279.000 
186255.000 1576767.000 1570272.000 187511.000 
190396.000 1586954.000 1589529.000 190953.000 
201101.000 1585753.000 1594078.000 203514.000 
221183.000 1607037.000 1560398.000 222441.000 
226895.000 1629292.000 1544320.000 227823.000 
225208.000 1623016.000 1559685.000 224228.000 
233159.000 1626571.000 1610736.000 233368.000 
227827.000 1621398.000 1640160.000 227137.000 
230949.000 1642218.000 1638302.000 230702.000 
225350.000 1656523.000 1649515.000 227029.000 
231874.000 1652052.000 1633194.000 232930.000 
237795.000 1665642.000 1627260.000 237898.000 
229908.000 1691100.000 1622047.000 229740.000 
222174.000 1686370.000 1644834.000 224206.000 
233183.000 1643256.000 1657846.000 235674.000 
240870.000 1649659.000 1625534.000 242207.000 
248025.000 1620559.000 1638863.000 248972.000 
237903.000 1612337.000 1651415.000 237855.000 
228238.000 1605069.000 1670185.000 227681.000 
231319.000 1559464.000 1693273.000 231951.000 
238145.000 1566518.000 1716405.000 238917.000 
240760.000 1561123.000 1751383.000 241852.000 
238480.000 1562125.000 1751383.000 238424.000 
232763.000 1594226.000 1751383.000 232910.000 
237667.000 1611046.000 1751383.000 239237.000 
232355.000 1608573.000 1751383.000 233742.000 
225151.000 1600190.000 1751383.000 224902.000 
222162.000 1623091.000 1751383.000 223558.000 
236139.000 1606544.000 1751383.000 237929.000 
244061.000 1598526.000 1751383.000 244966.000 
228800.000 1623075.000 1751383.000 230049.000 
217132.000 1632763.000 1751383.000 216567.000 
227437.000 1640522.000 1751383.000 228793.000 
233181.000 1651433.000 1751383.000 234734.000 
233287.000 1649820.000 1751383.000 233938.000 
245163.000 1665412.000 1751383.000 245900.000 
241605.000 1671544.000 1751383.000 241148.000 
221825.000 1684186.000 1751383.000 225028.000 
228201.000 1678960.000 1751383.000 229332.000 
229757.000 1706354.000 1751383.000 230583.000 
226717.000 1706581.000 1751383.000 227207.000 
231739.000 1709063.000 1751383.000 231893.000 
218845.000 1722908.000 1751383.000 225242.000 
228166.000 1737200.000 1751383.000 228823.000 
232580.000 1734104.000 1751383.000 233587.000 
243650.000 1742696.000 1751383.000 244985.000 
228813.000 1752926.000 1751383.000 232513.000 
229517.000 1754708.000 1751383.000 230582.000 
226282.000 1735888.000 1751383.000 225918.000 
243804.000 1735801.000 1751383.000 248579.000 
251795.000 1775594.000 1341111.000 252382.000 
249978.000 1816275.000 1244787.000 251251.000 
245183.000 1829530.000 1290418.000 245025.000 
240146.000 1833838.000 1304523.000 240369.000 
237889.000 1841067.000 1321083.000 237977.000 
244626.000 1856661.000 1325539.000 246498.000 
251152.000 1865733.000 1321898.000 251462.000 
249969.000 1894203.000 1334889.000 250661.000 
259496.000 1865689.000 1334430.000 260536.000 
263719.000 1847947.000 1326494.000 265619.000 
261129.000 1872284.000 1320019.000 265843.000 
261129.000 1854461.000 1289053.000 265843.000 
261129.000 1862920.000 1282337.000 265843.000 
248784.000 1869055.000 1296642.000 253858.000 
217584.000 1883067.000 1324657.000 217044.000 
211896.000 1880199.000 1344099.000 215514.000 
209817.000 1901052.000 1326576.000 210156.000 
212824.000 1907758.000 1335572.000 214152.000 
226241.000 1900431.000 1350726.000 227308.000 
214195.000 1883262.000 1367490.000 213723.000 
211275.000 1847819.000 1377226.000 213544.000 
230718.000 1834208.000 1368694.000 231615.000 
247127.000 1838048.000 1368150.000 245308.000 
234867.000 1827454.000 1375377.000 236138.000 
244384.000 1829371.000 1367555.000 244982.000 
251302.000 1819943.000 1372035.000 252619.000 
259656.000 1838223.000 1379308.000 259918.000 
243867.000 1865522.000 1396688.000 242641.000 
245720.000 1877211.000 1421070.000 245151.000 
252829.000 1837554.000 1454360.000 253278.000 
254964.000 1831460.000 1474468.000 255073.000 
274825.000 1810265.000 1491673.000 275931.000 
278299.000 1821547.000 1478606.000 279630.000 
278299.000 1829401.000 1469340.000 279630.000 
278299.000 1817450.000 1479360.000 279630.000 
258227.000 1837223.000 1476110.000 250290.000 
187397.000 1854795.000 1486451.000 188604.000 
188509.000 1871818.000 1513395.000 188991.000 
200174.000 1845227.000 1508074.000 202199.000 
208506.000 1861222.000 1520693.000 210720.000 
218082.000 1863723.000 1527821.000 218947.000 
215028.000 1890957.000 1513224.000 215150.000 
200454.000 1930728.000 1514179.000 200752.000 
194784.000 1938051.000 1534462.000 195585.000 
200681.000 1951829.000 1537107.000 200829.000 
197782.000 1985140.000 1512581.000 203029.000 
223825.000 1973432.000 1501458.000 221814.000 
227941.000 1965872.000 1500183.000 230502.000 
214861.000 1974862.000 1520131.000 214870.000 
216015.000 1995904.000 1506423.000 216827.000 
213193.000 2035046.000 1519561.000 213291.000 
198580.000 2066609.000 1543984.000 201173.000 
200023.000 2097807.000 1561385.000 200102.000 
211090.000 2107918.000 1553574.000 213243.000 
229966.000 2117408.000 1540362.000 231148.000 
227271.000 2146578.000 1538975.000 227252.000 
225778.000 2186716.000 1549176.000 227547.000 
223762.000 2213385.000 1571482.000 224155.000 
227037.000 2222444.000 1566163.000 228536.000 
232103.000 2249573.000 1548072.000 231819.000 
209138.000 2287271.000 1572011.000 211330.000 
198653.000 2330703.000 1589615.000 199604.000 
215072.000 2357786.000 1596892.000 215425.000 
231562.000 2382947.000 1607793.000 232811.000 
226464.000 2412844.000 1586579.000 225800.000 
209045.000 2429796.000 1605563.000 211257.000 
229546.000 2413670.000 1594510.000 229181.000 
236828.000 2434969.000 1548212.000 237876.000 
231737.000 2451784.000 1558967.000 232525.000 
215041.000 2475383.000 1565628.000 215108.000 
204322.000 2490030.000 1573274.000 205244.000 
207879.000 2533927.000 1592975.000 208606.000 
208576.000 2569940.000 1603138.000 210170.000 
218283.000 2604581.000 1601204.000 218738.000 
219472.000 2632056.000 1603926.000 220348.000 
220674.000 2656699.000 1621796.000 220540.000 
217409.000 2672924.000 1623400.000 217827.000 
229228.000 2688804.000 1602302.000 229544.000 
232501.000 2673188.000 1628853.000 233384.000 
235315.000 2699034.000 1624294.000 235318.000 
237223.000 2730232.000 1603507.000 237969.000 
206339.000 2759689.000 1628676.000 209147.000 
201490.000 2772940.000 1637890.000 200400.000 
216681.000 2785439.000 1655205.000 217167.000 
222023.000 2820673.000 1647534.000 224000.000 
218121.000 2832059.000 1649524.000 220946.000 
220762.000 2860477.000 1643162.000 223635.000 
222324.000 2898333.000 1646611.000 222344.000 
233784.000 2917432.000 1640893.000 234006.000 
234694.000 2959358.000 1618881.000 235809.000 
244245.000 2987018.000 1589448.000 245263.000 
253746.000 3004935.000 1552271.000 254191.000 
267178.000 3032041.000 1539004.000 268047.000 
267178.000 3078872.000 1492567.000 268047.000 
267178.000 3113074.000 1511067.000 268047.000 
238086.000 3114288.000 1522561.000 268047.000 
181777.000 3139102.000 1490163.000 181851.000 
169762.000 3164160.000 1476194.000 170775.000 
180138.000 3185426.000 1491704.000 181081.000 
185876.000 3204967.000 1513839.000 185898.000 
194041.000 3236027.000 1488231.000 194215.000 
203672.000 3260476.000 1494373.000 204405.000 
205569.000 3263656.000 1505220.000 206721.000 
197741.000 3243670.000 1533725.000 198780.000 
194631.000 3268091.000 1561569.000 195927.000 
202176.000 3272568.000 1589624.000 203296.000 
221662.000 3285513.000 1601288.000 225359.000 
228636.000 3314443.000 1621012.000 230310.000 
223831.000 3328005.000 1633674.000 224028.000 
226095.000 3328005.000 1653417.000 226185.000 
234711.000 3328005.000 1652184.000 234056.000 
241225.000 3328005.000 1651759.000 243432.000 
255610.000 3328005.000 1666311.000 255318.000 
256906.000 3328005.000 1674304.000 257924.000 
253372.000 3328005.000 1662276.000 254866.000 
250456.000 3328005.000 1660384.000 250300.000 
234374.000 3328005.000 1673517.000 235184.000 
237946.000 3328005.000 1688263.000 239284.000 
258802.000 3328005.000 1687830.000 256113.000 
267628.000 3328005.000 1687830.000 267684.000 
259685.000 3328005.000 1687830.000 260418.000 
259685.000 3328005.000 1687830.000 260418.000 
259685.000 3328005.000 1687830.000 260418.000 
196498.000 3328005.000 1687830.000 190519.000 
185182.000 3328005.000 1687830.000 184553.000 
186405.000 3328005.000 1687830.000 187215.000 
169866.000 3328005.000 1687830.000 168554.000 
158572.000 3328005.000 1687830.000 158496.000 
168325.000 3328005.000 1687830.000 167510.000 
181582.000 3328005.000 1687830.000 181536.000 
191475.000 3328005.000 1687830.000 191981.000 
200662.000 3328005.000 1687830.000 202031.000 
210003.000 3328005.000 1687830.000 209816.000 
217223.000 3328005.000 1687830.000 217099.000 
214658.000 3328005.000 1687830.000 213798.000 
215666.000 3328005.000 1687830.000 213702.000 
207046.000 3328005.000 1687830.000 206249.000 
198962.000 3328005.000 1687830.000 199328.000 
204378.000 3328005.000 1687830.000 204942.000 
218459.000 3328005.000 1687830.000 216788.000 
224427.000 3328005.000 1687830.000 226903.000 
217673.000 3328005.000 1687830.000 217817.000 
207577.000 3328005.000 1687830.000 206824.000 
223303.000 3328005.000 1687830.000 222066.000 
222030.000 3328005.000 1687830.000 221557.000 
202420.000 3328005.000 1371272.000 202012.000 
217108.000 3328005.000 1220657.000 216394.000 
224698.000 3328005.000 1275216.000 223788.000 
212846.000 3328005.000 1312366.000 212886.000 
215281.000 3328005.000 1299419.000 214989.000 
227653.000 3328005.000 1291402.000 227250.000 
234253.000 3328005.000 1261730.000 235034.000 
239687.000 3328005.000 1272699.000 239627.000 
223429.000 3328005.000 1265776.000 223781.000 
215336.000 3328005.000 1268611.000 214406.000 
212202.000 3328005.000 1256103.000 211990.000 
211322.000 3328005.000 1262655.000 209566.000 
213132.000 3328005.000 1267383.000 211507.000 
233482.000 3328005.000 1294000.000 233772.000 
240692.000 3328005.000 1350736.000 240782.000 
215042.000 3328005.000 1394771.000 215326.000 
208210.000 3328005.000 1417169.000 207223.000 
212572.000 3328005.000 1419786.000 212029.000 
228137.000 3328005.000 1404844.000 227886.000 
237438.000 3328005.000 1392636.000 237925.000 
226188.000 3328005.000 1414392.000 226487.000 
224134.000 3328005.000 1415328.000 222612.000 
213874.000 3328005.000 1441923.000 213651.000 
212462.000 3328005.000 1450447.000 212587.000 
219676.000 3328005.000 1426712.000 219959.000 
225233.000 3328005.000 1426599.000 224299.000 
228637.000 3328005.000 1425404.000 229605.000 
227585.000 3328005.000 1447878.000 227244.000 
221163.000 3328005.000 1448750.000 220500.000 
221535.000 3328005.000 1467908.000 221243.000 
216641.000 3328005.000 1478598.000 216761.000 
224051.000 3328005.000 1474264.000 225342.000 
242888.000 3328005.000 1479555.000 243524.000 
261871.000 3328005.000 1506468.000 261659.000 
246599.000 3328005.000 1525234.000 246729.000 
241760.000 3328005.000 1510890.000 242372.000 
234707.000 3328005.000 1524366.000 234878.000 
240231.000 3328005.000 1529173.000 240756.000 
242514.000 3328005.000 1558118.000 243723.000 
232966.000 3328005.000 1585607.000 232824.000 
243841.000 3328005.000 1588719.000 245457.000 
255122.000 3328005.000 1584622.000 256065.000 
260748.000 3328005.000 1598349.000 260514.000 
270915.000 3328005.000 1582446.000 272274.000 
275803.000 3328005.000 1607721.000 276285.000 
275413.000 3328005.000 1586001.000 277207.000 
275413.000 3328005.000 1572972.000 277207.000 
275413.000 3328005.000 1602926.000 277207.000 
174376.000 3328005.000 1636733.000 172840.000 
185983.000 3328005.000 1655512.000 185000.000 
208217.000 3328005.000 1661274.000 208299.000 
207049.000 3328005.000 1682710.000 206707.000 
218157.000 3328005.000 1679825.000 216649.000 
218595.000 3328005.000 1695950.000 220258.000 
209825.000 3328005.000 1681338.000 211921.000 
212851.000 3328005.000 1643929.000 213932.000 
207333.000 3328005.000 1666373.000 208474.000 
217285.000 3328005.000 1680299.000 217603.000 
220141.000 3328005.000 1705817.000 221902.000 
215371.000 3328005.000 1723555.000 214829.000 
228738.000 3328005.000 1714400.000 228374.000 
243911.000 3328005.000 1714400.000 244075.000 
251870.000 3328005.000 1714400.000 252828.000 
239533.000 3328005.000 1714400.000 242249.000 
231457.000 3328005.000 1714400.000 231927.000 
225546.000 3328005.000 1714400.000 226493.000 
235933.000 3328005.000 1714400.000 237903.000 
250319.000 3328005.000 1714400.000 251977.000 
273333.000 3328005.000 1714400.000 272858.000 
264677.000 3328005.000 1714400.000 266393.000 
264677.000 3328005.000 1714400.000 266393.000 
264677.000 3328005.000 1714400.000 266393.000 
226517.000 3328005.000 1714400.000 225940.000 
197379.000 3328005.000 1714400.000 195530.000 
196840.000 3328005.000 1714400.000 195357.000 
144510.000 2928630.000 1714400.000 148166.000 
144168.000 2928630.000 1714400.000 145734.000 
143510.000 2272857.000 1714400.000 149321.000 
145948.000 1389138.000 1714400.000 150555.000 
150093.000 870070.000 1714400.000 152916.000 
155143.000 565967.000 1714400.000 159627.000 
161724.000 202758.000 1714400.000 168138.000 
165674.000 155788.000 1714400.000 171956.000 
184076.000 155577.000 1714400.000 186022.000 
195503.000 175232.000 1536056.000 196329.000 
205587.000 231880.000 986614.000 205606.000 
202408.000 247623.000 1014323.000 202292.000 
194425.000 295692.000 1042153.000 196374.000 
201277.000 344086.000 1088289.000 202051.000 
203382.000 413003.000 1105150.000 203062.000 
221255.000 467700.000 1114515.000 220835.000 
228921.000 520074.000 1139606.000 228318.000 
220115.000 548473.000 1173710.000 220005.000 
209851.000 593259.000 1199139.000 210917.000 
196925.000 641892.000 1225255.000 196573.000 
209846.000 678421.000 1245439.000 208725.000 
222448.000 715372.000 1256115.000 222838.000 
230109.000 770703.000 1267471.000 229694.000 
237979.000 819890.000 1266211.000 238027.000 
246339.000 833061.000 1242004.000 247408.000 
241999.000 833061.000 1245796.000 242318.000 
223222.000 833061.000 1251501.000 224073.000 
217539.000 833061.000 1268414.000 216635.000 
230270.000 833061.000 1278890.000 231634.000 
234043.000 833061.000 1312750.000 234360.000 
220912.000 833061.000 1316713.000 219415.000 
222443.000 833061.000 1312398.000 222173.000 
227777.000 598830.000 1303989.000 228897.000 
234778.000 561700.000 1293174.000 234847.000 
226730.000 574584.000 1299594.000 226314.000 
217080.000 595347.000 1331990.000 216382.000 
228023.000 601354.000 1338548.000 227195.000 
240161.000 605089.000 1350555.000 240560.000 
229844.000 638825.000 1356660.000 230415.000 
220783.000 643461.000 1358210.000 221451.000 
225053.000 655690.000 1360655.000 225787.000 
232182.000 638885.000 1359443.000 231584.000 
239275.000 628148.000 1362263.000 239649.000 
235828.000 639367.000 1352248.000 235600.000 
251603.000 598997.000 1333489.000 250755.000 
247886.000 602887.000 1330569.000 249223.000 
199046.000 632630.000 1363741.000 198164.000 
206071.000 635735.000 1393504.000 205367.000 
246583.000 630542.000 1380603.000 250676.000 
272979.000 624103.000 1367692.000 273946.000 
272979.000 656875.000 1397922.000 273370.000 
272979.000 693046.000 1407337.000 273370.000 
181024.000 672025.000 1428167.000 185463.000 
156013.000 663585.000 1450356.000 155382.000 
168685.000 686852.000 1438177.000 168155.000 
165228.000 732316.000 1443307.000 165341.000 
163579.000 780191.000 1439905.000 164044.000 
173215.000 809579.000 1446965.000 174087.000 
176897.000 835348.000 1433159.000 180025.000 
174333.000 852056.000 1444041.000 174740.000 
188337.000 871048.000 1419375.000 189914.000 
201244.000 882291.000 1416918.000 200987.000 
196534.000 882210.000 1436338.000 195694.000 
203289.000 863148.000 1460933.000 201474.000 
196589.000 819552.000 1509098.000 196537.000 
204354.000 802033.000 1505792.000 204345.000 
216822.000 746347.000 1524413.000 219151.000 
213490.000 745150.000 1517663.000 215287.000 
205743.000 760331.000 1514990.000 205834.000 
203559.000 780417.000 1528422.000 203993.000 
209043.000 789128.000 1549029.000 208180.000 
224343.000 795278.000 1550365.000 225370.000 
232702.000 823505.000 1541270.000 233552.000 
228374.000 836101.000 1555339.000 228357.000 
230227.000 843261.000 1573315.000 231194.000 
239293.000 839267.000 1569453.000 241111.000 
245539.000 796063.000 1595959.000 245917.000 
245758.000 775936.000 1573684.000 246030.000 
241832.000 771677.000 1587200.000 240718.000 
241868.000 799537.000 1521266.000 242299.000 
227232.000 808357.000 1508870.000 228218.000 
216734.000 823244.000 1507294.000 217100.000 
211910.000 820685.000 1527806.000 212571.000 
216880.000 843464.000 1542513.000 216684.000 
218330.000 879937.000 1516429.000 218449.000 
230328.000 913886.000 1488196.000 232110.000 
224882.000 926809.000 1501656.000 225322.000 
223501.000 943168.000 1514286.000 223348.000 
239445.000 904266.000 1530665.000 239620.000 
245644.000 895746.000 1522050.000 246009.000 
231884.000 877341.000 1529361.000 232046.000 
215903.000 918318.000 1514704.000 215849.000 
207219.000 929873.000 1521202.000 207830.000 
217756.000 882374.000 1548338.000 217784.000 
232633.000 843745.000 1569064.000 232504.000 
236300.000 839255.000 1586423.000 234362.000 
243262.000 855259.000 1562053.000 243188.000 
243698.000 889233.000 1540721.000 243840.000 
215034.000 885398.000 1545249.000 215061.000 
226770.000 877393.000 1549524.000 227315.000 
234161.000 823045.000 1572463.000 234254.000 
234574.000 834603.000 1579812.000 234427.000 
232479.000 855245.000 1567027.000 232585.000 
238479.000 844388.000 1588784.000 238399.000 
250622.000 832407.000 1583912.000 250400.000 
242016.000 830394.000 1584584.000 241397.000 
227204.000 825505.000 1591958.000 228327.000 
223268.000 813074.000 1622199.000 223202.000 
220288.000 844765.000 1612253.000 220076.000 
229390.000 847318.000 1588337.000 229942.000 
243556.000 825740.000 1561617.000 243309.000 
251781.000 835200.000 1573521.000 251645.000 
224588.000 863617.000 1616172.000 225658.000 
224838.000 859267.000 1647974.000 223794.000 
229216.000 877634.000 1634077.000 230446.000 
232230.000 894959.000 1632936.000 231475.000 
247184.000 906003.000 1615749.000 246479.000 
262431.000 859015.000 1622108.000 262617.000 
262186.000 881249.000 1620361.000 263796.000 
262186.000 907818.000 1621892.000 263796.000 
256118.000 911085.000 1608098.000 257630.000 
201816.000 888441.000 1620998.000 203135.000 
185582.000 892592.000 1631028.000 187274.000 
191818.000 881202.000 1585558.000 191045.000 
196007.000 875886.000 1593434.000 196114.000 
200392.000 898147.000 1574195.000 199932.000 
210348.000 908305.000 1582918.000 209608.000 
208511.000 892199.000 1587078.000 207858.000 
200707.000 921569.000 1554821.000 200818.000 
206557.000 922774.000 1548621.000 207609.000 
223232.000 919794.000 1571295.000 223300.000 
222710.000 930903.000 1580675.000 222600.000 
221460.000 934788.000 1604308.000 221247.000 
231829.000 937822.000 1586211.000 231812.000 
240155.000 915202.000 1600777.000 240419.000 
234518.000 927963.000 1602054.000 234968.000 
231985.000 947956.000 1624574.000 231939.000 
243921.000 895899.000 1634495.000 243518.000 
249839.000 909954.000 1603614.000 249935.000 
245104.000 927902.000 1630439.000 244634.000 
236856.000 942657.000 1666120.000 237336.000 
231120.000 935620.000 1692249.000 231189.000 
254262.000 905113.000 1726639.000 253713.000 
268335.000 904078.000 1743052.000 268906.000 
261312.000 924733.000 1719302.000 260706.000 
253794.000 927107.000 1737239.000 253676.000 
242064.000 934941.000 1775265.000 241864.000 
236328.000 957277.000 1775265.000 234938.000 
246774.000 976029.000 1775265.000 247222.000 
255059.000 960814.000 1775265.000 255869.000 
273240.000 929070.000 1775265.000 273740.000 
276139.000 960750.000 1775265.000 276808.000 
275747.000 1012674.000 1775265.000 270243.000 
275747.000 1028065.000 1775265.000 270243.000 
275747.000 1026600.000 1775265.000 233710.000 
172999.000 1047129.000 1775265.000 171688.000 
182216.000 1047077.000 1775265.000 184567.000 
205337.000 1044478.000 1775265.000 202171.000 
214485.000 1012722.000 1775265.000 216655.000 
216533.000 1033364.000 1775265.000 216555.000 
223024.000 1056209.000 1775265.000 223752.000 
226406.000 1062813.000 1775265.000 224178.000 
215467.000 1041971.000 1775265.000 216107.000 
219850.000 1041187.000 1775265.000 220789.000 
222804.000 1066748.000 1775265.000 221129.000 
224941.000 1043167.000 1775265.000 224805.000 
223725.000 1054575.000 1775265.000 225912.000 
231640.000 1065838.000 1775265.000 233371.000 
234303.000 1074634.000 1775265.000 233745.000 
234881.000 1102688.000 1775265.000 235624.000 
233972.000 1104770.000 1775265.000 232992.000 
247687.000 1099777.000 1775265.000 247290.000 
261015.000 1105262.000 1775265.000 262670.000 
265075.000 1113509.000 1775265.000 265549.000 
265075.000 1121477.000 1643015.000 265605.000 
265075.000 1153701.000 1236450.000 265605.000 
195389.000 1171031.000 1282266.000 192713.000 
153624.000 1209932.000 1385143.000 151734.000 
176092.000 1225412.000 1397858.000 177088.000 
199567.000 1228939.000 1381807.000 200989.000 
194216.000 1240744.000 1387300.000 195318.000 
182462.000 1253676.000 1388557.000 182646.000 
172306.000 1277786.000 1391535.000 171493.000 
187127.000 1287936.000 1407976.000 187241.000 
209034.000 1298069.000 1403174.000 211094.000 
201960.000 1329184.000 1388478.000 202436.000 
189894.000 1346866.000 1404516.000 188810.000 
191889.000 1364891.000 1424219.000 191609.000 
203045.000 1357772.000 1396758.000 203834.000 
207427.000 1365081.000 1436921.000 206299.000 
198910.000 1363033.000 1478969.000 204008.000 
206085.000 1351508.000 1491200.000 205725.000 
199059.000 1372285.000 1498099.000 201007.000 
196287.000 1400056.000 1525519.000 196006.000 
216512.000 1433649.000 1519205.000 217392.000 
221845.000 1442563.000 1536179.000 220892.000 
205411.000 1446431.000 1552883.000 205589.000 
205334.000 1460339.000 1578287.000 204662.000 
199788.000 1490427.000 1578975.000 200657.000 
213946.000 1520255.000 1580312.000 213277.000 
212964.000 1564148.000 1576546.000 211813.000 
197400.000 1579475.000 1601263.000 197829.000 
201818.000 1606487.000 1602289.000 202040.000 
210792.000 1639354.000 1583232.000 210518.000 
222142.000 1639793.000 1611388.000 221791.000 
220045.000 1664259.000 1619745.000 220677.000 
213855.000 1678436.000 1626112.000 213844.000 
206308.000 1728141.000 1614476.000 206530.000 
204716.000 1745372.000 1606074.000 204136.000 
200748.000 1796843.000 1612186.000 201377.000 
191188.000 1833481.000 1637853.000 190749.000 
192867.000 1870213.000 1652355.000 195227.000 
203108.000 1899644.000 1635936.000 203803.000 
211912.000 1922236.000 1608745.000 211979.000 
191903.000 1959418.000 1618910.000 192496.000 
192685.000 1964072.000 1654404.000 192625.000 
219495.000 1985355.000 1654893.000 218793.000 
220340.000 2035830.000 1644471.000 220625.000 
217664.000 2063510.000 1641992.000 216872.000 
213028.000 2079077.000 1645125.000 214291.000 
192796.000 2117426.000 1681032.000 193707.000 
192380.000 2138280.000 1681032.000 192661.000 
202713.000 2141921.000 1681032.000 202909.000 
203071.000 2155464.000 1681032.000 203166.000 
212778.000 2186174.000 1681032.000 212959.000 
203215.000 2226117.000 1681032.000 200129.000 
203598.000 2259801.000 1681032.000 203507.000 
222220.000 2305717.000 1681032.000 221895.000 
241816.000 2312306.000 1681032.000 242915.000 
238117.000 2346162.000 1681032.000 237484.000 
227115.000 2346908.000 1681032.000 225888.000 
206640.000 2340666.000 1681032.000 206835.000 
214792.000 2383810.000 1681032.000 215520.000 
219240.000 2415651.000 1681032.000 218153.000 
216863.000 2438350.000 1681032.000 216216.000 
233909.000 2412082.000 1681032.000 235815.000 
251206.000 2411309.000 1681032.000 252445.000 
249863.000 2427035.000 1681032.000 250004.000 
241902.000 2443372.000 1681032.000 241552.000 
224163.000 2483792.000 1681032.000 223696.000 
218293.000 2520286.000 1681032.000 219682.000 
231443.000 2567489.000 1681032.000 230003.000 
220595.000 2623653.000 1681032.000 222648.000 
234888.000 2638576.000 1681032.000 234963.000 
265874.000 2661846.000 1681032.000 263333.000 
284939.000 2692745.000 1681032.000 282812.000 
284939.000 2747088.000 1681032.000 282812.000 
284939.000 2770756.000 1681032.000 282812.000 
284939.000 2809811.000 1477131.000 282812.000 
201170.000 2826848.000 1196506.000 200848.000 
198455.000 2852454.000 1267581.000 198853.000 
212154.000 2893186.000 1302344.000 212324.000 
226164.000 2920340.000 1278854.000 227755.000 
211390.000 2944608.000 1278196.000 211749.000 
187926.000 3001684.000 1245559.000 188959.000 
208191.000 3022449.000 1232704.000 207827.000 
228657.000 3040233.000 1223137.000 227224.000 
226921.000 3058747.000 1234025.000 228105.000 
228030.000 3098012.000 1249176.000 225873.000 
238489.000 3142281.000 1258043.000 236109.000 
253539.000 3165607.000 1255715.000 252176.000 
254088.000 3193863.000 1283506.000 252605.000 
252140.000 3226340.000 1321519.000 253696.000 
251663.000 3277617.000 1320648.000 252850.000 
251427.000 3334933.000 1312885.000 251891.000 
266719.000 3350875.000 1307084.000 267111.000 
284530.000 3346177.000 1271732.000 284233.000 
291034.000 3360468.000 1287421.000 291015.000 
291034.000 3408971.000 1299784.000 291015.000 
291034.000 3456348.000 1321302.000 291015.000 
173770.000 3503552.000 1341788.000 174688.000 
175155.000 3509344.000 1346953.000 175591.000 
176440.000 3509344.000 1352171.000 174507.000 
188674.000 3509344.000 1358725.000 187234.000 
209980.000 3509344.000 1340904.000 210323.000 
214777.000 3509344.000 1343162.000 215487.000 
209923.000 3509344.000 1340701.000 209223.000 
202397.000 3509344.000 1360815.000 202435.000 
193303.000 3509344.000 1395085.000 193353.000 
182484.000 3509344.000 1431008.000 182458.000 
189386.000 3509344.000 1451823.000 186051.000 
204774.000 3509344.000 1467360.000 204470.000 
204314.000 3509344.000 1482503.000 204270.000 
208570.000 3509344.000 1509283.000 208537.000 
216855.000 3509344.000 1519096.000 215913.000 
211909.000 3509344.000 1512314.000 210429.000 
212826.000 3509344.000 1511339.000 216796.000 
231741.000 3509344.000 1498230.000 230794.000 
230189.000 3509344.000 1503527.000 229515.000 
235689.000 3509344.000 1518010.000 235014.000 
234996.000 3509344.000 1524153.000 234918.000 
223732.000 3509344.000 1504429.000 223934.000 
212163.000 3509344.000 1468618.000 212441.000 
210004.000 3509344.000 1470764.000 210067.000 
215985.000 3509344.000 1465141.000 215507.000 
222439.000 3509344.000 1481664.000 223147.000 
213892.000 3509344.000 1512016.000 213067.000 
210287.000 3509344.000 1502039.000 210044.000 
218141.000 3509344.000 1483863.000 217646.000 
226731.000 3509344.000 1477414.000 226340.000 
236682.000 3509344.000 1473517.000 236514.000 
232253.000 3509344.000 1469851.000 231863.000 
219789.000 3509344.000 1499771.000 220288.000 
220393.000 3509344.000 1493012.000 218852.000 
232194.000 3509344.000 1504381.000 232293.000 
239026.000 3509344.000 1498905.000 238590.000 
242699.000 3509344.000 1510366.000 243014.000 
228448.000 3509344.000 1540001.000 228066.000 
225665.000 3509344.000 1556721.000 226240.000 
229519.000 3509344.000 1563670.000 230875.000 
229330.000 3509344.000 1575835.000 228498.000 
218421.000 3509344.000 1575662.000 218299.000 
212801.000 3509344.000 1577027.000 212835.000 
229320.000 3509344.000 1586476.000 229185.000 
219558.000 3509344.000 1617393.000 221577.000 
218682.000 3509344.000 1607019.000 218042.000 
225077.000 3509344.000 1620360.000 226055.000 
200729.000 3509344.000 1649607.000 200213.000 
199487.000 3509344.000 1642803.000 199659.000 
215828.000 3509344.000 1635625.000 215940.000 
229510.000 3509344.000 1640687.000 229211.000 
218072.000 3509344.000 1669099.000 218522.000 
229476.000 3509344.000 1677984.000 228567.000 
248348.000 3509344.000 1686099.000 247137.000 
256123.000 3509344.000 1670102.000 255998.000 
262623.000 3509344.000 1666036.000 262818.000 
250944.000 3509344.000 1661953.000 251167.000 
232041.000 3509344.000 1681140.000 231848.000 
237145.000 3509344.000 1652304.000 236041.000 
241294.000 3509344.000 1621118.000 241518.000 
252597.000 3509344.000 1585350.000 252636.000 
264587.000 3509344.000 1563381.000 262737.000 
268580.000 3509344.000 1560309.000 269971.000 
271301.000 3509344.000 1549733.000 270277.000 
263590.000 3509344.000 1567355.000 263652.000 
263590.000 3509344.000 1594963.000 263652.000 
263590.000 3509344.000 1588621.000 263652.000 
256647.000 3089918.000 1569859.000 261065.000 
199268.000 3089918.000 1571498.000 199286.000 
189280.000 3089918.000 1574896.000 189370.000 
187674.000 3089918.000 1584725.000 187836.000 
186616.000 3089918.000 1616785.000 186781.000 
205519.000 3089918.000 1582149.000 206846.000 
229898.000 3089918.000 1542520.000 229463.000 
223788.000 3089918.000 1560216.000 222922.000 
204854.000 3089918.000 1598472.000 204836.000 
217586.000 3089918.000 1610689.000 216619.000 
210622.000 3089918.000 1642897.000 210454.000 
205788.000 3089918.000 1651916.000 204952.000 
214037.000 3089918.000 1641844.000 213711.000 
223415.000 3089918.000 1641432.000 224546.000 
244073.000 3089918.000 1610352.000 243573.000 
265998.000 3089918.000 1609739.000 265911.000 
271237.000 3089918.000 1615731.000 271559.000 
271237.000 3089918.000 1618172.000 271559.000 
271237.000 3089918.000 1622823.000 271559.000 
216987.000 3089918.000 1608754.000 216964.000 
179735.000 3089918.000 1567159.000 179410.000 
169814.000 3089918.000 1589456.000 169744.000 
158504.000 3089918.000 1622954.000 158748.000 
165081.000 3089918.000 1633753.000 167282.000 
188093.000 3089918.000 1576373.000 187656.000 
188448.000 3089918.000 1570964.000 187560.000 
181766.000 3089918.000 1567255.000 180634.000 
177687.000 3089918.000 1576544.000 179198.000 
188834.000 3089918.000 1578920.000 189830.000 
180901.000 3089918.000 1577559.000 180697.000 
189002.000 3089918.000 1592851.000 188075.000 
195621.000 3089918.000 1604826.000 195391.000 
183023.000 3089918.000 1604987.000 183124.000 
182718.000 3089918.000 1648636.000 181915.000 
182247.000 3089918.000 1674892.000 180452.000 
195924.000 3089918.000 1654499.000 195304.000 
208798.000 3089918.000 1672501.000 208391.000 
207270.000 3089918.000 1683195.000 206447.000 
205932.000 3089918.000 1681778.000 205799.000 
201145.000 3089918.000 1687736.000 198189.000 
203323.000 3089918.000 1704265.000 203155.000 
207403.000 3089918.000 1733085.000 206977.000 
206193.000 3089918.000 1755622.000 206476.000 
205594.000 3089918.000 1754751.000 205542.000 
208359.000 3089918.000 1754751.000 208224.000 
201848.000 3089918.000 1754751.000 203060.000 
222115.000 3089918.000 1754751.000 221122.000 
229226.000 3089918.000 1754751.000 229693.000 
200920.000 3089918.000 1754751.000 199933.000 
204202.000 3089918.000 1754751.000 203727.000 
208839.000 3089918.000 1754751.000 208473.000 
211551.000 3089918.000 1754751.000 210837.000 
224800.000 3089918.000 1754751.000 224675.000 
225130.000 3089918.000 1754751.000 226412.000 
210822.000 3089918.000 1754751.000 210989.000 
206754.000 3089918.000 1754751.000 207059.000 
203455.000 3089918.000 1754751.000 204026.000 
206591.000 3089918.000 1754751.000 207064.000 
222791.000 3089918.000 1754751.000 223282.000 
233323.000 3089918.000 1754751.000 233733.000 
207789.000 3089918.000 1754751.000 207787.000 
204706.000 3089918.000 1754751.000 204212.000 
230671.000 3089918.000 1754751.000 231122.000 
226485.000 3089918.000 1754751.000 225806.000 
214089.000 3089918.000 1754751.000 213926.000 
224706.000 3089918.000 1754751.000 224628.000 
216756.000 3089918.000 1754751.000 216883.000 
209417.000 3089918.000 1754751.000 209806.000 
199084.000 3089918.000 1754751.000 199216.000 
195787.000 3089918.000 1754751.000 195778.000 
210932.000 3089918.000 1754751.000 211107.000 
211965.000 3245452.000 1754751.000 213469.000 
207311.000 3400059.000 1275162.000 207621.000 
212515.000 3400059.000 1356650.000 212909.000 
213273.000 3400059.000 1411813.000 212560.000 
209836.000 3400059.000 1447103.000 209485.000 
211983.000 3400059.000 1462240.000 211879.000 
233700.000 3400059.000 1459905.000 232988.000 
255487.000 3400059.000 1456255.000 256306.000 
274177.000 3400059.000 1438185.000 273831.000 
258833.000 3400059.000 1424634.000 262588.000 
226044.000 3400059.000 1428519.000 262588.000 
218690.000 3400059.000 1434979.000 262588.000 
235254.000 3400059.000 1408797.000 236947.000 
234864.000 3400059.000 1416452.000 232392.000 
236332.000 3400059.000 1376473.000 232557.000 
222469.000 3400059.000 1415499.000 214637.000 
210468.000 3400059.000 1447802.000 208210.000 
227875.000 3400059.000 1452622.000 217864.000 
231195.000 3400059.000 1442100.000 225967.000 
224854.000 3400059.000 1448571.000 223582.000 
235124.000 3400059.000 1481834.000 230551.000 
241336.000 3400059.000 1515676.000 239263.000 
265167.000 3400059.000 1533222.000 258994.000 
280848.000 3400059.000 1533334.000 278829.000 
283021.000 3400059.000 1543515.000 282261.000 
283021.000 3400059.000 1529540.000 282261.000 
283021.000 3400059.000 1498877.000 282261.000 
236455.000 3400059.000 1495100.000 238226.000 
221165.000 1147675.000 1489820.000 221928.000 
208752.000 1148002.000 1516415.000 209841.000 
207359.000 1149739.000 1508623.000 201845.000 
206558.000 1161088.000 1504377.000 205179.000 
195310.000 1211108.000 1497909.000 189967.000 
201982.000 1222660.000 1479081.000 200993.000 
230448.000 1218089.000 1440400.000 222670.000 
225323.000 1228837.000 1435953.000 224325.000 
218402.000 1209357.000 1442945.000 217894.000 
241605.000 1173422.000 1463470.000 234705.000 
257034.000 1177246.000 1465261.000 255369.000 
239256.000 1179989.000 1492135.000 238489.000 
225179.000 1224985.000 1534133.000 224097.000 
227318.000 1272476.000 1569561.000 224772.000 
223723.000 1294255.000 1608941.000 221398.000 
234550.000 1264330.000 1650098.000 231775.000 
234235.000 1265632.000 1680729.000 223798.000 
235154.000 1240681.000 1712906.000 232571.000 
232484.000 1258976.000 1726248.000 224732.000 
233583.000 1292205.000 1743583.000 223057.000 
225081.000 1292744.000 1785456.000 221754.000 
226297.000 1318938.000 1799960.000 218453.000 
234070.000 1347342.000 1816213.000 228593.000 
232003.000 1380007.000 1855118.000 224911.000 
239745.000 1383288.000 1874242.000 235430.000 
240150.000 1412198.000 1874242.000 235825.000 
241607.000 1454474.000 1874242.000 236833.000 
235381.000 1491279.000 1874242.000 229813.000 
244106.000 1507941.000 1874242.000 241623.000 
245404.000 1529738.000 1874242.000 242368.000 
243204.000 1562519.000 1874242.000 241047.000 
242864.000 1597969.000 1874242.000 242415.000 
259323.000 1618347.000 1874242.000 256592.000 
257522.000 1650727.000 1874242.000 251965.000 
243871.000 1681652.000 1874242.000 243127.000 
243612.000 1680513.000 1874242.000 241526.000 
249632.000 1673559.000 1874242.000 248218.000 
249872.000 1697633.000 1874242.000 248213.000 
251291.000 1688958.000 1874242.000 249775.000 
254556.000 1711280.000 1874242.000 252139.000 
249698.000 1717767.000 1874242.000 247423.000 
249081.000 1742692.000 1874242.000 248377.000 
250011.000 1735873.000 1874242.000 245190.000 
242178.000 1728763.000 1874242.000 235437.000 
234931.000 1734543.000 1874242.000 224539.000 
234315.000 1745605.000 1874242.000 223987.000 
234315.000 1755123.000 1874242.000 237190.000 
234315.000 1749809.000 1874242.000 241730.000 
239148.000 1721162.000 1874242.000 250068.000 
239148.000 1681198.000 1874242.000 220088.000 
230503.000 1665985.000 1874242.000 214678.000 
203494.000 1646087.000 1542278.000 207181.000 
185262.000 1637205.000 1290355.000 186395.000 
188927.000 1630399.000 1297704.000 192230.000 
190505.000 1652360.000 1333787.000 192228.000 
181598.000 1647710.000 1326715.000 183211.000 
181057.000 1643346.000 1326317.000 183831.000 
168990.000 1667075.000 1320828.000 180370.000 
171041.000 1673634.000 1318464.000 174580.000 
190725.000 1669437.000 1331765.000 192277.000 
203684.000 1644734.000 1348033.000 205435.000 
217835.000 1624349.000 1313521.000 220395.000 
212141.000 1631755.000 1295876.000 213761.000 
208149.000 1627340.000 1292149.000 210371.000 
210426.000 1655823.000 1293911.000 210956.000 
209727.000 1680248.000 1318409.000 213751.000 
221438.000 1698350.000 1322417.000 224823.000 
228495.000 1697038.000 1337327.000 229645.000 
225597.000 1713152.000 1350622.000 224917.000 
230893.000 1716786.000 1331588.000 234603.000 
235388.000 1750451.000 1314283.000 238948.000 
223322.000 1765138.000 1313130.000 224170.000 
217423.000 1761929.000 1309071.000 222916.000 
209804.000 1771712.000 1327390.000 214289.000 
216380.000 1781248.000 1335231.000 219489.000 
231392.000 1746608.000 1354588.000 238553.000 
232528.000 1755972.000 1361009.000 247661.000 
229459.000 1781890.000 1389280.000 245087.000 
227746.000 1796700.000 1402004.000 233816.000 
232700.000 1802875.000 1419799.000 243215.000 
233459.000 1801632.000 1443108.000 248739.000 
242647.000 1803586.000 1433498.000 260929.000 
247572.000 1800619.000 1441666.000 268945.000 
258458.000 1796928.000 1445962.000 285009.000 
260724.000 1793246.000 1468956.000 290216.000 
264518.000 1793626.000 1497419.000 295205.000 
264518.000 1789541.000 1522568.000 295205.000 
264518.000 1788842.000 1528705.000 295205.000 
270532.000 1766916.000 1497421.000 297485.000 
221745.000 1785025.000 1489678.000 226765.000 
183701.000 1806492.000 1477025.000 208934.000 
192874.000 1779564.000 1482322.000 210450.000 
202375.000 1784097.000 1465440.000 214046.000 
211479.000 1790867.000 1454092.000 225481.000 
222062.000 1765851.000 1428142.000 237603.000 
223850.000 1786768.000 1424835.000 237806.000 
230819.000 1816869.000 1406715.000 246039.000 
244725.000 1806877.000 1390585.000 252708.000 
256275.000 1795105.000 1370821.000 263529.000 
253656.000 1778151.000 1400792.000 264354.000 
258572.000 1763058.000 1378141.000 259974.000 
259980.000 1772296.000 1370405.000 266810.000 
253025.000 1790334.000 1389652.000 267414.000 
249229.000 1812426.000 1398086.000 258026.000 
246356.000 1831141.000 1413648.000 258026.000 
250176.000 1823822.000 1414684.000 258026.000 
252574.000 1856932.000 1409361.000 256044.000 
207496.000 1837869.000 1427888.000 208390.000 
203999.000 1841440.000 1425313.000 208892.000 
213085.000 1833552.000 1428864.000 216234.000 
211325.000 1836196.000 1455264.000 219826.000 
208344.000 1847275.000 1492956.000 208251.000 
199203.000 1873158.000 1515721.000 211099.000 
208905.000 1855906.000 1538490.000 210615.000 
215077.000 1822359.000 1522461.000 218762.000 
215559.000 1843161.000 1525660.000 220890.000 
208762.000 1868214.000 1556721.000 212019.000 
214380.000 1872298.000 1560972.000 219415.000 
225009.000 1895568.000 1569455.000 227630.000 
232693.000 1928371.000 1563404.000 239558.000 
229191.000 1928453.000 1583757.000 233653.000 
217533.000 1910082.000 1602114.000 218528.000 
226974.000 1896979.000 1623431.000 233188.000 
226689.000 1879389.000 1642431.000 234414.000 
221296.000 1886425.000 1658149.000 234414.000 
219871.000 1873381.000 1682358.000 225962.000 
201641.000 1868287.000 1692059.000 201439.000 
208064.000 1844247.000 1663147.000 210997.000 
218698.000 1825362.000 1664765.000 215410.000 
211935.000 1837305.000 1628083.000 215671.000 
206765.000 1811660.000 1638331.000 200311.000 
186131.000 1821374.000 1654867.000 190005.000 
179570.000 1831847.000 1681205.000 183626.000 
186005.000 1835259.000 1664914.000 184885.000 
197850.000 1836096.000 1648842.000 184885.000 
183283.000 1850026.000 1657372.000 182819.000 
178484.000 1858735.000 1637482.000 178866.000 
197982.000 1821824.000 1629886.000 198830.000 
203743.000 1796338.000 1629505.000 204340.000 
187007.000 1826219.000 1587861.000 184705.000 
172036.000 1855916.000 1551496.000 172285.000 
162821.000 1879857.000 1546090.000 159499.000 
166060.000 1927661.000 1542986.000 165468.000 
180799.000 1930925.000 1539950.000 180895.000 
188994.000 1937907.000 1548249.000 188991.000 
186921.000 1951490.000 1550428.000 187242.000 
183800.000 1965133.000 1536536.000 183732.000 
182377.000 1996476.000 1520339.000 179869.000 
192858.000 2005506.000 1514259.000 192336.000 
215212.000 2014212.000 1495933.000 214766.000 
224471.000 2019468.000 1497433.000 223492.000 
206937.000 2030059.000 1504933.000 205531.000 
193939.000 2036579.000 1512946.000 194121.000 
207106.000 2030593.000 1513874.000 205696.000 
217600.000 2032000.000 1504611.000 217127.000 
213555.000 2023833.000 1532184.000 212112.000 
202502.000 2026803.000 1535666.000 200581.000 
203125.000 2051579.000 1554244.000 202427.000 
213187.000 2080897.000 1562854.000 211760.000 
234494.000 2101117.000 1565951.000 229818.000 
219063.000 2100550.000 1583715.000 217541.000 
208894.000 2080791.000 1592594.000 210731.000 
217854.000 2069646.000 1592786.000 210458.000 
206368.000 2078231.000 1588159.000 205085.000 
213247.000 2107340.000 1592898.000 209766.000 
228323.000 2116724.000 1623996.000 221456.000 
229392.000 2123001.000 1650586.000 218693.000 
225414.000 2146095.000 1666100.000 221447.000 
238687.000 2161533.000 1627990.000 233784.000 
245915.000 2169186.000 1656835.000 232875.000 
235550.000 2196257.000 1663476.000 232371.000 
242840.000 2198803.000 1686922.000 239345.000 
263456.000 2208589.000 1688928.000 250617.000 
260544.000 2211980.000 1687816.000 255841.000 
258245.000 2233038.000 1695199.000 257741.000 
264689.000 2265783.000 1690556.000 258159.000 
268780.000 2300962.000 1677725.000 256225.000 
261959.000 2329019.000 1696480.000 244133.000 
260500.000 2341227.000 1713155.000 231710.000 
267328.000 2372389.000 1720190.000 242246.000 
274240.000 2359904.000 1740243.000 249318.000 
282552.000 2368163.000 1761938.000 256214.000 
289939.000 2390470.000 1800520.000 249413.000 
297192.000 2418534.000 1828135.000 243686.000 
303250.000 2454409.000 1828135.000 246883.000 
310844.000 2472827.000 1828135.000 245157.000 
319191.000 2512808.000 1828135.000 238535.000 
326847.000 2541504.000 1828135.000 233446.000 
335718.000 2559341.000 1828135.000 234628.000 
344028.000 2539915.000 1828135.000 250175.000 
364747.000 2553135.000 1828135.000 269124.000 
377793.000 2577592.000 1828135.000 276910.000 
377793.000 2569759.000 1828135.000 276910.000 
377793.000 2602014.000 1828135.000 276910.000 
377793.000 2634464.000 1828135.000 276910.000 
377793.000 2647893.000 1828135.000 244083.000 
300328.000 2660564.000 1828135.000 244582.000 
300328.000 2696865.000 1828135.000 235001.000 
300328.000 2733031.000 1828135.000 225619.000 
300328.000 2769389.000 1828135.000 180103.000 
230201.000 2803906.000 1828135.000 176457.000 
205890.000 2812348.000 1828135.000 202361.000 
225559.000 2821022.000 1828135.000 218286.000 
226821.000 2860127.000 1828135.000 216516.000 
213307.000 2858606.000 1828135.000 212524.000 
226537.000 2878860.000 1828135.000 221468.000 
237306.000 2909509.000 1828135.000 233452.000 
241522.000 2927277.000 1828135.000 240654.000 
257237.000 2946404.000 1828135.000 256062.000 
244238.000 2981193.000 1828135.000 245136.000 
244591.000 3036325.000 1828135.000 241351.000 
239706.000 3093743.000 1593405.000 233443.000 
240051.000 3139958.000 1109748.000 239342.000 
251660.000 3159265.000 1164519.000 249281.000 
258742.000 3191851.000 1243317.000 253163.000 
261867.000 3226563.000 1216219.000 260824.000 
263846.000 3259908.000 1199268.000 260797.000 
256824.000 3258509.000 1227490.000 255685.000 
253218.000 3290229.000 1240422.000 252312.000 
253218.000 3275671.000 1256192.000 258766.000 
253218.000 3262949.000 1285164.000 267146.000 
266628.000 3302936.000 1253112.000 273019.000 
232029.000 3342230.000 1247502.000 232114.000 
206363.000 3396663.000 1274438.000 203849.000 
204487.000 3425744.000 1284121.000 209059.000 
221043.000 3459270.000 1332552.000 216239.000 
219970.000 3459270.000 1359957.000 217371.000 
234072.000 3459270.000 1371823.000 230257.000 
247138.000 3459270.000 1381953.000 235229.000 
247138.000 3459270.000 1407827.000 230547.000 
247138.000 3459270.000 1416824.000 222009.000 
203838.000 3459270.000 1416376.000 202540.000 
177940.000 3459270.000 1433972.000 179405.000 
189478.000 3459270.000 1432739.000 193095.000 
197407.000 3459270.000 1407796.000 194497.000 
170562.000 3459270.000 1425941.000 182480.000 
176961.000 3459270.000 1452872.000 174817.000 
183812.000 3459270.000 1471689.000 186731.000 
187104.000 3459270.000 1469992.000 187502.000 
189893.000 3459270.000 1465418.000 191427.000 
186121.000 3459270.000 1472063.000 185236.000 
184795.000 3459270.000 1495560.000 184673.000 
189227.000 3459270.000 1512944.000 187316.000 
178632.000 3459270.000 1538448.000 178278.000 
193600.000 3459270.000 1541997.000 193767.000 
213628.000 3459270.000 1540422.000 215707.000 
209749.000 3459270.000 1550467.000 208134.000 
191450.000 3459270.000 1577683.000 191254.000 
191869.000 3459270.000 1570878.000 191932.000 
189453.000 3459270.000 1598753.000 189538.000 
181674.000 3459270.000 1625956.000 180821.000 
193726.000 3459270.000 1658468.000 193549.000 
221003.000 3459270.000 1646803.000 222179.000 
219844.000 3459270.000 1665034.000 221597.000 
215096.000 3459270.000 1660013.000 215099.000 
221015.000 3459270.000 1683380.000 223963.000 
199327.000 3459270.000 1721882.000 199825.000 
209973.000 3459270.000 1718935.000 211765.000 
224652.000 3459270.000 1742563.000 225658.000 
226678.000 3459270.000 1727149.000 226220.000 
222926.000 3459270.000 1731016.000 222028.000 
230118.000 3459270.000 1719824.000 230454.000 
235269.000 3459270.000 1736985.000 238145.000 
239514.000 3459270.000 1738504.000 239154.000 
238480.000 3459270.000 1738504.000 238979.000 
241837.000 3459270.000 1738504.000 242637.000 
245789.000 3459270.000 1738504.000 246574.000 
246403.000 3459270.000 1738504.000 247825.000 
251244.000 3459270.000 1738504.000 253189.000 
243222.000 3459270.000 1738504.000 247156.000 
232045.000 3459270.000 1738504.000 234908.000 
226360.000 3459270.000 1738504.000 227352.000 
226527.000 3459270.000 1738504.000 227453.000 
235906.000 3459270.000 1738504.000 237878.000 
241381.000 3459270.000 1738504.000 245999.000 
256946.000 3459270.000 1738504.000 257531.000 
269844.000 3459270.000 1738504.000 270469.000 
277100.000 3459270.000 1738504.000 281494.000 
277100.000 3459270.000 1738504.000 281494.000 
277100.000 3459270.000 1738504.000 281494.000 
178656.000 3459270.000 1738504.000 203148.000 
147603.000 3459270.000 1738504.000 167823.000 
167434.000 3459270.000 1738504.000 171921.000 
176869.000 3459270.000 1738504.000 184001.000 
193757.000 3459270.000 1674691.000 202052.000 
194047.000 3459270.000 1237495.000 207337.000 
181718.000 3459270.000 1228689.000 191996.000 
175780.000 3459270.000 1215240.000 188335.000 
178991.000 3459270.000 1240833.000 191160.000 
174899.000 3459270.000 1284826.000 195576.000 
190061.000 3459270.000 1287373.000 206099.000 
199823.000 3459270.000 1302998.000 218596.000 
209878.000 3459270.000 1304414.000 231717.000 
224033.000 3459270.000 1332682.000 236808.000 
226767.000 3459270.000 1318661.000 233291.000 
223860.000 3459270.000 1319658.000 226378.000 
224357.000 3459270.000 1318643.000 227908.000 
231394.000 3459270.000 1318073.000 233704.000 
231665.000 3459270.000 1347975.000 233440.000 
247136.000 3487216.000 1346384.000 249318.000 
261427.000 3487216.000 1337042.000 265755.000 
260198.000 3487216.000 1333970.000 261062.000 
260198.000 3487216.000 1325050.000 261062.000 
260198.000 3487216.000 1336078.000 261062.000 
183301.000 3487216.000 1353854.000 181304.000 
165915.000 3487216.000 1370464.000 166979.000 
177632.000 3487216.000 1397001.000 179874.000 
163382.000 3487216.000 1418682.000 173532.000 
168277.000 3487216.000 1443565.000 172190.000 
178232.000 3487216.000 1438413.000 181365.000 
177845.000 3487216.000 1424044.000 184579.000 
174839.000 3487216.000 1435440.000 179711.000 
179083.000 3487216.000 1422461.000 179711.000 
194624.000 3487216.000 1436200.000 179711.000 
182373.000 3487216.000 1456388.000 184071.000 
166252.000 3487216.000 1461267.000 169671.000 
159129.000 3487216.000 1458575.000 155966.000 
163515.000 3487216.000 1435943.000 165128.000 
168559.000 3487216.000 1427897.000 167664.000 
168263.000 3487216.000 1426390.000 169800.000 
183111.000 3487216.000 1421552.000 184428.000 
183763.000 3487216.000 1391959.000 184123.000 
171250.000 3487216.000 1398624.000 171508.000 
165957.000 3487216.000 1404060.000 165275.000 
180626.000 3487216.000 1412708.000 181254.000 
190304.000 3487216.000 1426161.000 190328.000 
175042.000 3487216.000 1440847.000 174826.000 
165650.000 1465323.000 1435866.000 167096.000 
161563.000 1280268.000 1447414.000 164455.000 
180461.000 1249768.000 1470388.000 180802.000 
180733.000 1247663.000 1489749.000 181682.000 
184908.000 1331892.000 1497805.000 185045.000 
180791.000 1361308.000 1520195.000 178560.000 
179135.000 1377394.000 1538404.000 180236.000 
190107.000 1388494.000 1523192.000 190507.000 
170918.000 1413972.000 1519342.000 171090.000 
164639.000 1411996.000 1545262.000 163828.000 
166176.000 1393244.000 1561096.000 170062.000 
170034.000 1383932.000 1571105.000 170515.000 
178576.000 1409562.000 1579790.000 180771.000 
191614.000 1424061.000 1590617.000 191440.000 
190966.000 1426596.000 1544483.000 191167.000 
189978.000 1454692.000 1556972.000 190382.000 
175956.000 1511817.000 1542381.000 179103.000 
181578.000 1569487.000 1541348.000 182644.000 
166920.000 1614504.000 1544061.000 175024.000 
158690.000 1634685.000 1554325.000 159184.000 
178397.000 1653674.000 1532407.000 178771.000 
188861.000 1661895.000 1529002.000 189244.000 
174033.000 1682896.000 1539874.000 175254.000 
181645.000 1695065.000 1551968.000 180881.000 
196663.000 1693017.000 1508849.000 197277.000 
188996.000 1681820.000 1511183.000 188567.000 
194972.000 1662062.000 1507998.000 192969.000 
222451.000 1637519.000 1500670.000 221848.000 
228105.000 1619393.000 1500232.000 226789.000 
224491.000 1614854.000 1507873.000 224635.000 
209994.000 1617567.000 1508960.000 211128.000 
193513.000 1636527.000 1505416.000 193368.000 
203680.000 1608933.000 1502932.000 203558.000 
199635.000 1616529.000 1507319.000 201566.000 
195099.000 1603038.000 1500143.000 195674.000 
208858.000 1605305.000 1480029.000 207527.000 
210254.000 1634067.000 1449325.000 209131.000 
187750.000 1672314.000 1464557.000 187337.000 
188092.000 1680366.000 1460847.000 189360.000 
195971.000 1689263.000 1484637.000 194139.000 
203428.000 1696439.000 1480927.000 202571.000 
212011.000 1694399.000 1494581.000 211844.000 
210110.000 1722065.000 1506185.000 208868.000 
203979.000 1757079.000 1528594.000 201324.000 
206743.000 1784801.000 1546685.000 206412.000 
224308.000 1811161.000 1551421.000 224060.000 
244044.000 1841488.000 1557028.000 240809.000 
246157.000 1860369.000 1560330.000 245361.000 
247326.000 1880889.000 1557444.000 246416.000 
250780.000 1866498.000 1547977.000 249291.000 
257394.000 1861108.000 1560466.000 255411.000 
252884.000 1901749.000 1581753.000 250250.000 
251638.000 1917560.000 1599317.000 252648.000 
262080.000 1920542.000 1584179.000 261131.000 
280221.000 1910494.000 1568540.000 278631.000 
285229.000 1889962.000 1560052.000 286354.000 
285229.000 1858425.000 1553610.000 287560.000 
285229.000 1870220.000 1529328.000 287560.000 
285229.000 1860051.000 1532857.000 287560.000 
220649.000 1888691.000 1504548.000 287560.000 
200382.000 1914340.000 1498747.000 216074.000 
201055.000 1913979.000 1513891.000 195534.000 
208224.000 1905329.000 1513872.000 209031.000 
224714.000 1914282.000 1484120.000 224332.000 
232344.000 1927818.000 1467740.000 231673.000 
232998.000 1922009.000 1460254.000 234603.000 
250899.000 1914450.000 1465368.000 247135.000 
261507.000 1904636.000 1450129.000 261331.000 
272149.000 1891927.000 1456222.000 271464.000 
264211.000 1909029.000 1444995.000 263072.000 
263935.000 1865050.000 1475653.000 262813.000 
263935.000 1854611.000 1485229.000 262813.000 
243724.000 1852323.000 1494519.000 242809.000 
193346.000 1862638.000 1488918.000 196420.000 
186326.000 1864318.000 1500126.000 186871.000 
190313.000 1869955.000 1511059.000 188876.000 
174513.000 1853069.000 1529579.000 174141.000 
165550.000 1879915.000 1555021.000 160305.000 
160396.000 1880681.000 1587052.000 158971.000 
177591.000 1854228.000 1625334.000 175385.000 
170565.000 1854414.000 1678451.000 168168.000 
180332.000 1870936.000 1673244.000 179483.000 
216249.000 1847395.000 1670347.000 213696.000 
226177.000 1869430.000 1659229.000 225750.000 
209994.000 1878317.000 1653167.000 210880.000 
199680.000 1898134.000 1686582.000 198454.000 
195745.000 1919915.000 1700130.000 195617.000 
200233.000 1931550.000 1701739.000 198328.000 
190213.000 1920173.000 1701739.000 190409.000 
203821.000 1930543.000 1701739.000 203380.000 
222016.000 1913877.000 1701739.000 225174.000 
213402.000 1912948.000 1701739.000 207955.000 
195809.000 1942536.000 1701739.000 195374.000 
202276.000 1937423.000 1701739.000 200330.000 
200118.000 1952689.000 1701739.000 199911.000 
188482.000 1955250.000 1701739.000 189438.000 
201164.000 1949981.000 1701739.000 201161.000 
233662.000 1925569.000 1701739.000 233532.000 
234227.000 1942309.000 1701739.000 233457.000 
209788.000 1959327.000 1701739.000 210247.000 
206364.000 1915772.000 1701739.000 205745.000 
215045.000 1918732.000 1701739.000 215389.000 
218858.000 1914054.000 1701739.000 217449.000 
206192.000 1902040.000 1701739.000 206152.000 
197027.000 1918962.000 1701739.000 197149.000 
205891.000 1942577.000 1701739.000 205472.000 
207785.000 1983112.000 1701739.000 205785.000 
206836.000 2002939.000 1701739.000 206960.000 
207057.000 2023237.000 1701739.000 203439.000 
204666.000 2011419.000 1701739.000 204842.000 
206159.000 2034063.000 1701739.000 205233.000 
200917.000 2081685.000 1701739.000 200592.000 
215230.000 2066100.000 1701739.000 215031.000 
234662.000 2052755.000 1701739.000 234130.000 
230735.000 2056506.000 1701739.000 230205.000 
232151.000 2028486.000 1701739.000 227490.000 
201327.000 2054649.000 1701739.000 202135.000 
200053.000 2053171.000 1701739.000 200079.000 
223925.000 2050557.000 1701739.000 224101.000 
229166.000 2035826.000 1701739.000 228615.000 
227446.000 2045214.000 1701739.000 226865.000 
220016.000 2053548.000 1701739.000 220812.000 
220076.000 2066622.000 1701739.000 220040.000 
216996.000 2091212.000 1701739.000 216818.000 
213135.000 2073248.000 1197433.000 212291.000 
215485.000 2067228.000 914410.000 213727.000 
230527.000 2014992.000 998770.000 230816.000 
230167.000 1990535.000 1097266.000 230560.000 
234195.000 1979406.000 1197349.000 232923.000 
241852.000 1996537.000 1283752.000 239386.000 
243713.000 1967853.000 1283752.000 243909.000 
246383.000 1968148.000 1283752.000 246694.000 
238715.000 1994310.000 1283752.000 238072.000 
239417.000 2013271.000 1283752.000 237992.000 
252464.000 2006184.000 1283752.000 251360.000 
252365.000 2027326.000 1283752.000 252850.000 
248213.000 2019423.000 1283752.000 247698.000 
262376.000 2015182.000 1283752.000 261811.000 
273525.000 2020005.000 1283752.000 274453.000 
275541.000 2057961.000 662457.000 273830.000 
275541.000 2085559.000 639607.000 273830.000 
275541.000 2102205.000 631506.000 273830.000 
219680.000 2078270.000 647648.000 226237.000 
208684.000 2033083.000 647199.000 208714.000 
204835.000 2027388.000 666692.000 205384.000 
202892.000 2021817.000 703880.000 200391.000 
197803.000 2031455.000 719286.000 196498.000 
196759.000 2068303.000 756322.000 195830.000 
199767.000 2091339.000 742969.000 200241.000 
207634.000 2135191.000 729426.000 207630.000 
217560.000 2152999.000 707692.000 217171.000 
235734.000 2184419.000 677943.000 235067.000 
227354.000 2217933.000 665338.000 227475.000 
234134.000 2208214.000 690110.000 234821.000 
236845.000 2203267.000 713359.000 236591.000 
261657.000 2172594.000 720216.000 261980.000 
255183.000 2196278.000 729795.000 255232.000 
254921.000 2213182.000 752004.000 254834.000 
254921.000 2199223.000 788518.000 254834.000 
237256.000 2224662.000 798293.000 235975.000 
173311.000 2248526.000 827122.000 173476.000 
175272.000 2239804.000 820679.000 174394.000 
170911.000 2222831.000 835694.000 168925.000 
166885.000 2230420.000 860058.000 165968.000 
173069.000 2256039.000 887551.000 172247.000 
195236.000 2287280.000 871752.000 195191.000 
199817.000 2312158.000 882025.000 199559.000 
167586.000 2334851.000 907467.000 169213.000 
172971.000 2381575.000 913216.000 170058.000 
178447.000 2429426.000 909447.000 178401.000 
185340.000 2442261.000 924712.000 183680.000 
186769.000 2429738.000 922703.000 186386.000 
198170.000 2447741.000 883900.000 197794.000 
204449.000 2425186.000 880371.000 203706.000 
199972.000 2449312.000 895453.000 199771.000 
189308.000 2491528.000 861700.000 189665.000 
196968.000 2492101.000 857733.000 196699.000 
210449.000 2491173.000 863967.000 210765.000 
215831.000 2513976.000 873792.000 214221.000 
205072.000 2519042.000 898103.000 205959.000 
204201.000 2552157.000 895410.000 202138.000 
206380.000 2577515.000 924762.000 205673.000 
209865.000 2578646.000 951750.000 209475.000 
202701.000 2604024.000 972214.000 202119.000 
211415.000 2628678.000 965084.000 209858.000 
202911.000 2648543.000 1000687.000 201175.000 
186722.000 2656064.000 1027729.000 187340.000 
210300.000 2666118.000 1025022.000 209297.000 
216777.000 2678551.000 1031178.000 216062.000 
210036.000 2707479.000 974438.000 208402.000 
208502.000 2741890.000 980005.000 208493.000 
203359.000 2756847.000 964425.000 203555.000 
186090.000 2786245.000 987673.000 185338.000 
196002.000 2798329.000 986533.000 194899.000 
195828.000 2839828.000 1015493.000 195653.000 
191601.000 2866935.000 984518.000 190718.000 
203532.000 2869248.000 988997.000 202854.000 
199013.000 2852049.000 1003715.000 199080.000 
201118.000 2850159.000 1017127.000 200260.000 
205633.000 2863455.000 1034575.000 205733.000 
200710.000 2896912.000 1040504.000 199564.000 
197951.000 2900669.000 1061440.000 197794.000 
210990.000 2911788.000 1033367.000 209898.000 
205303.000 2934888.000 1024831.000 205541.000 
198748.000 2918831.000 1014760.000 200222.000 
205058.000 2942386.000 1033722.000 203800.000 
211499.000 2970029.000 1017955.000 210741.000 
201088.000 2983075.000 1036915.000 201271.000 
195202.000 3004954.000 1051785.000 195213.000 
201129.000 3039782.000 1057039.000 199639.000 
205104.000 3081419.000 1064691.000 205027.000 
212471.000 3087843.000 1067599.000 212307.000 
220185.000 3122669.000 1060600.000 220521.000 
241780.000 3143812.000 1058277.000 241760.000 
254233.000 3144162.000 1059358.000 253784.000 
230033.000 3184632.000 1039926.000 228703.000 
234176.000 3214791.000 1018237.000 234152.000 
244747.000 3223151.000 975963.000 246611.000 
238504.000 3258940.000 922403.000 239813.000 
225501.000 3297830.000 939275.000 223612.000 
211127.000 3346273.000 956752.000 210867.000 
219757.000 3368483.000 950740.000 216765.000 
223319.000 3368483.000 961922.000 223591.000 
227377.000 3368483.000 996897.000 226369.000 
235565.000 3368483.000 1028720.000 234924.000 
246391.000 3368483.000 1018275.000 246043.000 
248599.000 3368483.000 1047183.000 248057.000 
235253.000 3368483.000 1063114.000 234981.000 
237630.000 3368483.000 1073064.000 238161.000 
256736.000 3368483.000 1081820.000 254789.000 
272061.000 3368483.000 1052368.000 272479.000 
278136.000 3368483.000 1069468.000 276200.000 
278136.000 3368483.000 1052142.000 276200.000 
278136.000 3368483.000 985104.000 276200.000 
278136.000 3368483.000 963817.000 276200.000 
278136.000 3368483.000 985900.000 276200.000 
205023.000 3368483.000 964560.000 204500.000 
182411.000 3368483.000 955334.000 194925.000 
182119.000 3368483.000 970350.000 177342.000 
188535.000 3368483.000 987235.000 192020.000 
205176.000 3368483.000 1005831.000 203821.000 
227250.000 3368483.000 987615.000 227866.000 
231710.000 3368483.000 1001808.000 233807.000 
217430.000 3368483.000 1023676.000 216338.000 
220579.000 3368483.000 1052264.000 221910.000 
232442.000 3368483.000 1063305.000 227565.000 
234384.000 3368483.000 1081115.000 233828.000 
242710.000 3368483.000 1101229.000 242203.000 
257052.000 3368483.000 1089591.000 255134.000 
257222.000 3368483.000 1091162.000 258718.000 
257222.000 3368483.000 1088677.000 258718.000 
257222.000 3368483.000 1076788.000 258718.000 
210174.000 3368483.000 1100498.000 205094.000 
157859.000 3368483.000 1114551.000 157749.000 
187381.000 3368483.000 1131298.000 183470.000 
221639.000 3368483.000 1113790.000 221682.000 
211319.000 3368483.000 1118771.000 210285.000 
197962.000 3368483.000 1104840.000 199445.000 
207733.000 3368483.000 1088540.000 207753.000 
209493.000 3368483.000 1102114.000 209320.000 
202901.000 3368483.000 1113104.000 203237.000 
200985.000 3368483.000 1143985.000 200943.000 
194401.000 3368483.000 1164362.000 194105.000 
198692.000 3368483.000 1158493.000 199854.000 
214249.000 3368483.000 1165392.000 213972.000 
204132.000 3368483.000 1165029.000 204993.000 
207320.000 3368483.000 1166764.000 206524.000 
218923.000 3368483.000 1183512.000 219007.000 
212323.000 3368483.000 1181941.000 213474.000 
202561.000 3368483.000 1204343.000 204571.000 
211398.000 3368483.000 1218057.000 210711.000 
225791.000 3368483.000 1209947.000 224325.000 
229261.000 3368483.000 1212681.000 229192.000 
227634.000 3368483.000 1198148.000 227790.000 
223625.000 3368483.000 1201791.000 224081.000 
225010.000 3368483.000 1220117.000 225435.000 
212133.000 3368483.000 1268014.000 215553.000 
203899.000 3368483.000 1260640.000 204214.000 
212848.000 3368483.000 1266861.000 213006.000 
228068.000 3368483.000 1289786.000 227852.000 
229929.000 3368483.000 1319032.000 229082.000 
194119.000 3368483.000 1326992.000 193528.000 
170910.000 534937.000 1330736.000 163936.000 
182517.000 216339.000 1335782.000 180581.000 
204779.000 233786.000 1368703.000 202634.000 
217252.000 262258.000 1400806.000 216665.000 
225108.000 284155.000 1411042.000 225124.000 
227605.000 319705.000 1425850.000 227079.000 
218023.000 353485.000 1428138.000 218111.000 
206106.000 391579.000 1452060.000 206448.000 
202600.000 426339.000 1449232.000 203245.000 
217921.000 448206.000 1449829.000 218088.000 
237463.000 464239.000 1461716.000 237274.000 
227088.000 493880.000 1483930.000 227443.000 
201176.000 537807.000 1498015.000 201021.000 
199411.000 586921.000 1499152.000 198864.000 
210630.000 625064.000 1519491.000 210455.000 
220630.000 646798.000 1535734.000 219981.000 
226641.000 672399.000 1543691.000 226504.000 
226792.000 696576.000 1580419.000 226511.000 
220264.000 734118.000 1585159.000 220913.000 
212023.000 761603.000 1613914.000 212093.000 
228928.000 772812.000 1631065.000 229460.000 
241436.000 803668.000 1647365.000 242286.000 
239932.000 835371.000 1669046.000 239999.000 
