0 0 0 0
10 10 10 10
51 51 51 50
93 93 92 92
135 135 134 134
177 176 176 176
219 218 218 218
260 260 260 259
294 302 302 297
327 344 343 331
351 381 378 360
369 418 408 380
395 452 437 398
429 493 461 435
465 527 495 467
495 552 535 501
526 589 569 530
558 620 605 563
589 657 634 593
622 697 662 623
651 736 698 656
685 771 727 687
717 799 765 722
754 824 799 758
792 848 828 796
818 882 861 822
840 924 889 843
863 965 928 869
895 1001 954 901
922 1032 986 925
951 1064 1025 956
984 1096 1058 988
1020 1115 1094 1026
1054 1147 1129 1057
1085 1185 1159 1090
1117 1217 1189 1121
1152 1247 1221 1158
1190 1273 1250 1193
1219 1306 1289 1225
1252 1339 1322 1254
1289 1362 1354 1294
1319 1400 1385 1322
1349 1436 1416 1353
1380 1469 1457 1382
1406 1503 1492 1412
1441 1529 1530 1445
1469 1561 1572 1475
1501 1596 1604 1504
1535 1615 1643 1538
1564 1656 1672 1571
1604 1688 1696 1607
1636 1713 1728 1644
1671 1747 1759 1674
1704 1777 1788 1711
1740 1812 1814 1743
1772 1839 1846 1778
1803 1876 1879 1806
1835 1906 1913 1838
1867 1938 1943 1873
1897 1972 1978 1900
1924 2009 2014 1931
1958 2044 2044 1962
1988 2081 2075 1991
2019 2117 2105 2023
2047 2154 2141 2050
2076 2185 2178 2083
2113 2215 2210 2115
2142 2248 2239 2149
2174 2287 2271 2178
2206 2321 2300 2209
2236 2362 2325 2242
2273 2397 2351 2276
2304 2434 2380 2312
2341 2466 2410 2343
2370 2506 2442 2377
2404 2533 2481 2407
2435 2557 2523 2440
2471 2588 2563 2475
2506 2619 2596 2511
2537 2657 2631 2544
2570 2696 2667 2572
2599 2738 2694 2606
2638 2774 2727 2641
2669 2806 2766 2675
2701 2846 2798 2707
2734 2888 2835 2737
2762 2918 2877 2769
2796 2958 2918 2799
2828 2991 2960 2833
2861 3029 2994 2867
2895 3068 3031 2898
2928 3100 3069 2934
2958 3137 3110 2962
2989 3179 3148 2993
3022 3221 3185 3027
3045 3262 3222 3047
3064 3299 3258 3069
3101 3340 3288 3105
3135 3379 3322 3141
3170 3421 3357 3173
3204 3454 3398 3209
3240 3493 3432 3243
3272 3533 3471 3277
3303 3570 3511 3308
3337 3612 3547 3341
3368 3647 3589 3375
3402 3689 3631 3406
3436 3731 3664 3443
3468 3773 3706 3469
3497 3815 3747 3499
3519 3857 3789 3522
3551 3898 3831 3551
3572 3940 3873 3572
3591 3982 3915 3591
3621 4024 3957 3620
3657 4066 3998 3656
3689 4108 4040 3688
3717 4149 4082 3716
3751 4191 4124 3751
3779 4233 4166 3779
3810 4275 4202 3811
3845 4317 4232 3845
3880 4359 4260 3881
3918 4400 4289 3917
3953 4442 4319 3953
3985 4484 4344 3985
4016 4526 4385 4015
4052 4568 4416 4050
4081 4610 4448 4081
4114 4651 4472 4111
4142 4693 4498 4143
4180 4735 4531 4176
4213 4777 4559 4214
4249 4819 4587 4248
4282 4861 4614 4283
4318 4902 4648 4316
4347 4944 4677 4348
4380 4986 4709 4379
4411 5028 4740 4412
4443 5070 4764 4441
4474 5112 4764 4474
4505 5153 4764 4504
4540 5195 4764 4540
4573 5237 4768 4572
4608 5279 4792 4608
4642 5321 4824 4641
4673 5363 4860 4673
4703 5404 4891 4703
4735 5446 4925 4735
4761 5488 4962 4762
4793 5530 4995 4791
4817 5562 5003 4818
4809 5563 4988 4808
4795 5562 4985 4797
4787 5562 4969 4786
4775 5563 4959 4776
4767 5563 4950 4766
4757 5563 4949 4758
4758 5563 4949 4753
4757 5562 4950 4753
4765 5567 4954 4754
4778 5572 4938 4766
4783 5572 4934 4780
4782 5564 4934 4776
4781 5558 4910 4779
4791 5565 4882 4784
4793 5558 4865 4788
4792 5566 4852 4785
4789 5568 4842 4784
4789 5562 4837 4787
4792 5560 4831 4788
4786 5553 4836 4784
4789 5552 4826 4783
4782 5561 4831 4777
4773 5568 4833 4768
4773 5569 4842 4770
4783 5565 4814 4780
4788 5550 4775 4789
4773 5538 4749 4778
4779 5541 4717 4778
4778 5542 4678 4782
4778 5538 4645 4777
4769 5551 4609 4773
4770 5547 4574 4774
4774 5539 4544 4779
4774 5541 4514 4777
4778 5553 4483 4780
4781 5569 4456 4787
4788 5550 4419 4792
4795 5517 4388 4803
4796 5494 4364 4801
4801 5456 4349 4810
4812 5420 4324 4819
4821 5387 4309 4830
4833 5353 4304 4839
4837 5359 4308 4844
4841 5359 4308 4848
4842 5355 4318 4851
4837 5369 4321 4846
4841 5364 4334 4848
4836 5365 4351 4846
4834 5375 4361 4839
4830 5379 4372 4841
4836 5373 4385 4844
4828 5367 4401 4841
4820 5382 4411 4830
4822 5380 4419 4835
4813 5380 4427 4828
4798 5388 4439 4809
4795 5385 4446 4811
4806 5371 4452 4817
4804 5372 4464 4821
4805 5371 4433 4822
4810 5364 4403 4827
4817 5358 4386 4835
4824 5355 4376 4839
4821 5352 4377 4843
4827 5341 4383 4844
4826 5337 4384 4845
4823 5345 4392 4845
4826 5345 4401 4843
4818 5352 4412 4840
4820 5357 4418 4837
4814 5367 4426 4840
4818 5369 4421 4837
4815 5384 4417 4843
4817 5401 4402 4841
4813 5412 4396 4836
4804 5423 4400 4828
4804 5427 4406 4827
4798 5424 4409 4829
4801 5395 4419 4823
4792 5388 4427 4817
4791 5380 4419 4818
4796 5346 4422 4820
4790 5320 4427 4822
4800 5315 4419 4824
4796 5298 4412 4825
4795 5285 4403 4825
4798 5267 4402 4824
4794 5249 4399 4828
4788 5259 4400 4815
4785 5263 4393 4813
4777 5263 4389 4810
4769 5263 4392 4800
4766 5264 4383 4804
4776 5269 4377 4807
4769 5270 4383 4806
4769 5272 4381 4802
4764 5272 4379 4803
4769 5281 4364 4803
4767 5284 4353 4806
4770 5286 4345 4805
4767 5291 4336 4805
4769 5290 4330 4806
4768 5297 4320 4806
4769 5297 4315 4806
4771 5297 4312 4807
4772 5274 4301 4814
4774 5232 4302 4814
4789 5190 4286 4828
4791 5149 4267 4835
4800 5107 4258 4842
4813 5065 4248 4855
4810 5023 4239 4856
4805 4981 4227 4851
4809 4939 4217 4855
4816 4924 4204 4862
4808 4917 4200 4853
4809 4906 4196 4856
4813 4885 4193 4861
4815 4871 4190 4863
4813 4858 4189 4863
4807 4849 4196 4856
4808 4837 4187 4856
4806 4826 4199 4854
4810 4812 4181 4862
4808 4794 4183 4863
4813 4780 4183 4863
4811 4766 4194 4865
4818 4749 4201 4867
4813 4739 4194 4868
4816 4718 4195 4867
4813 4704 4197 4868
4808 4699 4203 4862
4808 4682 4202 4862
4811 4668 4205 4863
4813 4653 4202 4867
4813 4648 4196 4867
4814 4639 4198 4873
4815 4638 4226 4870
4810 4639 4260 4867
4805 4639 4292 4861
4806 4639 4319 4864
4798 4639 4330 4857
4796 4639 4329 4854
4794 4638 4317 4854
4790 4639 4312 4851
4784 4639 4315 4844
4783 4639 4316 4844
4770 4639 4309 4835
4762 4639 4313 4821
4761 4638 4314 4825
4765 4638 4308 4825
4761 4630 4314 4827
4769 4609 4314 4832
4772 4590 4314 4837
4771 4585 4304 4836
4766 4583 4287 4834
4769 4584 4275 4834
4770 4583 4262 4838
4770 4583 4278 4837
4770 4567 4277 4839
4767 4571 4292 4835
4763 4577 4314 4831
4753 4580 4336 4824
4752 4585 4350 4821
4750 4585 4358 4823
4759 4578 4366 4829
4758 4572 4378 4831
4752 4572 4382 4824
4750 4580 4386 4823
4746 4593 4390 4822
4737 4601 4383 4816
4724 4609 4380 4804
4733 4600 4371 4811
4734 4596 4405 4811
4736 4602 4442 4809
4755 4603 4477 4823
4754 4605 4507 4832
4759 4604 4543 4829
4755 4613 4576 4834
4759 4620 4609 4829
4758 4623 4641 4832
4761 4619 4671 4832
4759 4617 4710 4834
4753 4598 4747 4829
4744 4592 4782 4818
4739 4602 4819 4816
4731 4631 4858 4806
4724 4669 4880 4803
4720 4701 4900 4796
4716 4733 4922 4794
4707 4769 4923 4785
4699 4800 4934 4778
4691 4795 4934 4772
4692 4793 4932 4771
4689 4794 4926 4770
4692 4795 4920 4774
4689 4797 4912 4770
4682 4804 4906 4765
4684 4799 4897 4771
4691 4791 4882 4775
4687 4791 4878 4772
4692 4790 4869 4777
4701 4780 4865 4787
4699 4778 4858 4785
4703 4790 4850 4790
4721 4787 4838 4807
4724 4786 4835 4812
4713 4793 4833 4800
4712 4791 4833 4799
4714 4777 4875 4802
4710 4784 4916 4799
4710 4778 4935 4799
4706 4784 4939 4797
4702 4784 4948 4789
4699 4790 4955 4790
4697 4787 4962 4788
4704 4770 4967 4794
4705 4760 4969 4798
4707 4748 4971 4799
4708 4741 4970 4800
4705 4732 4971 4796
4701 4730 4985 4794
4705 4727 4977 4792
4700 4711 4991 4793
4698 4701 4999 4789
4701 4686 4999 4796
4703 4684 4981 4794
4710 4676 4973 4802
4717 4689 4971 4809
4713 4698 4963 4810
4711 4713 4962 4804
4710 4740 4958 4802
4714 4753 4945 4805
4712 4754 4942 4804
4711 4765 4942 4807
4715 4773 4945 4806
4706 4786 4954 4798
4704 4797 4947 4796
4704 4792 4939 4799
4698 4781 4940 4792
4700 4769 4942 4792
4707 4758 4935 4799
4717 4749 4940 4808
4721 4741 4910 4813
4719 4732 4874 4809
4714 4729 4842 4807
4717 4720 4809 4807
4710 4717 4803 4803
4706 4709 4812 4799
4702 4696 4812 4796
4706 4689 4817 4798
4700 4686 4817 4793
4704 4674 4815 4793
4698 4670 4808 4793
4698 4657 4807 4789
4693 4667 4813 4788
4696 4698 4803 4790
4690 4734 4803 4788
4688 4767 4814 4781
4698 4787 4793 4793
4695 4817 4788 4793
4696 4846 4797 4791
4695 4877 4810 4793
4693 4911 4819 4788
4689 4917 4832 4783
4697 4911 4836 4794
4700 4909 4840 4794
4691 4926 4849 4784
4685 4940 4864 4779
4676 4944 4878 4768
4663 4941 4871 4759
4656 4952 4857 4751
4658 4957 4827 4755
4655 4965 4804 4747
4649 4975 4771 4742
4645 4984 4739 4739
4642 4993 4704 4739
4639 5002 4713 4735
4637 5009 4729 4733
4627 5025 4741 4722
4630 5024 4753 4724
4630 5021 4762 4723
4628 5022 4755 4725
4625 5028 4736 4722
4623 5028 4744 4719
4621 5030 4750 4717
4625 5026 4752 4719
4625 5017 4758 4721
4634 5009 4748 4732
4636 4996 4754 4733
4635 4990 4752 4732
4641 4982 4724 4735
4640 4978 4693 4737
4644 4971 4669 4740
4652 4968 4652 4745
4656 4963 4644 4754
4667 4954 4634 4760
4674 4935 4650 4767
4673 4926 4670 4772
4670 4918 4682 4766
4665 4905 4680 4762
4655 4908 4684 4748
4647 4927 4693 4742
4649 4939 4684 4744
4652 4939 4684 4746
4652 4926 4701 4746
4645 4913 4713 4741
4647 4903 4727 4741
4648 4903 4722 4744
4653 4920 4729 4745
4655 4917 4723 4749
4662 4917 4716 4755
4667 4911 4716 4759
4667 4906 4721 4761
4671 4895 4727 4764
4666 4900 4731 4759
4668 4907 4725 4760
4672 4912 4718 4763
4676 4918 4712 4767
4680 4917 4701 4770
4689 4910 4698 4776
4704 4895 4704 4791
4706 4902 4698 4793
4704 4908 4693 4795
4703 4912 4688 4791
4698 4922 4683 4788
4694 4910 4675 4791
4674 4906 4679 4790
4676 4897 4680 4789
4669 4889 4689 4796
4658 4884 4699 4795
4651 4885 4701 4798
4647 4888 4694 4807
4644 4899 4686 4806
4632 4896 4690 4809
4628 4902 4689 4805
4622 4904 4682 4809
4623 4891 4679 4816
4621 4892 4675 4823
4608 4891 4683 4820
4606 4887 4691 4818
4600 4888 4686 4822
4597 4892 4681 4822
4592 4892 4680 4820
4586 4893 4677 4825
4581 4888 4680 4822
4576 4850 4683 4823
4577 4810 4676 4829
4569 4780 4684 4821
4559 4750 4699 4821
4549 4726 4691 4818
4534 4698 4689 4819
4526 4666 4679 4825
4519 4633 4681 4831
4512 4591 4685 4838
4504 4554 4682 4843
4496 4539 4673 4849
4499 4538 4662 4863
4491 4535 4653 4871
4484 4540 4652 4870
4475 4538 4646 4872
4467 4537 4647 4874
4465 4531 4641 4878
4461 4539 4627 4892
4453 4546 4623 4887
4453 4543 4610 4900
4445 4549 4597 4902
4441 4552 4582 4909
4439 4553 4570 4918
4430 4554 4570 4915
4433 4543 4560 4927
4435 4538 4537 4940
4428 4527 4542 4947
4430 4527 4536 4956
4425 4527 4524 4968
4424 4530 4517 4971
4413 4524 4526 4971
4401 4538 4524 4968
4387 4520 4519 4969
4378 4507 4514 4958
4371 4510 4516 4967
4362 4519 4520 4966
4353 4532 4528 4971
4348 4548 4528 4977
4339 4555 4523 4979
4334 4569 4516 4983
4331 4578 4507 4999
4332 4588 4509 5004
4333 4593 4506 5019
4344 4605 4503 5042
4347 4616 4504 5054
4344 4627 4501 5065
4342 4636 4501 5069
4333 4644 4538 5079
4329 4637 4572 5081
4331 4599 4609 5090
4327 4573 4642 5098
4324 4545 4657 5108
4313 4523 4661 5106
4305 4506 4668 5109
4301 4480 4672 5113
4288 4448 4672 5106
4269 4418 4664 5097
4268 4380 4666 5108
4261 4351 4671 5107
4262 4322 4669 5114
4253 4291 4675 5120
4249 4257 4686 5121
4244 4266 4687 5131
4227 4288 4712 5125
4223 4299 4718 5125
4226 4312 4708 5139
4223 4323 4701 5145
4211 4292 4701 5147
4205 4266 4694 5152
4198 4237 4678 5153
4192 4208 4670 5157
4189 4170 4664 5164
4189 4137 4649 5172
4191 4127 4646 5189
4202 4130 4651 5204
4199 4115 4677 5218
4198 4104 4704 5225
4190 4102 4740 5229
4190 4093 4778 5237
4185 4092 4814 5244
4184 4081 4852 5249
4176 4083 4845 5254
4170 4079 4838 5259
4168 4076 4835 5266
4158 4085 4824 5267
4152 4087 4824 5271
4140 4097 4840 5265
4136 4092 4869 5271
4130 4090 4873 5276
4129 4076 4884 5286
4119 4077 4894 5287
4109 4074 4902 5288
4097 4079 4920 5283
4093 4082 4915 5289
4084 4081 4921 5292
4082 4073 4947 5299
4077 4074 4975 5308
4073 4082 5009 5308
4063 4085 5042 5315
4062 4090 5055 5317
4054 4099 5052 5324
4049 4118 5049 5328
4051 4126 5047 5335
4049 4124 5048 5347
4050 4136 5050 5356
4054 4134 5043 5374
4053 4129 5031 5379
4041 4130 5036 5379
4033 4133 5030 5376
4030 4148 5020 5382
4025 4155 5007 5386
4023 4158 4998 5392
4017 4147 5014 5396
4007 4151 5007 5390
4004 4153 5001 5396
3993 4155 5006 5398
3985 4167 4999 5391
3980 4176 4994 5401
3979 4181 4987 5401
3978 4171 4985 5411
3972 4172 4983 5413
3974 4168 4988 5418
3971 4152 4976 5427
3960 4150 4955 5419
3957 4153 4926 5422
3954 4151 4892 5429
3933 4149 4865 5404
3926 4133 4858 5403
3924 4128 4862 5412
3925 4126 4863 5418
3928 4129 4867 5423
3943 4130 4868 5424
3941 4135 4862 5434
3949 4137 4851 5433
3954 4150 4832 5438
3952 4161 4830 5430
3954 4164 4825 5425
3949 4168 4831 5423
3964 4165 4817 5427
3963 4172 4818 5433
3967 4178 4826 5434
3966 4189 4841 5430
3968 4186 4851 5431
3973 4191 4857 5429
3977 4190 4863 5442
3988 4190 4869 5448
3988 4187 4862 5455
3988 4190 4858 5455
3991 4190 4861 5452
3992 4194 4850 5459
3993 4228 4845 5457
3985 4262 4853 5447
3983 4298 4850 5446
3971 4335 4850 5430
3965 4372 4861 5420
3979 4404 4866 5421
3977 4439 4873 5414
3984 4481 4867 5411
3991 4517 4858 5413
4000 4540 4866 5412
4007 4559 4865 5412
4011 4559 4862 5411
4016 4562 4862 5408
4024 4562 4851 5414
4026 4564 4855 5412
4028 4563 4858 5406
4022 4566 4873 5399
4024 4563 4876 5392
4027 4566 4867 5393
4025 4576 4871 5388
4025 4576 4881 5379
4025 4567 4895 5375
4022 4572 4900 5363
4022 4571 4892 5366
4022 4582 4891 5360
4020 4578 4903 5353
4017 4591 4904 5344
4014 4599 4898 5334
4014 4608 4894 5329
4016 4608 4893 5327
4023 4610 4889 5332
4029 4603 4890 5332
4031 4629 4896 5326
4039 4643 4897 5340
4047 4636 4874 5336
4048 4621 4839 5341
4051 4605 4802 5333
4050 4590 4771 5330
4060 4588 4742 5330
4058 4574 4735 5327
4059 4570 4735 5317
4058 4565 4733 5314
4060 4552 4733 5310
4058 4541 4732 5305
4058 4539 4721 5298
4056 4530 4721 5292
4058 4523 4716 5288
4058 4510 4721 5279
4062 4519 4718 5281
4063 4548 4706 5279
4058 4582 4705 5271
4060 4597 4707 5263
4071 4613 4713 5269
4075 4630 4717 5268
4080 4640 4719 5271
4088 4672 4731 5282
4103 4706 4750 5292
4103 4738 4752 5286
4105 4773 4747 5287
4108 4805 4739 5284
4112 4844 4727 5282
4112 4880 4721 5278
4113 4861 4726 5275
4122 4839 4731 5275
4125 4834 4740 5279
4126 4822 4747 5275
4130 4810 4744 5272
4139 4837 4738 5276
4144 4866 4737 5273
4148 4898 4742 5271
4147 4934 4742 5266
4156 4972 4734 5265
4155 4985 4742 5262
4145 4992 4739 5238
4139 5000 4743 5230
4142 5006 4750 5219
4138 5014 4758 5212
4143 5016 4759 5211
4145 5022 4758 5206
4150 5027 4752 5206
4149 5044 4745 5200
4161 5040 4738 5205
4162 5043 4739 5199
4168 5050 4734 5200
4171 5049 4741 5191
4179 5052 4727 5198
4183 5054 4724 5199
4186 5065 4717 5196
4189 5074 4711 5193
4193 5078 4707 5186
4195 5084 4703 5183
4203 5096 4687 5185
4202 5099 4674 5180
4196 5109 4674 5172
4202 5116 4675 5168
4190 5130 4675 5149
4186 5130 4674 5133
4181 5130 4679 5131
4191 5128 4668 5126
4186 5124 4655 5122
4190 5124 4660 5114
4193 5124 4655 5114
4195 5125 4652 5108
4195 5136 4654 5104
4199 5130 4657 5101
4204 5133 4656 5101
4207 5136 4659 5097
4210 5134 4663 5095
4208 5136 4676 5092
4209 5135 4682 5086
4217 5141 4676 5091
4212 5149 4681 5081
4217 5160 4669 5081
4226 5156 4674 5087
4227 5160 4671 5087
4231 5165 4674 5078
4229 5166 4684 5083
4234 5160 4688 5071
4227 5164 4696 5070
4227 5174 4698 5065
4227 5180 4705 5057
4222 5182 4709 5058
4231 5196 4714 5054
4236 5197 4738 5066
4238 5201 4777 5060
4235 5220 4811 5056
4253 5231 4843 5077
4259 5248 4849 5082
4255 5258 4847 5072
4252 5267 4853 5066
4250 5282 4858 5060
4256 5294 4845 5063
4257 5296 4851 5061
4256 5300 4850 5058
4259 5297 4862 5058
4261 5298 4864 5056
4261 5299 4868 5056
4267 5299 4862 5057
4260 5306 4866 5054
4259 5307 4857 5047
4261 5296 4839 5047
4254 5287 4838 5039
4254 5291 4834 5033
4260 5287 4810 5041
4257 5283 4799 5034
4253 5279 4791 5026
4256 5279 4799 5022
4258 5281 4792 5025
4259 5278 4788 5025
4264 5271 4790 5025
4265 5261 4794 5027
4274 5255 4800 5035
4280 5251 4803 5038
4290 5238 4802 5047
4298 5232 4801 5054
4287 5230 4804 5041
4283 5233 4801 5030
4278 5220 4808 5023
4285 5216 4810 5022
4280 5227 4809 5017
4280 5222 4812 5012
4279 5227 4817 5008
4278 5230 4821 5001
4275 5241 4819 4995
4280 5239 4806 4995
4284 5243 4788 5000
4291 5247 4780 5004
4295 5246 4781 5002
4295 5241 4791 5000
4298 5235 4795 4996
4302 5229 4791 5000
4300 5241 4793 4995
4302 5211 4795 4997
4302 5176 4798 4992
4300 5143 4799 4987
4298 5112 4801 4981
4300 5071 4806 4982
4303 5038 4806 4983
4310 5005 4809 4987
4307 5010 4814 4978
4303 5007 4804 4972
4302 5008 4774 4968
4307 5004 4738 4972
4301 4992 4709 4962
4297 4985 4700 4955
4299 4993 4711 4950
4302 5003 4743 4951
4303 5003 4779 4947
4308 4987 4811 4949
4318 4984 4815 4954
4325 4977 4812 4957
4331 4969 4816 4957
4331 4970 4825 4950
4332 4973 4824 4945
4331 4973 4829 4939
4336 4975 4831 4934
4335 4965 4840 4933
4341 4968 4840 4931
4346 4966 4851 4932
4348 4972 4855 4924
4356 4964 4848 4928
4356 4975 4845 4919
4355 4976 4837 4915
4363 4977 4828 4914
4364 4978 4806 4909
4367 4982 4795 4902
4374 4990 4781 4901
4380 5000 4779 4899
4379 5007 4792 4892
4380 5016 4807 4890
4386 5019 4823 4884
4390 5023 4833 4886
4393 5042 4823 4877
4391 5064 4820 4871
4395 5070 4814 4864
4397 5081 4809 4857
4398 5093 4810 4853
4403 5105 4806 4849
4406 5112 4801 4851
4409 5122 4799 4844
4409 5128 4794 4840
4411 5131 4802 4839
4416 5151 4799 4835
4435 5163 4794 4850
4442 5157 4793 4852
4443 5138 4794 4851
4447 5119 4793 4844
4449 5094 4789 4844
4453 5082 4790 4840
4457 5045 4793 4840
4465 5003 4794 4839
4461 4971 4807 4831
4468 4933 4803 4832
4467 4892 4805 4824
4470 4857 4791 4829
4474 4818 4799 4820
4480 4781 4786 4824
4488 4741 4782 4826
4484 4707 4785 4818
4483 4678 4782 4816
4483 4654 4783 4808
4482 4648 4793 4805
4494 4630 4805 4809
4502 4622 4807 4813
4502 4622 4804 4808
4517 4623 4796 4823
4529 4619 4798 4835
4534 4611 4800 4831
4530 4606 4805 4829
4531 4607 4805 4822
4522 4606 4806 4816
4530 4606 4798 4821
4523 4606 4799 4814
4512 4606 4791 4794
4513 4614 4781 4798
4521 4608 4780 4797
4518 4609 4774 4797
4516 4613 4774 4788
4527 4599 4767 4797
4527 4588 4770 4791
4528 4574 4780 4790
4533 4555 4781 4791
4538 4531 4784 4788
4537 4496 4785 4788
4538 4456 4786 4781
4541 4415 4772 4786
4549 4373 4765 4788
4545 4340 4770 4788
4553 4303 4737 4786
4553 4266 4706 4783
4557 4224 4672 4787
4565 4184 4636 4790
4564 4144 4611 4789
4566 4106 4607 4782
4563 4064 4597 4781
4565 4023 4599 4776
4565 3981 4592 4778
4557 3940 4591 4762
4555 3899 4582 4757
4558 3857 4583 4759
4555 3815 4587 4750
4554 3775 4594 4752
4566 3740 4598 4754
4577 3705 4609 4764
4588 3673 4615 4767
4599 3642 4625 4778
4612 3604 4636 4785
4623 3581 4648 4794
4634 3572 4659 4800
4646 3551 4670 4807
4649 3567 4684 4808
4657 3582 4678 4813
4657 3590 4682 4811
4657 3600 4696 4808
4661 3614 4700 4806
4662 3628 4699 4808
4665 3642 4696 4805
4661 3649 4704 4802
4666 3661 4708 4801
4663 3677 4707 4797
4671 3694 4699 4799
4675 3708 4685 4804
4676 3718 4676 4803
4682 3736 4668 4809
4681 3747 4670 4806
4690 3759 4673 4810
4697 3762 4678 4819
4700 3754 4678 4820
4698 3722 4678 4818
4697 3714 4678 4816
4698 3721 4678 4810
4694 3726 4671 4809
4702 3719 4663 4810
4697 3718 4668 4809
4697 3725 4674 4803
4692 3727 4690 4800
4693 3726 4688 4796
4692 3729 4687 4797
4694 3726 4689 4796
4694 3728 4689 4792
4689 3732 4690 4791
4695 3733 4684 4789
4695 3756 4684 4791
4699 3797 4690 4790
4701 3835 4691 4792
4701 3871 4693 4792
4701 3912 4690 4783
4702 3948 4693 4786
4710 3967 4689 4788
4704 3970 4683 4786
4700 3979 4703 4780
4704 3983 4742 4779
4695 3987 4769 4772
4702 3990 4801 4772
4709 4001 4829 4781
4713 3998 4848 4785
4717 3998 4850 4782
4722 3994 4849 4787
4722 3999 4849 4783
4716 4001 4858 4779
4719 3990 4866 4780
4721 3991 4863 4783
4721 3994 4864 4783
4723 3995 4859 4785
4729 3990 4860 4790
4728 3992 4849 4794
4735 4006 4836 4797
4733 4010 4827 4798
4734 4015 4811 4793
4732 4013 4812 4799
4736 4006 4817 4796
4736 4000 4815 4805
4741 4002 4806 4806
4733 4009 4808 4805
4732 4019 4821 4801
4735 4008 4825 4809
4727 4002 4826 4806
4724 3999 4825 4799
4721 3998 4810 4802
4719 3990 4802 4798
4712 3987 4789 4799
4712 3970 4785 4798
4715 3954 4788 4804
4718 3940 4778 4812
4721 3934 4766 4815
4720 3923 4759 4821
4720 3904 4764 4819
4715 3892 4766 4820
4716 3879 4767 4819
4711 3870 4770 4820
4713 3870 4769 4824
4711 3858 4768 4823
4708 3849 4764 4825
4709 3826 4767 4828
4710 3821 4760 4834
4712 3847 4743 4834
4713 3872 4724 4842
4712 3893 4724 4841
4705 3908 4725 4835
4703 3930 4728 4836
4706 3960 4718 4842
4700 3996 4711 4838
4698 4032 4711 4837
4703 4060 4704 4846
4699 4095 4715 4842
4696 4134 4705 4841
4692 4173 4711 4838
4689 4201 4712 4835
4695 4233 4701 4844
4697 4270 4694 4845
4702 4280 4693 4853
4705 4278 4688 4853
4700 4294 4681 4849
4701 4294 4676 4850
4708 4280 4666 4859
4706 4277 4669 4857
4707 4263 4677 4855
4711 4258 4668 4860
4706 4257 4670 4855
4715 4257 4673 4863
4718 4243 4676 4863
4703 4229 4680 4844
4711 4222 4680 4852
4725 4218 4679 4867
4727 4212 4680 4865
4720 4209 4695 4861
4725 4199 4704 4862
4729 4187 4713 4867
4727 4195 4713 4864
4732 4199 4706 4872
4736 4193 4709 4872
4734 4206 4701 4872
4729 4225 4699 4868
4729 4257 4702 4868
4730 4288 4711 4868
4726 4320 4726 4864
4726 4355 4723 4860
4731 4386 4715 4864
4732 4420 4737 4866
4729 4459 4776 4862
4728 4488 4803 4861
4727 4520 4830 4856
4726 4554 4856 4856
4728 4588 4861 4857
4730 4630 4869 4858
4732 4669 4868 4859
4731 4699 4870 4856
4742 4730 4872 4869
4755 4770 4873 4880
4758 4795 4846 4881
4763 4826 4811 4886
4755 4866 4776 4878
4742 4908 4738 4867
4729 4940 4697 4854
4714 4959 4671 4845
4693 4990 4655 4818
4681 5022 4643 4812
4678 5036 4631 4805
4667 5045 4624 4798
4661 5068 4617 4790
4652 5066 4612 4783
4652 5060 4612 4779
4649 5056 4609 4779
4644 5056 4601 4774
4643 5053 4599 4771
4638 5047 4603 4768
4642 5038 4609 4768
4642 5037 4615 4770
4643 5033 4621 4768
4644 5027 4634 4767
4642 5027 4643 4765
4638 5020 4651 4759
4639 5019 4645 4765
4638 5019 4639 4756
4638 5019 4630 4756
4638 5019 4618 4760
4636 5019 4610 4754
4628 5030 4615 4750
4631 5067 4626 4748
4638 5068 4624 4756
4633 5073 4632 4753
4635 5074 4646 4750
4630 5086 4650 4748
4637 5089 4651 4750
4641 5084 4648 4759
4641 5097 4642 4754
4636 5105 4644 4750
4639 5113 4648 4749
4641 5124 4637 4754
4645 5131 4630 4758
4643 5144 4635 4755
4644 5148 4639 4755
4647 5161 4635 4754
4648 5162 4633 4757
4651 5165 4633 4758
4657 5171 4632 4762
4657 5172 4639 4764
4658 5178 4640 4763
4649 5193 4648 4755
4660 5197 4644 4765
4673 5196 4640 4773
4668 5198 4638 4774
4679 5206 4647 4778
4685 5218 4644 4790
4686 5221 4650 4785
4680 5231 4658 4782
4677 5236 4656 4778
4670 5255 4655 4773
4667 5269 4652 4770
4667 5284 4656 4768
4664 5306 4646 4764
4661 5318 4649 4761
4666 5323 4645 4765
4665 5320 4657 4764
4663 5321 4661 4763
4663 5325 4663 4759
4664 5321 4660 4763
4665 5327 4656 4763
4658 5331 4666 4760
4659 5340 4678 4756
4649 5355 4683 4751
4654 5366 4675 4750
4653 5377 4672 4753
4661 5382 4639 4755
4658 5394 4606 4758
4662 5405 4571 4756
4660 5410 4543 4756
4668 5413 4512 4767
4670 5414 4505 4767
4667 5423 4509 4766
4668 5426 4510 4762
4666 5443 4509 4761
4666 5458 4493 4760
4668 5472 4487 4762
4664 5478 4502 4759
4664 5490 4513 4758
4665 5509 4504 4760
4665 5521 4499 4757
4659 5534 4503 4754
4664 5542 4500 4755
4669 5542 4509 4761
4677 5552 4516 4768
4678 5542 4530 4770
4678 5556 4529 4771
4686 5555 4522 4773
4683 5557 4533 4774
4677 5543 4542 4765
4679 5539 4542 4764
4672 5533 4537 4762
4664 5543 4536 4750
4653 5547 4548 4742
4663 5547 4555 4749
4660 5548 4556 4748
4656 5558 4562 4742
4656 5545 4562 4742
4661 5529 4567 4749
4669 5524 4572 4754
4666 5527 4577 4753
4665 5527 4589 4748
4664 5526 4590 4749
4661 5539 4587 4747
4659 5543 4587 4746
4660 5537 4590 4745
4663 5537 4589 4744
4656 5545 4596 4740
4654 5534 4601 4739
4646 5542 4603 4734
4635 5551 4611 4718
4635 5540 4615 4718
4631 5531 4619 4714
4627 5537 4622 4711
4643 5540 4619 4726
4647 5535 4610 4732
4652 5506 4606 4733
4650 5470 4613 4733
4651 5441 4602 4731
4644 5412 4607 4726
4642 5386 4601 4722
4640 5350 4601 4719
4641 5336 4593 4719
4638 5345 4585 4716
4645 5336 4583 4722
4646 5325 4590 4724
4645 5322 4593 4721
4646 5322 4587 4724
4646 5330 4581 4720
4643 5330 4584 4723
4644 5331 4581 4720
4639 5332 4585 4716
4644 5320 4581 4719
4643 5330 4586 4716
4636 5331 4595 4712
4633 5331 4603 4706
4629 5321 4617 4706
4638 5300 4617 4710
4637 5295 4610 4712
4638 5299 4615 4711
4636 5298 4617 4709
4636 5292 4618 4707
4633 5296 4638 4705
4632 5298 4672 4703
4638 5292 4702 4704
4634 5284 4734 4705
4640 5280 4769 4706
4642 5293 4779 4707
4652 5291 4787 4719
4654 5300 4790 4713
4642 5313 4797 4706
4644 5318 4796 4700
4643 5320 4787 4705
4647 5322 4785 4704
4645 5327 4777 4705
4648 5331 4766 4704
4651 5331 4768 4704
4651 5335 4764 4706
4650 5341 4756 4698
4650 5350 4740 4705
4651 5320 4734 4699
4650 5292 4716 4704
4656 5264 4703 4708
4657 5235 4695 4710
4658 5208 4692 4708
4659 5181 4697 4706
4664 5150 4694 4715
4666 5119 4696 4715
4663 5084 4698 4712
4672 5066 4699 4718
4677 5044 4690 4722
4677 5019 4673 4721
4672 5030 4667 4716
4679 5031 4665 4722
4680 5033 4662 4723
4682 5033 4666 4725
4677 5034 4670 4721
4673 5040 4668 4712
4676 5040 4668 4718
4678 5040 4660 4719
4657 5040 4649 4699
4653 5041 4654 4691
4648 5040 4660 4688
4655 5040 4652 4691
4656 5040 4649 4696
4659 5040 4645 4698
4664 5040 4636 4703
4658 5041 4643 4695
4655 5040 4652 4693
4663 5040 4643 4700
4665 5040 4632 4700
4666 5035 4632 4702
4671 4993 4636 4704
4671 4952 4633 4709
4679 4925 4632 4711
4678 4915 4625 4712
4672 4909 4629 4702
4666 4909 4631 4698
4668 4903 4626 4697
4662 4891 4630 4693
4654 4879 4626 4683
4654 4866 4632 4683
4653 4854 4632 4683
4657 4840 4636 4686
4660 4822 4637 4687
4658 4813 4635 4687
4655 4805 4639 4682
4657 4799 4643 4686
4661 4789 4651 4688
4658 4779 4663 4684
4662 4770 4665 4685
4670 4752 4656 4694
4668 4747 4645 4692
4675 4734 4639 4698
4675 4717 4638 4699
4678 4710 4637 4698
4680 4692 4666 4704
4679 4680 4705 4698
4676 4669 4744 4700
4680 4663 4778 4700
4674 4663 4804 4695
4678 4663 4809 4698
4682 4663 4804 4700
4684 4663 4810 4705
4688 4662 4805 4705
4684 4663 4813 4705
4683 4663 4797 4699
4683 4663 4759 4702
4677 4663 4721 4692
4676 4663 4692 4691
4679 4662 4664 4695
4683 4662 4654 4696
4680 4636 4652 4697
4676 4600 4647 4690
4665 4566 4643 4682
4664 4550 4631 4676
4659 4523 4634 4671
4652 4501 4643 4666
4655 4467 4640 4669
4661 4450 4639 4672
4654 4430 4645 4669
4664 4410 4652 4675
4677 4382 4653 4689
4677 4378 4661 4687
4667 4383 4661 4678
4673 4388 4670 4682
4673 4392 4678 4682
4673 4412 4682 4682
4671 4431 4676 4677
4668 4419 4669 4676
4673 4388 4655 4679
4677 4356 4643 4685
4674 4320 4649 4678
4679 4285 4642 4683
4681 4268 4648 4682
4686 4234 4653 4690
4686 4200 4656 4692
4692 4164 4649 4695
4694 4137 4651 4695
4695 4133 4650 4693
4701 4133 4647 4702
4704 4145 4647 4702
4706 4149 4644 4705
4722 4137 4641 4707
4724 4142 4639 4697
4723 4152 4645 4686
4726 4180 4651 4676
4727 4207 4660 4669
4738 4231 4663 4667
4752 4266 4652 4672
4757 4299 4652 4669
4769 4341 4652 4666
4774 4358 4651 4667
4779 4369 4650 4655
4778 4374 4654 4646
4766 4386 4654 4633
4767 4393 4660 4623
4764 4389 4668 4612
4757 4381 4681 4601
4760 4379 4691 4587
4755 4384 4700 4580
4761 4390 4711 4571
4762 4404 4709 4570
4768 4407 4717 4561
4776 4416 4717 4560
4787 4424 4722 4559
4794 4433 4722 4550
4789 4453 4716 4541
4801 4455 4719 4533
4801 4459 4722 4526
4801 4471 4727 4513
4802 4476 4724 4508
4809 4488 4718 4499
4819 4497 4710 4496
4826 4500 4703 4491
4842 4508 4693 4485
4842 4519 4682 4480
4855 4518 4689 4473
4861 4522 4684 4471
4872 4511 4682 4466
4887 4499 4674 4465
4899 4496 4665 4464
4910 4483 4671 4456
4920 4476 4671 4451
4931 4466 4668 4447
4940 4461 4676 4440
4948 4446 4651 4433
4956 4435 4623 4427
4971 4417 4594 4427
4972 4413 4569 4409
4985 4431 4544 4407
4994 4456 4550 4397
4995 4478 4557 4382
4996 4495 4569 4371
5007 4512 4567 4367
5016 4531 4572 4357
5020 4552 4580 4345
5031 4576 4576 4339
5043 4599 4576 4337
5047 4611 4580 4328
5061 4627 4582 4323
5065 4647 4591 4314
5072 4638 4606 4303
5080 4633 4604 4298
5089 4623 4597 4291
5099 4610 4588 4286
5113 4595 4582 4284
5106 4591 4589 4276
5101 4578 4582 4271
5105 4578 4587 4265
5109 4578 4590 4287
5111 4569 4590 4283
5104 4568 4584 4292
5106 4561 4593 4290
5092 4556 4598 4291
5092 4542 4609 4287
5082 4530 4617 4293
5086 4523 4607 4299
5089 4501 4597 4310
5086 4491 4596 4314
5078 4487 4605 4315
5076 4489 4601 4316
5061 4523 4612 4312
5060 4554 4613 4311
5049 4569 4615 4315
5049 4565 4620 4319
5045 4565 4622 4330
5046 4556 4621 4338
5041 4555 4620 4344
5045 4561 4612 4360
5049 4563 4624 4368
5040 4561 4627 4378
5040 4559 4622 4383
5029 4561 4621 4390
5023 4563 4616 4396
5014 4566 4621 4404
5010 4578 4610 4415
5002 4578 4601 4420
4993 4574 4600 4429
4987 4583 4595 4436
4978 4581 4596 4447
4970 4589 4596 4452
4959 4584 4601 4465
4951 4585 4605 4471
4936 4596 4616 4476
4923 4596 4622 4482
4907 4606 4622 4486
4892 4612 4610 4479
4874 4616 4605 4477
4860 4616 4607 4484
4854 4593 4620 4493
4843 4573 4632 4501
4836 4569 4629 4512
4827 4560 4629 4522
4819 4551 4629 4532
4807 4545 4642 4542
4800 4523 4670 4552
4787 4509 4711 4561
4781 4504 4750 4572
4770 4496 4783 4581
4757 4492 4804 4588
4749 4489 4818 4597
4738 4506 4828 4604
4733 4529 4824 4617
4726 4550 4824 4629
4717 4576 4825 4615
4709 4605 4819 4620
4699 4627 4826 4629
4701 4652 4821 4630
4691 4670 4828 4642
4700 4689 4822 4647
4692 4719 4808 4660
4689 4741 4801 4661
4689 4738 4787 4675
4692 4733 4776 4690
4685 4725 4763 4693
4682 4709 4753 4706
4683 4699 4742 4717
4674 4692 4746 4725
4667 4700 4747 4728
4656 4731 4763 4730
4651 4764 4760 4736
4647 4804 4747 4751
4640 4837 4755 4749
4631 4857 4741 4755
4625 4892 4723 4738
4615 4927 4724 4743
4615 4962 4732 4733
4603 5001 4730 4736
4606 5014 4724 4735
4605 5011 4725 4741
4607 5012 4707 4750
4608 5014 4701 4755
4604 5028 4690 4770
4597 5022 4700 4773
4596 5015 4696 4773
4591 5008 4698 4783
4589 5016 4691 4781
4575 5034 4683 4778
4564 5041 4688 4771
4564 5050 4685 4777
4556 5033 4693 4779
4557 5025 4700 4778
4553 5010 4710 4789
4550 5017 4709 4789
4561 5015 4708 4800
4564 5013 4697 4810
4565 5025 4693 4816
4579 5026 4679 4833
4575 5034 4675 4839
4577 5035 4679 4841
4570 5033 4673 4847
4573 5026 4673 4848
4571 5025 4660 4856
4567 5025 4657 4854
4558 5022 4656 4854
4558 5027 4647 4858
4564 5025 4648 4868
4560 5028 4649 4871
4560 5031 4650 4873
4559 5031 4645 4878
4565 5033 4652 4881
4563 5034 4657 4883
4561 5029 4662 4886
4565 5022 4674 4891
4563 5015 4689 4892
4566 5016 4694 4892
4564 5021 4692 4894
4569 5014 4698 4895
4563 5025 4698 4891
4563 5033 4694 4895
4563 5029 4703 4888
4560 5042 4701 4889
4557 5048 4702 4887
4558 5059 4712 4880
4559 5064 4708 4885
4558 5079 4743 4880
4558 5090 4769 4878
4559 5105 4795 4880
4562 5106 4821 4884
4564 5118 4837 4881
4564 5124 4831 4882
4568 5136 4821 4885
4574 5149 4805 4887
4574 5166 4801 4887
4576 5175 4775 4887
4578 5185 4743 4892
4581 5191 4713 4897
4584 5203 4681 4899
4588 5210 4647 4904
4580 5226 4613 4898
4583 5235 4615 4898
4586 5244 4605 4902
4588 5232 4591 4890
4589 5226 4596 4883
4588 5231 4598 4875
4588 5238 4597 4870
4607 5224 4599 4871
4595 5228 4602 4867
4604 5215 4599 4867
4629 5207 4599 4869
4641 5212 4594 4870
4659 5206 4594 4862
4660 5198 4592 4855
4680 5196 4597 4849
4687 5193 4602 4844
4698 5194 4612 4829
4704 5189 4625 4822
4706 5206 4632 4805
4707 5198 4628 4794
4722 5182 4632 4784
4729 5168 4643 4776
4748 5168 4639 4773
4754 5168 4648 4764
4766 5166 4652 4753
4770 5169 4660 4740
4784 5164 4667 4729
4792 5164 4670 4720
4808 5163 4666 4708
4819 5166 4669 4701
4812 5170 4659 4695
4812 5169 4652 4676
4814 5165 4660 4665
4816 5161 4671 4656
4828 5166 4679 4648
4832 5167 4677 4637
4844 5165 4683 4629
4848 5158 4690 4617
4854 5131 4695 4604
4859 5097 4699 4589
4855 5066 4702 4581
4852 5034 4710 4564
4863 5002 4710 4564
4871 4973 4705 4557
4873 4937 4709 4552
4884 4924 4722 4544
4894 4907 4728 4543
4912 4901 4738 4557
4929 4892 4739 4562
4943 4884 4739 4558
4945 4890 4740 4551
4959 4890 4736 4548
4964 4883 4739 4542
4978 4874 4733 4537
4986 4872 4731 4532
4999 4870 4725 4522
4997 4881 4723 4511
5012 4886 4712 4504
5024 4877 4704 4504
5037 4868 4700 4498
5049 4859 4708 4494
5062 4840 4698 4492
5069 4843 4692 4486
5072 4849 4705 4471
5082 4852 4698 4468
5085 4855 4695 4479
5093 4851 4689 4477
5104 4855 4676 4475
5095 4855 4690 4469
5101 4866 4680 4463
5095 4872 4683 4462
5101 4863 4686 4458
5093 4851 4694 4450
5094 4865 4698 4442
5091 4871 4679 4434
5092 4879 4650 4431
5087 4895 4618 4423
5085 4905 4590 4415
5085 4912 4570 4412
5083 4923 4570 4407
5089 4934 4563 4410
5087 4943 4566 4409
5090 4945 4568 4406
5086 4954 4562 4410
5088 4956 4574 4411
5087 4962 4575 4431
5080 4969 4573 4423
5064 4976 4581 4428
5068 4979 4580 4430
5050 4983 4585 4421
5045 4990 4581 4420
5046 4995 4598 4426
5041 5001 4599 4431
5039 5008 4607 4432
5035 4991 4603 4449
5031 4973 4600 4460
5024 4947 4602 4468
5026 4912 4605 4483
5028 4870 4615 4500
5030 4828 4609 4516
5027 4786 4595 4526
5020 4761 4591 4538
5011 4732 4592 4547
5002 4705 4592 4554
4995 4666 4598 4563
4991 4630 4593 4573
4980 4596 4598 4582
4978 4557 4597 4592
4966 4524 4601 4599
4964 4483 4597 4611
4954 4461 4596 4618
4950 4423 4599 4627
4939 4389 4597 4635
4926 4348 4596 4631
4911 4306 4593 4634
4914 4267 4583 4649
4898 4254 4580 4661
4892 4246 4579 4666
4884 4239 4570 4680
4875 4231 4566 4695
4876 4210 4574 4711
4861 4190 4582 4721
4855 4176 4579 4737
4843 4168 4586 4736
4826 4165 4587 4730
4818 4162 4581 4739
4811 4151 4588 4745
4808 4134 4591 4752
4793 4134 4588 4759
4790 4126 4595 4770
4775 4130 4596 4773
4765 4137 4594 4783
4753 4137 4598 4790
4750 4137 4598 4804
4738 4124 4600 4818
4725 4110 4606 4821
4714 4109 4596 4834
4703 4097 4600 4846
4695 4092 4608 4856
4682 4095 4615 4869
4670 4096 4616 4877
4656 4097 4621 4890
4645 4096 4624 4896
4632 4096 4627 4910
4621 4096 4629 4915
4604 4088 4656 4928
4597 4073 4683 4937
4587 4064 4710 4947
4576 4053 4737 4957
4567 4046 4766 4965
4560 4037 4798 4983
4548 4031 4797 4990
4531 4024 4804 4999
4520 4031 4816 5015
4506 4031 4818 5036
4495 4035 4818 5047
4489 4024 4816 5066
4478 4032 4807 5083
4493 4035 4811 5091
4481 4040 4816 5102
4471 4036 4821 5100
4457 4033 4818 5110
4446 4035 4829 5111
4441 4045 4816 5121
4427 4051 4801 5120
4407 4068 4798 5121
4400 4079 4791 5124
4387 4090 4787 5127
4382 4086 4780 5134
4381 4090 4789 5141
4368 4106 4786 5145
4366 4114 4771 5154
4353 4113 4770 5154
4347 4114 4769 5160
4343 4112 4767 5167
4345 4106 4751 5182
4343 4106 4738 5191
4343 4103 4731 5199
4336 4104 4730 5207
4332 4104 4726 5208
4350 4093 4728 5218
4365 4094 4725 5232
4369 4105 4711 5237
4373 4114 4703 5235
4368 4112 4703 5232
4372 4113 4702 5231
4370 4111 4697 5232
4375 4123 4690 5233
4377 4157 4690 5235
4382 4184 4690 5241
4397 4213 4689 5238
4399 4245 4688 5237
4400 4281 4686 5221
4400 4313 4692 5216
4399 4351 4685 5204
4390 4356 4681 5189
4391 4374 4678 5177
4395 4371 4676 5173
4398 4373 4680 5166
4404 4376 4675 5165
4407 4380 4672 5158
4402 4387 4681 5150
4408 4387 4687 5140
4402 4397 4695 5134
4402 4404 4701 5124
4398 4406 4706 5116
4401 4415 4713 5112
4405 4409 4722 5107
4395 4422 4714 5093
4381 4430 4714 5076
4379 4435 4723 5065
4374 4449 4731 5055
4378 4449 4737 5050
4386 4445 4721 5052
4391 4452 4709 5046
4404 4439 4710 5055
4413 4435 4714 5056
4413 4442 4709 5047
4428 4439 4692 5055
4431 4428 4706 5045
4430 4428 4712 5040
4435 4428 4724 5028
4440 4439 4728 5029
4451 4429 4727 5026
4456 4415 4739 5027
4466 4410 4747 5021
4479 4401 4747 5024
4485 4394 4747 5015
4489 4394 4738 5006
4502 4386 4707 5007
4508 4371 4675 4999
4512 4364 4666 4988
4521 4349 4669 4981
4534 4339 4669 4974
4540 4331 4667 4965
4538 4322 4684 4952
4555 4309 4691 4946
4568 4298 4679 4949
4579 4294 4674 4938
4595 4284 4674 4950
4607 4275 4670 4946
4611 4264 4658 4938
4619 4251 4659 4925
4618 4227 4670 4914
4630 4234 4680 4902
4634 4250 4694 4896
4643 4276 4697 4887
4643 4317 4701 4875
4647 4345 4707 4865
4650 4371 4721 4853
4647 4409 4702 4838
4651 4445 4673 4820
4647 4475 4671 4805
4655 4513 4634 4793
4667 4540 4605 4793
4673 4578 4616 4778
4675 4612 4622 4764
4678 4646 4633 4752
4685 4683 4644 4741
4691 4714 4654 4733
4703 4724 4654 4727
4714 4755 4621 4724
4720 4792 4597 4714
4734 4824 4604 4720
4748 4855 4616 4717
4749 4892 4617 4708
4758 4906 4625 4696
4758 4912 4625 4688
4763 4917 4612 4674
4770 4918 4580 4661
4774 4928 4548 4655
4781 4937 4548 4644
4779 4947 4553 4631
4789 4953 4546 4634
4798 4960 4540 4640
4793 4970 4543 4628
4793 4973 4546 4626
4789 4971 4552 4619
4783 4968 4562 4605
4780 4970 4564 4603
4782 4969 4566 4596
4783 4969 4568 4597
4788 4969 4562 4591
4788 4970 4561 4588
4793 4978 4565 4585
4802 4975 4565 4591
4808 4966 4577 4587
4812 4963 4586 4585
4810 4962 4592 4577
4813 4955 4598 4569
4818 4943 4609 4571
4820 4943 4612 4561
4821 4942 4613 4561
4818 4942 4625 4545
4821 4942 4630 4546
4820 4947 4625 4535
4804 4961 4628 4514
4802 4970 4638 4507
4808 4974 4640 4503
4808 4975 4649 4497
4819 4977 4643 4496
4824 4984 4635 4501
4834 4992 4627 4497
4830 5000 4634 4493
4837 5014 4627 4486
4846 5017 4621 4491
4847 5019 4629 4484
4850 5023 4637 4479
4857 5020 4632 4479
4860 5023 4634 4475
4862 5028 4640 4471
4864 5030 4648 4468
4873 5026 4646 4469
4876 5017 4655 4469
4883 5018 4659 4469
4892 5018 4656 4473
4895 5017 4652 4472
4905 5018 4635 4476
4906 5028 4639 4474
4909 5042 4629 4472
4912 5046 4625 4473
4912 5055 4629 4470
4913 5063 4631 4468
4918 5073 4615 4470
4922 5089 4601 4471
4912 5106 4609 4459
4911 5113 4612 4456
4907 5115 4621 4452
4905 5111 4628 4448
4906 5102 4626 4449
4909 5113 4616 4451
4901 5109 4619 4443
4904 5106 4618 4447
4904 5104 4617 4448
4902 5108 4607 4448
4903 5109 4602 4450
4903 5103 4595 4449
4900 5098 4602 4450
4902 5096 4596 4452
4897 5104 4591 4450
4892 5098 4591 4447
4902 5100 4587 4457
4905 5094 4582 4462
4904 5099 4578 4464
4914 5097 4578 4471
4927 5101 4562 4488
4928 5099 4555 4490
4928 5100 4542 4493
4928 5106 4538 4494
4925 5114 4534 4494
4922 5127 4531 4493
4918 5126 4521 4489
4915 5124 4514 4493
4918 5126 4511 4495
4915 5122 4512 4496
4920 5110 4507 4500
4925 5097 4507 4506
4926 5101 4491 4511
4940 5085 4498 4526
4955 5083 4497 4542
4962 5090 4488 4552
4964 5066 4474 4558
4970 5031 4462 4562
4968 5000 4474 4565
4968 4964 4484 4567
4968 4941 4481 4569
4963 4914 4486 4566
4963 4875 4502 4567
4955 4846 4511 4561
4955 4842 4497 4558
4950 4839 4490 4543
4930 4836 4487 4543
4931 4844 4484 4535
4925 4854 4480 4538
4929 4850 4493 4537
4930 4839 4517 4546
4934 4832 4546 4545
4937 4825 4579 4555
4941 4818 4607 4561
4935 4827 4642 4551
4931 4826 4675 4557
4938 4821 4687 4557
4933 4827 4691 4561
4929 4829 4695 4558
4935 4829 4689 4564
4935 4836 4678 4567
4936 4839 4677 4569
4935 4838 4684 4570
4921 4837 4692 4564
4911 4829 4691 4551
4916 4820 4688 4563
4917 4820 4689 4563
4911 4832 4691 4563
4906 4851 4689 4556
4902 4831 4679 4559
4902 4800 4673 4557
4897 4770 4671 4560
4895 4729 4664 4557
4894 4701 4654 4560
4892 4675 4640 4559
4898 4637 4673 4568
4898 4601 4704 4573
4903 4571 4705 4578
4906 4533 4737 4582
4898 4506 4767 4576
4896 4468 4765 4579
4904 4434 4759 4587
4906 4400 4748 4590
4905 4363 4746 4592
4904 4332 4746 4590
4902 4306 4746 4594
4896 4274 4780 4590
4897 4237 4807 4592
4893 4205 4807 4590
4899 4174 4790 4598
4895 4137 4801 4597
4898 4098 4800 4597
4897 4061 4809 4598
4896 4027 4832 4600
4904 4035 4873 4612
4911 4046 4904 4620
4914 4057 4902 4624
4918 4061 4909 4628
4914 4068 4914 4627
4909 4075 4924 4626
4916 4075 4931 4633
4918 4083 4934 4636
4922 4103 4929 4642
4934 4114 4922 4655
4934 4120 4910 4655
4934 4121 4916 4654
4935 4121 4910 4656
4942 4121 4922 4664
4942 4120 4920 4666
4939 4125 4913 4665
4934 4142 4907 4659
4929 4152 4900 4658
4929 4167 4891 4657
4931 4176 4876 4660
4933 4182 4869 4663
4926 4194 4869 4659
4925 4194 4873 4657
4928 4196 4877 4662
