0.000 0.000 0.000 0.000 
33933.000 34781.000 35607.000 35348.000 
62335.000 62378.000 63209.000 59050.000 
84730.000 86646.000 86676.000 71905.000 
84745.000 85074.000 85142.000 83673.000 
84515.000 84649.000 84369.000 82260.000 
89549.000 89763.000 89683.000 86122.000 
94940.000 94319.000 94925.000 91446.000 
99407.000 99418.000 99166.000 95876.000 
103040.000 103387.000 103592.000 100449.000 
107401.000 107919.000 107641.000 104718.000 
112503.000 111766.000 111690.000 108878.000 
116701.000 116892.000 116637.000 112765.000 
121344.000 121208.000 121319.000 117021.000 
123250.000 125214.000 124357.000 119885.000 
125537.000 126263.000 126416.000 121768.000 
129819.000 133486.000 132932.000 123879.000 
133626.000 138251.000 138110.000 127256.000 
138460.000 142706.000 142585.000 130322.000 
143248.000 147407.000 147051.000 134040.000 
148060.000 151659.000 151564.000 136462.000 
152459.000 155892.000 155942.000 139732.000 
157571.000 160717.000 160634.000 144238.000 
161849.000 164989.000 165003.000 145713.000 
166535.000 169576.000 169605.000 148799.000 
171319.000 174882.000 174785.000 152886.000 
176188.000 179772.000 179715.000 155264.000 
180438.000 184399.000 184290.000 158381.000 
184879.000 188561.000 188701.000 159932.000 
188278.000 192431.000 192499.000 162404.000 
193622.000 198081.000 197783.000 165602.000 
197952.000 202339.000 202149.000 167226.000 
202841.000 207057.000 207242.000 170389.000 
207887.000 211930.000 212067.000 172063.000 
212552.000 216674.000 216773.000 174478.000 
217067.000 221058.000 220897.000 175897.000 
222078.000 225774.000 225760.000 178271.000 
226347.000 229856.000 229951.000 179848.000 
231073.000 234444.000 234576.000 182443.000 
236260.000 239438.000 239440.000 184841.000 
240513.000 243472.000 243486.000 186285.000 
245854.000 248809.000 248884.000 188626.000 
250757.000 254033.000 253891.000 191089.000 
255239.000 258463.000 258488.000 192709.000 
260128.000 263521.000 263410.000 195270.000 
265013.000 268415.000 268279.000 197630.000 
269305.000 273050.000 272968.000 199123.000 
273753.000 277472.000 277509.000 200734.000 
278281.000 282220.000 282086.000 203066.000 
282789.000 286865.000 286955.000 204582.000 
287387.000 291659.000 291533.000 206211.000 
291681.000 296109.000 296218.000 208606.000 
297156.000 301466.000 301467.000 210229.000 
301871.000 305896.000 306003.000 211941.000 
306916.000 310983.000 310933.000 214410.000 
311380.000 315146.000 315141.000 215954.000 
316012.000 320003.000 319725.000 217496.000 
320791.000 324697.000 324551.000 219020.000 
325473.000 329225.000 329181.000 220781.000 
330787.000 334411.000 334101.000 223068.000 
335585.000 338999.000 338977.000 224583.000 
339714.000 342908.000 342858.000 226212.000 
344680.000 347574.000 347651.000 227818.000 
349416.000 352300.000 352251.000 229392.000 
354215.000 357239.000 357230.000 230941.000 
359205.000 362284.000 362211.000 233175.000 
363498.000 366646.000 366714.000 234774.000 
368453.000 371813.000 371770.000 236593.000 
372849.000 376291.000 376342.000 238219.000 
377574.000 381219.000 381183.000 239933.000 
382531.000 386128.000 386128.000 241480.000 
387049.000 390600.000 390621.000 243133.000 
391678.000 395727.000 395647.000 244742.000 
396180.000 400434.000 400289.000 246334.000 
400533.000 404944.000 404918.000 247787.000 
405575.000 410057.000 410012.000 249368.000 
410129.000 414401.000 414469.000 251047.000 
414940.000 419018.000 418991.000 252692.000 
420214.000 424423.000 424352.000 254296.000 
426512.000 429606.000 429029.000 255882.000 
434219.000 437225.000 437164.000 257441.000 
443513.000 446038.000 446050.000 258978.000 
453296.000 455702.000 455271.000 259731.000 
464016.000 466053.000 465656.000 261325.000 
475589.000 477227.000 477188.000 262905.000 
487325.000 488800.000 488785.000 264458.000 
499939.000 501426.000 501431.000 266116.000 
512977.000 514486.000 514330.000 267620.000 
524484.000 526363.000 525952.000 269240.000 
528802.000 528494.000 528336.000 270085.000 
528802.000 528494.000 528336.000 271831.000 
528802.000 528494.000 528336.000 273277.000 
528802.000 528494.000 528336.000 274852.000 
528802.000 528494.000 528336.000 275621.000 
528802.000 528494.000 528336.000 277241.000 
528802.000 528494.000 528336.000 278840.000 
528802.000 528494.000 528336.000 280284.000 
528802.000 528494.000 528336.000 281983.000 
528802.000 528494.000 528336.000 282735.000 
448642.000 440341.000 440380.000 284438.000 
431029.000 431044.000 430993.000 285976.000 
431253.000 431230.000 431234.000 287512.000 
431336.000 431427.000 431389.000 288323.000 
398205.000 396520.000 396569.000 290013.000 
394137.000 394180.000 394111.000 290761.000 
394161.000 394197.000 394141.000 291541.000 
394171.000 394200.000 394112.000 293180.000 
305239.000 303570.000 303568.000 294032.000 
304570.000 304518.000 304678.000 295446.000 
308450.000 309431.000 309641.000 297217.000 
312748.000 313237.000 313213.000 298697.000 
315437.000 316160.000 316117.000 299485.000 
317977.000 319804.000 319705.000 301012.000 
322089.000 322481.000 322536.000 302540.000 
324784.000 325013.000 325034.000 304179.000 
327393.000 327577.000 327523.000 305903.000 
330215.000 331198.000 331303.000 307457.000 
333140.000 334582.000 334661.000 308990.000 
337088.000 337591.000 337490.000 310633.000 
340271.000 340513.000 340556.000 312969.000 
343233.000 343491.000 343325.000 314507.000 
345514.000 345783.000 345828.000 316154.000 
348266.000 348479.000 348392.000 318538.000 
350164.000 350542.000 350677.000 320178.000 
351764.000 352961.000 352896.000 322570.000 
353806.000 353867.000 353929.000 324831.000 
356336.000 356432.000 356363.000 326292.000 
356849.000 358470.000 358421.000 328536.000 
359265.000 359179.000 359053.000 330919.000 
361233.000 361647.000 361540.000 333741.000 
362073.000 362193.000 362147.000 335836.000 
364362.000 364597.000 364565.000 338355.000 
364865.000 364816.000 364781.000 340894.000 
365012.000 365122.000 365047.000 343474.000 
367725.000 367671.000 367548.000 345753.000 
368311.000 368197.000 368251.000 349041.000 
368279.000 368958.000 368818.000 351258.000 
371126.000 371049.000 371101.000 354516.000 
371454.000 371411.000 371351.000 357668.000 
371483.000 371520.000 371520.000 359979.000 
371942.000 371949.000 371956.000 363105.000 
372330.000 372223.000 372284.000 366233.000 
372694.000 372650.000 372712.000 369199.000 
373320.000 373283.000 373196.000 370813.000 
373584.000 373563.000 373574.000 371731.000 
374026.000 373981.000 374017.000 372763.000 
374330.000 374164.000 374288.000 373475.000 
374622.000 374620.000 374618.000 374022.000 
375135.000 375291.000 375209.000 374245.000 
375691.000 375638.000 375696.000 375117.000 
376169.000 376292.000 376404.000 375559.000 
376680.000 376593.000 376699.000 376109.000 
377298.000 377269.000 377226.000 376752.000 
377673.000 377845.000 377789.000 377369.000 
378411.000 378419.000 378337.000 377428.000 
377609.000 377613.000 377732.000 377848.000 
376304.000 376287.000 376266.000 377360.000 
375189.000 375101.000 375163.000 376274.000 
374694.000 374629.000 374606.000 375571.000 
375987.000 376025.000 375856.000 375661.000 
377356.000 377257.000 377389.000 376325.000 
380896.000 380222.000 380430.000 377812.000 
380524.000 380624.000 380767.000 379197.000 
380718.000 380706.000 380660.000 379998.000 
380657.000 382026.000 381840.000 380277.000 
383201.000 383107.000 383319.000 381701.000 
383253.000 383468.000 383143.000 382770.000 
386195.000 385305.000 385665.000 383369.000 
385736.000 385559.000 385605.000 384892.000 
389283.000 387556.000 387942.000 385958.000 
388238.000 388102.000 388381.000 387179.000 
390431.000 390623.000 390613.000 388396.000 
392820.000 392837.000 393017.000 390070.000 
393067.000 394195.000 394268.000 391607.000 
395685.000 395532.000 395395.000 393200.000 
398565.000 398348.000 398284.000 395878.000 
401671.000 402127.000 402036.000 398730.000 
406284.000 405338.000 404959.000 401924.000 
406361.000 406454.000 406362.000 404375.000 
407972.000 407325.000 407620.000 405047.000 
407796.000 408000.000 407881.000 406171.000 
408985.000 408131.000 407994.000 406520.000 
408234.000 409850.000 409858.000 407461.000 
412257.000 413487.000 413142.000 409332.000 
416671.000 417110.000 416986.000 413041.000 
421289.000 421913.000 422263.000 416593.000 
425447.000 424619.000 425012.000 420410.000 
427972.000 427786.000 427590.000 423957.000 
431101.000 431776.000 432432.000 427275.000 
435876.000 434771.000 435218.000 430354.000 
439502.000 439973.000 439501.000 434804.000 
443046.000 443382.000 443015.000 438399.000 
448252.000 447573.000 447198.000 442387.000 
452740.000 451740.000 452243.000 446802.000 
456440.000 457215.000 457462.000 451164.000 
462903.000 461453.000 461000.000 455379.000 
467739.000 466913.000 466629.000 459471.000 
472324.000 472541.000 472019.000 465247.000 
478446.000 477877.000 476878.000 469659.000 
482054.000 484943.000 484174.000 474808.000 
489931.000 490734.000 490671.000 481061.000 
497039.000 498262.000 497891.000 486479.000 
504743.000 505622.000 505733.000 492786.000 
510646.000 512269.000 512160.000 496769.000 
516780.000 517826.000 517863.000 500855.000 
522351.000 523009.000 523090.000 504842.000 
527715.000 528287.000 528330.000 509743.000 
534280.000 535275.000 535067.000 514577.000 
541635.000 542812.000 542273.000 519958.000 
550821.000 552236.000 552349.000 524708.000 
558853.000 559952.000 559827.000 527349.000 
563389.000 564914.000 564913.000 527349.000 
568004.000 568712.000 568675.000 527349.000 
571457.000 572966.000 572888.000 527349.000 
575281.000 577069.000 577117.000 527349.000 
582476.000 583711.000 583682.000 530461.000 
590143.000 591647.000 591682.000 530461.000 
599976.000 601683.000 601503.000 530461.000 
610241.000 611649.000 611567.000 530461.000 
620485.000 621340.000 621333.000 530461.000 
631924.000 632697.000 632580.000 532744.000 
645327.000 646945.000 646466.000 538197.000 
658773.000 660810.000 660446.000 543050.000 
674418.000 676132.000 676189.000 548621.000 
690369.000 692333.000 692040.000 554149.000 
706219.000 707775.000 707837.000 559102.000 
722127.000 723979.000 723878.000 564503.000 
737676.000 739444.000 739395.000 570103.000 
750538.000 752518.000 752632.000 574956.000 
762962.000 765269.000 764984.000 580390.000 
775486.000 777895.000 777650.000 585210.000 
787982.000 790276.000 790199.000 590840.000 
800510.000 802773.000 802486.000 596418.000 
813360.000 815256.000 815072.000 601347.000 
827090.000 829012.000 829251.000 606737.000 
841231.000 843428.000 843222.000 612377.000 
855913.000 857731.000 857760.000 617329.000 
869987.000 872027.000 871978.000 622610.000 
884043.000 884080.000 884023.000 627517.000 
886609.000 884080.000 884023.000 633182.000 
886609.000 884080.000 884023.000 638677.000 
886609.000 884080.000 884023.000 643547.000 
886609.000 884080.000 884023.000 649098.000 
886609.000 884080.000 884023.000 654644.000 
886609.000 884080.000 884023.000 659532.000 
886609.000 884080.000 884023.000 664955.000 
886609.000 884080.000 884023.000 669672.000 
886609.000 884080.000 884023.000 675382.000 
886609.000 884080.000 884023.000 680325.000 
886609.000 884080.000 884023.000 677011.000 
886609.000 884080.000 884023.000 676976.000 
886609.000 884080.000 884023.000 677934.000 
886609.000 884080.000 884023.000 679487.000 
886609.000 884080.000 884023.000 680099.000 
886609.000 884080.000 884023.000 679714.000 
886609.000 884080.000 884023.000 678699.000 
886609.000 736467.000 736195.000 660707.000 
886609.000 726800.000 726848.000 628032.000 
886609.000 719641.000 719519.000 587059.000 
886609.000 712211.000 712153.000 549029.000 
835283.000 706618.000 706669.000 481954.000 
835283.000 702316.000 702263.000 428825.000 
835283.000 626046.000 626706.000 388337.000 
716170.000 621415.000 621549.000 350493.000 
716170.000 621462.000 621449.000 314571.000 
484071.000 621530.000 621517.000 184478.000 
245295.000 621530.000 621517.000 133324.000 
57286.000 621530.000 621517.000 50039.000 
93841.000 621530.000 621517.000 27104.000 
144095.000 621530.000 621517.000 25224.000 
194247.000 621530.000 621517.000 31498.000 
246227.000 621530.000 621517.000 41780.000 
302321.000 621530.000 621517.000 51714.000 
348326.000 621530.000 621517.000 61035.000 
348326.000 621530.000 621517.000 70601.000 
348326.000 621530.000 621517.000 80331.000 
348326.000 621530.000 621517.000 89657.000 
348326.000 621530.000 621517.000 25270.000 
348326.000 621530.000 621517.000 13325.000 
348326.000 94492.000 93355.000 19061.000 
239422.000 187667.000 185719.000 31656.000 
237733.000 260557.000 259994.000 43739.000 
212841.000 269241.000 269107.000 55456.000 
212749.000 269878.000 269662.000 66005.000 
171612.000 272279.000 272305.000 75079.000 
174175.000 273739.000 273695.000 84008.000 
177910.000 275850.000 275458.000 91416.000 
186985.000 277837.000 277947.000 98282.000 
194222.000 280864.000 280441.000 104797.000 
195617.000 283801.000 283774.000 110356.000 
196731.000 287272.000 287206.000 115885.000 
198201.000 291704.000 291729.000 122329.000 
200536.000 296732.000 296625.000 127014.000 
201661.000 300385.000 300356.000 132835.000 
200970.000 304304.000 304324.000 136706.000 
202189.000 306741.000 306633.000 140875.000 
202362.000 310309.000 310296.000 143989.000 
204112.000 314329.000 314208.000 148800.000 
206135.000 318346.000 318115.000 151737.000 
204943.000 323472.000 323237.000 154163.000 
207618.000 327105.000 326808.000 158096.000 
207431.000 331475.000 331590.000 161324.000 
207943.000 336000.000 336113.000 165239.000 
210309.000 340780.000 340911.000 167705.000 
209562.000 345522.000 345455.000 170886.000 
210004.000 350089.000 350046.000 174798.000 
209030.000 354915.000 354804.000 176252.000 
209723.000 359457.000 359533.000 180202.000 
209279.000 364073.000 364075.000 182585.000 
209256.000 368745.000 368445.000 185887.000 
209329.000 373058.000 373106.000 189077.000 
208059.000 376940.000 376915.000 190715.000 
208103.000 381597.000 381349.000 193024.000 
208152.000 385210.000 385345.000 195326.000 
208150.000 389718.000 389539.000 197763.000 
208009.000 394733.000 394333.000 200291.000 
208115.000 398691.000 398537.000 202630.000 
209847.000 402747.000 402395.000 204967.000 
211067.000 406743.000 406724.000 206271.000 
211873.000 410629.000 409756.000 208558.000 
213424.000 414093.000 413364.000 209724.000 
214185.000 418167.000 417497.000 211413.000 
214388.000 422073.000 421355.000 212019.000 
215022.000 425290.000 425992.000 213128.000 
215873.000 430585.000 430488.000 213871.000 
215998.000 435027.000 434880.000 214245.000 
215859.000 438732.000 438798.000 214728.000 
216243.000 443865.000 444256.000 215273.000 
216856.000 448430.000 448140.000 215843.000 
216175.000 452192.000 452214.000 215862.000 
216885.000 456912.000 457027.000 215908.000 
216721.000 461741.000 461097.000 216164.000 
216515.000 463987.000 465765.000 216439.000 
217955.000 463987.000 465894.000 216654.000 
217520.000 463987.000 465894.000 216697.000 
218235.000 463987.000 465894.000 217140.000 
219964.000 463987.000 465894.000 217576.000 
219200.000 463987.000 465894.000 218251.000 
221550.000 463987.000 465894.000 218345.000 
221058.000 463987.000 465894.000 219125.000 
222892.000 344461.000 465894.000 219690.000 
224120.000 342162.000 344922.000 220356.000 
223835.000 342247.000 344984.000 221085.000 
227041.000 345346.000 345739.000 221893.000 
227672.000 351085.000 350851.000 223483.000 
230164.000 354647.000 354566.000 224432.000 
232584.000 359499.000 359317.000 225628.000 
233497.000 363951.000 363942.000 226887.000 
235975.000 369761.000 368681.000 228319.000 
238666.000 375692.000 374766.000 230349.000 
242325.000 381450.000 380648.000 231689.000 
245475.000 386096.000 385711.000 233277.000 
248617.000 392185.000 391428.000 234978.000 
252718.000 397210.000 395937.000 236389.000 
256297.000 402315.000 401566.000 238063.000 
259864.000 407900.000 407435.000 240382.000 
261949.000 412445.000 412206.000 241084.000 
264264.000 417353.000 417402.000 242705.000 
266686.000 421780.000 421818.000 244305.000 
270470.000 425621.000 426006.000 245874.000 
274078.000 429903.000 430036.000 247419.000 
278710.000 434544.000 434543.000 248852.000 
282525.000 438833.000 439076.000 250543.000 
287835.000 442142.000 442373.000 252181.000 
292504.000 446134.000 446376.000 253670.000 
298045.000 449089.000 449618.000 255153.000 
303313.000 453367.000 454036.000 256883.000 
308189.000 455885.000 456070.000 258441.000 
315040.000 458299.000 459866.000 259979.000 
320286.000 462599.000 463241.000 260856.000 
327063.000 465195.000 465752.000 262421.000 
333403.000 467919.000 468352.000 263963.000 
340469.000 470658.000 470884.000 265737.000 
346718.000 472737.000 472889.000 267205.000 
353703.000 475074.000 475702.000 268797.000 
360667.000 475479.000 477762.000 269573.000 
368957.000 477587.000 479820.000 271313.000 
377092.000 480229.000 481870.000 272896.000 
384184.000 482173.000 482383.000 274326.000 
393107.000 482485.000 484816.000 275781.000 
401293.000 485144.000 487175.000 277489.000 
409437.000 486911.000 487205.000 278427.000 
418081.000 486641.000 489034.000 279249.000 
427153.000 486725.000 489210.000 280722.000 
436084.000 488657.000 490454.000 281381.000 
444517.000 487845.000 490418.000 282209.000 
456118.000 491002.000 491324.000 284479.000 
466959.000 492492.000 494864.000 286866.000 
477339.000 493160.000 495696.000 288429.000 
488163.000 494047.000 496370.000 290941.000 
500352.000 495365.000 497841.000 292486.000 
511229.000 497273.000 497582.000 294995.000 
522523.000 497803.000 500273.000 296528.000 
533451.000 497949.000 500325.000 299023.000 
544970.000 498265.000 500876.000 301326.000 
556701.000 498247.000 500749.000 303888.000 
563965.000 498563.000 501011.000 305445.000 
563965.000 498998.000 501352.000 308529.000 
563965.000 499262.000 501770.000 310790.000 
563965.000 499607.000 502041.000 313170.000 
563965.000 500113.000 502448.000 315549.000 
563965.000 500396.000 502738.000 318867.000 
563965.000 500708.000 503359.000 321125.000 
563965.000 500972.000 503403.000 324425.000 
563965.000 501327.000 503783.000 326954.000 
563965.000 501919.000 504301.000 329995.000 
546719.000 502390.000 504707.000 333265.000 
456164.000 502674.000 505157.000 336741.000 
456251.000 503137.000 505613.000 339732.000 
456508.000 503518.000 505964.000 343015.000 
457230.000 503793.000 506441.000 347033.000 
462070.000 504749.000 507156.000 350082.000 
465269.000 507425.000 509883.000 354013.000 
469357.000 507902.000 510544.000 357275.000 
474340.000 508445.000 510855.000 361240.000 
479752.000 511134.000 511403.000 365401.000 
486057.000 512063.000 514492.000 369484.000 
492024.000 512474.000 514864.000 373399.000 
498265.000 515434.000 517713.000 377981.000 
505119.000 515730.000 518202.000 381036.000 
510353.000 517259.000 519369.000 384168.000 
515268.000 517815.000 518262.000 386657.000 
520498.000 517239.000 519799.000 389971.000 
526284.000 519433.000 521260.000 393956.000 
531871.000 518968.000 521509.000 398160.000 
538996.000 522073.000 522666.000 401998.000 
545550.000 524017.000 526376.000 405973.000 
552413.000 527302.000 527426.000 410012.000 
558824.000 527643.000 530060.000 413823.000 
564285.000 530201.000 532725.000 417857.000 
569318.000 532515.000 532619.000 421827.000 
574389.000 533122.000 535258.000 425841.000 
579351.000 535309.000 537639.000 429710.000 
584260.000 537652.000 539911.000 433668.000 
588631.000 540138.000 542448.000 437621.000 
592696.000 542678.000 544779.000 441706.000 
597188.000 546690.000 547313.000 445779.000 
601405.000 549824.000 550099.000 449692.000 
604663.000 552573.000 553946.000 453867.000 
609087.000 556680.000 557228.000 457650.000 
612628.000 560322.000 560353.000 462326.000 
617336.000 565447.000 566160.000 467072.000 
621743.000 569935.000 570527.000 472026.000 
624383.000 574390.000 574511.000 475187.000 
626096.000 578148.000 578182.000 478366.000 
627763.000 581528.000 581851.000 481580.000 
629680.000 585630.000 585346.000 485480.000 
631146.000 589867.000 589713.000 489367.000 
633241.000 594533.000 594262.000 493503.000 
635081.000 600078.000 599971.000 497440.000 
638885.000 606515.000 606414.000 502352.000 
642513.000 614195.000 613356.000 506280.000 
645928.000 620881.000 620186.000 511150.000 
646622.000 627390.000 626328.000 514942.000 
649143.000 633743.000 633303.000 519069.000 
651278.000 640854.000 639377.000 523735.000 
651568.000 648095.000 646109.000 527848.000 
653470.000 654968.000 653293.000 531743.000 
654044.000 662040.000 660638.000 536625.000 
654470.000 670126.000 668057.000 540654.000 
656642.000 677824.000 675727.000 544614.000 
656672.000 685452.000 683354.000 549342.000 
656649.000 694072.000 691760.000 553274.000 
658970.000 702661.000 700137.000 557276.000 
659960.000 711626.000 709177.000 562875.000 
660925.000 721834.000 719064.000 568268.000 
661995.000 731970.000 728796.000 573018.000 
661196.000 740112.000 737627.000 576266.000 
660199.000 748955.000 746035.000 579533.000 
660036.000 757738.000 754908.000 582774.000 
661207.000 767735.000 764684.000 587575.000 
660225.000 777674.000 774789.000 591394.000 
659181.000 787077.000 783896.000 595480.000 
659133.000 797962.000 793520.000 600186.000 
660548.000 807927.000 804213.000 605129.000 
661700.000 820036.000 815944.000 609014.000 
662444.000 832322.000 828444.000 613779.000 
662838.000 844629.000 840681.000 617691.000 
663030.000 857671.000 853193.000 622823.000 
663130.000 870270.000 865301.000 627340.000 
663046.000 883182.000 878176.000 631200.000 
663086.000 890415.000 890611.000 636156.000 
663020.000 890415.000 892947.000 640040.000 
663066.000 890415.000 892947.000 644681.000 
663139.000 890415.000 892947.000 649629.000 
665546.000 890415.000 892947.000 653784.000 
665402.000 890415.000 892947.000 658397.000 
667091.000 890415.000 892947.000 662992.000 
672706.000 890415.000 892947.000 666979.000 
673339.000 890415.000 892947.000 668996.000 
671819.000 890415.000 892947.000 668996.000 
670588.000 890415.000 892947.000 668996.000 
666013.000 890415.000 892947.000 668996.000 
661565.000 890415.000 892947.000 668996.000 
655134.000 890415.000 892947.000 668996.000 
648807.000 890415.000 892947.000 656583.000 
647696.000 890415.000 892947.000 656583.000 
645441.000 890415.000 892947.000 656583.000 
647526.000 692929.000 693955.000 656583.000 
647835.000 690832.000 694820.000 656583.000 
649932.000 690721.000 694720.000 656583.000 
650948.000 690717.000 695642.000 650918.000 
652928.000 691652.000 699457.000 646439.000 
660227.000 696927.000 704973.000 648222.000 
668054.000 702472.000 710398.000 652284.000 
675005.000 716520.000 723041.000 657358.000 
681706.000 725096.000 732111.000 662659.000 
689390.000 733189.000 741235.000 668173.000 
697502.000 743347.000 751153.000 673744.000 
705298.000 753681.000 758492.000 679146.000 
709858.000 762357.000 764421.000 684937.000 
712960.000 768417.000 770819.000 689561.000 
715812.000 775261.000 777972.000 695157.000 
718880.000 781891.000 784859.000 700698.000 
723133.000 788928.000 792084.000 706348.000 
726749.000 797065.000 800048.000 712569.000 
732231.000 805708.000 808813.000 719991.000 
736761.000 814416.000 817509.000 726329.000 
742498.000 823049.000 826206.000 732740.000 
748461.000 831516.000 834640.000 739046.000 
754482.000 840199.000 843243.000 745458.000 
759718.000 848020.000 851605.000 751105.000 
763091.000 854338.000 857831.000 755207.000 
765878.000 859978.000 863049.000 758802.000 
769647.000 865064.000 867711.000 762606.000 
773020.000 870042.000 872756.000 767570.000 
777787.000 876259.000 879131.000 772964.000 
784316.000 881819.000 885272.000 778352.000 
790079.000 887419.000 890654.000 784035.000 
797033.000 893799.000 897342.000 790236.000 
806233.000 900652.000 903869.000 795756.000 
815205.000 908896.000 912167.000 802060.000 
824273.000 916430.000 920048.000 807658.000 
833581.000 924724.000 928474.000 813389.000 
841951.000 932421.000 936027.000 819893.000 
849542.000 938518.000 942723.000 825274.000 
857903.000 944865.000 949059.000 831689.000 
865946.000 950202.000 954643.000 837196.000 
875024.000 955755.000 959955.000 843671.000 
883854.000 960554.000 964952.000 849262.000 
893102.000 965567.000 969902.000 855581.000 
901802.000 970599.000 974244.000 861120.000 
912334.000 975266.000 978358.000 867569.000 
922003.000 979055.000 983321.000 873191.000 
931778.000 983328.000 987635.000 879448.000 
940167.000 985280.000 988521.000 884161.000 
945415.000 982469.000 988521.000 885675.000 
951033.000 980694.000 988521.000 885675.000 
956126.000 977576.000 988521.000 885675.000 
961787.000 975155.000 988521.000 885675.000 
967284.000 972203.000 988521.000 885675.000 
973799.000 968850.000 988521.000 885675.000 
980928.000 965026.000 988521.000 885675.000 
987662.000 961178.000 988521.000 885675.000 
994504.000 957746.000 988521.000 885675.000 
1003541.000 959110.000 988521.000 885675.000 
1016297.000 960983.000 988521.000 885675.000 
1028686.000 963303.000 988521.000 885675.000 
1041512.000 965733.000 988521.000 885675.000 
1055932.000 968067.000 988521.000 885675.000 
1070264.000 969960.000 988521.000 885675.000 
1084183.000 970514.000 988521.000 849451.000 
1098533.000 972954.000 988521.000 836938.000 
1112903.000 974701.000 988521.000 833580.000 
1127206.000 975364.000 988521.000 834536.000 
1141518.000 977262.000 988521.000 815975.000 
1143437.000 977651.000 988521.000 806818.000 
1143437.000 977696.000 988521.000 802030.000 
1143437.000 980031.000 988521.000 798395.000 
1143437.000 980149.000 988521.000 798395.000 
1143437.000 980131.000 988521.000 798395.000 
1143437.000 982394.000 988521.000 798395.000 
1143437.000 982403.000 988521.000 771029.000 
1143437.000 982483.000 988521.000 723343.000 
1143437.000 982423.000 988521.000 686152.000 
1143437.000 982423.000 988521.000 654519.000 
1143437.000 984786.000 988521.000 608199.000 
1143437.000 984950.000 988521.000 576079.000 
1143437.000 984832.000 933956.000 548317.000 
1143437.000 984766.000 933956.000 509046.000 
1143437.000 984766.000 933956.000 466863.000 
1143437.000 984766.000 933956.000 421892.000 
1143437.000 984766.000 806951.000 357205.000 
1143437.000 984766.000 806951.000 290507.000 
1143437.000 984766.000 566032.000 214508.000 
1143437.000 984766.000 345721.000 177245.000 
1143437.000 984766.000 162045.000 117759.000 
1143437.000 984766.000 93148.000 83432.000 
1143437.000 984766.000 107646.000 80654.000 
1143437.000 984766.000 157638.000 85986.000 
1143437.000 984766.000 208868.000 94858.000 
1143437.000 984766.000 258860.000 103757.000 
1143437.000 984766.000 307854.000 105682.000 
1143437.000 984766.000 353913.000 114249.000 
1143437.000 984766.000 406159.000 124376.000 
1143437.000 984766.000 409986.000 133743.000 
1143437.000 984766.000 409986.000 143837.000 
1143437.000 984766.000 409986.000 155136.000 
1143437.000 984766.000 409986.000 165522.000 
1143437.000 984766.000 409986.000 175781.000 
1143437.000 984766.000 409986.000 187094.000 
1143437.000 984766.000 409986.000 177487.000 
1143437.000 984766.000 409986.000 135534.000 
1143437.000 984766.000 387465.000 55188.000 
1143437.000 192206.000 339459.000 26323.000 
114774.000 228791.000 339353.000 23548.000 
166922.000 325550.000 332980.000 38947.000 
257453.000 377316.000 313133.000 52504.000 
358011.000 377316.000 313168.000 67527.000 
402426.000 377316.000 313179.000 80242.000 
402426.000 377316.000 241561.000 90420.000 
402426.000 377316.000 243768.000 100433.000 
402426.000 377316.000 247316.000 108945.000 
402426.000 377316.000 250455.000 116903.000 
402426.000 377316.000 253197.000 124602.000 
402426.000 377316.000 255673.000 133643.000 
402426.000 377316.000 258079.000 141020.000 
402426.000 377316.000 260555.000 147290.000 
378102.000 377316.000 263513.000 153454.000 
372301.000 377316.000 265300.000 158238.000 
371175.000 377316.000 267730.000 164019.000 
367786.000 377316.000 270107.000 165013.000 
369358.000 349151.000 272231.000 141539.000 
366243.000 235937.000 272701.000 136204.000 
365686.000 333928.000 274840.000 136238.000 
369277.000 433604.000 277119.000 138418.000 
374707.000 472154.000 278910.000 141712.000 
379612.000 472154.000 279673.000 148404.000 
384951.000 472154.000 279593.000 151380.000 
390710.000 472154.000 281997.000 155389.000 
396049.000 472154.000 282014.000 160710.000 
400998.000 472154.000 284375.000 163977.000 
407773.000 472154.000 284485.000 169269.000 
415156.000 472154.000 285473.000 171645.000 
424841.000 351644.000 286761.000 176618.000 
431825.000 346481.000 286785.000 179099.000 
432705.000 347233.000 286813.000 183150.000 
432705.000 314489.000 286813.000 185411.000 
432705.000 315414.000 289709.000 189393.000 
432705.000 312540.000 291706.000 192691.000 
432705.000 249342.000 296044.000 195991.000 
432705.000 250702.000 295186.000 198334.000 
432705.000 254694.000 297015.000 202258.000 
328553.000 255439.000 293956.000 203101.000 
318193.000 259438.000 295618.000 207055.000 
315240.000 260878.000 292819.000 208573.000 
320729.000 264830.000 295345.000 211701.000 
322338.000 266161.000 293358.000 213302.000 
326151.000 270139.000 294813.000 216638.000 
328530.000 271638.000 294065.000 218972.000 
330301.000 274319.000 294412.000 221196.000 
335414.000 276745.000 294737.000 224480.000 
336257.000 276638.000 293375.000 226133.000 
341105.000 279673.000 294380.000 229334.000 
342644.000 281276.000 293395.000 230787.000 
345415.000 282582.000 294040.000 233183.000 
349494.000 284263.000 294263.000 236473.000 
350317.000 283991.000 293345.000 237893.000 
354167.000 285413.000 293015.000 239574.000 
355644.000 284640.000 292552.000 241205.000 
357689.000 287153.000 294647.000 243448.000 
361529.000 287963.000 295566.000 245749.000 
361738.000 287569.000 294598.000 247230.000 
364706.000 289997.000 297175.000 248941.000 
365610.000 289365.000 296501.000 250721.000 
367359.000 289613.000 297174.000 252552.000 
370512.000 290158.000 299732.000 255495.000 
370890.000 289535.000 299491.000 256183.000 
373002.000 290104.000 302103.000 258683.000 
375437.000 289661.000 304090.000 260398.000 
374061.000 289612.000 304345.000 262070.000 
377348.000 289465.000 306744.000 263476.000 
377090.000 289242.000 308423.000 265130.000 
377416.000 289479.000 311184.000 266630.000 
379870.000 289795.000 313334.000 269076.000 
379197.000 289273.000 314868.000 269942.000 
379658.000 289757.000 317975.000 272176.000 
382078.000 289360.000 320740.000 273791.000 
381468.000 289492.000 323053.000 275371.000 
381967.000 289373.000 325725.000 276924.000 
382086.000 289424.000 328017.000 279260.000 
381169.000 289326.000 328216.000 280102.000 
381886.000 289076.000 331431.000 282629.000 
381835.000 289898.000 333290.000 284247.000 
380279.000 290775.000 335666.000 284966.000 
380547.000 292047.000 338299.000 287083.000 
380148.000 292988.000 340389.000 288344.000 
378990.000 293710.000 343563.000 289560.000 
378821.000 293273.000 346516.000 289990.000 
378327.000 294837.000 350280.000 290930.000 
376890.000 295061.000 354454.000 292009.000 
376178.000 295411.000 358415.000 292383.000 
376948.000 297964.000 362890.000 293230.000 
377189.000 297365.000 368399.000 294129.000 
377771.000 297111.000 372750.000 294488.000 
378007.000 299060.000 379334.000 295311.000 
378943.000 299436.000 385612.000 296301.000 
377873.000 300870.000 390186.000 296763.000 
378499.000 301914.000 397326.000 297646.000 
378842.000 302584.000 402355.000 298557.000 
378327.000 304201.000 409053.000 299113.000 
382336.000 304957.000 416601.000 300383.000 
382371.000 306315.000 423139.000 301085.000 
382392.000 307538.000 430576.000 302237.000 
384608.000 309488.000 438008.000 303603.000 
384808.000 312580.000 444949.000 304153.000 
385247.000 316306.000 452734.000 305414.000 
387361.000 318825.000 460186.000 306112.000 
386731.000 321032.000 468189.000 306848.000 
389394.000 323217.000 475633.000 308415.000 
390268.000 323536.000 484424.000 309238.000 
391212.000 325857.000 491937.000 310083.000 
393525.000 328270.000 501199.000 311595.000 
395868.000 331015.000 510799.000 312270.000 
398078.000 334775.000 520447.000 313863.000 
400147.000 338983.000 530700.000 315536.000 
402816.000 342076.000 540186.000 316941.000 
404841.000 346326.000 551048.000 318611.000 
406142.000 350205.000 560776.000 319285.000 
407282.000 353888.000 570921.000 320858.000 
409828.000 358854.000 580437.000 322657.000 
411547.000 363302.000 580437.000 324144.000 
413479.000 367647.000 580437.000 325641.000 
415467.000 372941.000 580437.000 326561.000 
418984.000 378009.000 580437.000 328195.000 
421885.000 383582.000 580437.000 329680.000 
424290.000 389332.000 580437.000 331396.000 
427469.000 394906.000 580437.000 332096.000 
431196.000 401042.000 580437.000 333839.000 
435336.000 406877.000 580437.000 335283.000 
439059.000 414206.000 580437.000 337625.000 
444128.000 421176.000 580437.000 339244.000 
448971.000 428227.000 580437.000 340937.000 
453046.000 435652.000 580437.000 342592.000 
457583.000 442884.000 580437.000 345053.000 
462269.000 449484.000 580437.000 339924.000 
465538.000 455505.000 580437.000 323724.000 
469070.000 461844.000 538007.000 291522.000 
472427.000 468460.000 538007.000 253568.000 
476903.000 474978.000 451302.000 205041.000 
482407.000 483269.000 314520.000 167354.000 
488938.000 492367.000 126400.000 118267.000 
494817.000 501295.000 77157.000 90763.000 
501515.000 510632.000 106741.000 77401.000 
503000.000 512576.000 156253.000 72643.000 
503000.000 512576.000 206000.000 72334.000 
503000.000 512576.000 255983.000 74014.000 
503000.000 512576.000 305725.000 76520.000 
503000.000 512576.000 330825.000 79805.000 
503000.000 512576.000 333066.000 84323.000 
503000.000 512576.000 333066.000 89582.000 
503000.000 512576.000 333066.000 95197.000 
503000.000 512576.000 333066.000 100637.000 
503000.000 398016.000 333066.000 106299.000 
503000.000 399017.000 249569.000 113452.000 
503000.000 399159.000 250439.000 119713.000 
503000.000 399201.000 252373.000 125452.000 
503000.000 411597.000 256269.000 131041.000 
503000.000 415665.000 258512.000 137371.000 
503000.000 420214.000 264921.000 143795.000 
503000.000 425044.000 269147.000 150222.000 
503000.000 430066.000 270132.000 146529.000 
503000.000 435932.000 268208.000 121556.000 
449500.000 441657.000 266381.000 84607.000 
228861.000 447042.000 269666.000 52544.000 
50505.000 453134.000 274157.000 40585.000 
94243.000 458499.000 277954.000 42238.000 
145255.000 458561.000 281879.000 49809.000 
194651.000 458561.000 286122.000 59294.000 
246706.000 458561.000 289104.000 70168.000 
290191.000 458561.000 292725.000 79047.000 
297137.000 458561.000 296168.000 89608.000 
301329.000 458561.000 298770.000 98801.000 
306859.000 458561.000 302105.000 109375.000 
310466.000 328465.000 305549.000 118219.000 
313941.000 339260.000 308097.000 127118.000 
317345.000 339322.000 310626.000 135840.000 
321514.000 345868.000 313023.000 143656.000 
323922.000 348980.000 315313.000 151462.000 
327202.000 351424.000 321148.000 158103.000 
330297.000 354080.000 329980.000 166127.000 
334195.000 358130.000 337835.000 171614.000 
338739.000 360867.000 345812.000 179509.000 
342360.000 364136.000 345345.000 184504.000 
345971.000 367746.000 346565.000 191742.000 
351036.000 370458.000 346426.000 196197.000 
353934.000 373167.000 347808.000 202573.000 
359588.000 376443.000 349559.000 207407.000 
361652.000 379738.000 347733.000 213149.000 
368256.000 382254.000 350635.000 219364.000 
370148.000 384657.000 349062.000 223469.000 
376705.000 387134.000 352017.000 229077.000 
378868.000 389477.000 347957.000 233043.000 
384117.000 391821.000 352927.000 240333.000 
389978.000 393279.000 352522.000 243272.000 
389625.000 394430.000 347852.000 244848.000 
396069.000 396774.000 349059.000 250395.000 
397609.000 399085.000 345145.000 252730.000 
400134.000 400594.000 346019.000 256653.000 
407856.000 401561.000 347964.000 260728.000 
409552.000 402610.000 344455.000 261512.000 
414512.000 403994.000 347058.000 265459.000 
421616.000 404768.000 346506.000 269418.000 
423643.000 406444.000 344910.000 271085.000 
428860.000 406758.000 346407.000 275033.000 
435028.000 408721.000 345354.000 278275.000 
437115.000 408728.000 343816.000 279742.000 
442631.000 408770.000 345692.000 284576.000 
449577.000 408798.000 345481.000 287924.000 
450989.000 411109.000 343753.000 289582.000 
456532.000 411109.000 345294.000 293368.000 
463458.000 411178.000 344070.000 296497.000 
464152.000 411976.000 343430.000 298146.000 
470344.000 415904.000 344955.000 301149.000 
477105.000 419823.000 344211.000 305259.000 
478584.000 420663.000 343462.000 305976.000 
483337.000 422958.000 343213.000 309158.000 
491216.000 423503.000 346064.000 314776.000 
493648.000 421153.000 346123.000 314776.000 
496360.000 421633.000 346272.000 316955.000 
503179.000 422396.000 346040.000 320120.000 
508269.000 421854.000 347332.000 322500.000 
509509.000 419516.000 347910.000 323188.000 
515176.000 421748.000 349354.000 326462.000 
523465.000 423217.000 350044.000 330761.000 
525460.000 419209.000 351151.000 330761.000 
528260.000 421408.000 352221.000 333055.000 
536495.000 422745.000 355067.000 337777.000 
540653.000 419604.000 354542.000 338680.000 
541411.000 419120.000 356211.000 338680.000 
546299.000 419019.000 357786.000 341000.000 
553340.000 419212.000 359076.000 343938.000 
556240.000 419878.000 362144.000 344821.000 
557403.000 420611.000 364563.000 345593.000 
564226.000 421951.000 367439.000 348725.000 
571079.000 423614.000 367450.000 351030.000 
573927.000 422257.000 369654.000 351030.000 
577338.000 423528.000 370386.000 353581.000 
584169.000 426462.000 373549.000 356059.000 
590021.000 425322.000 374401.000 357686.000 
592708.000 427614.000 378646.000 358475.000 
596962.000 430526.000 381291.000 360988.000 
604000.000 431054.000 384132.000 363193.000 
609972.000 433599.000 387949.000 365690.000 
612238.000 435599.000 391006.000 365690.000 
616409.000 437480.000 393924.000 367897.000 
623670.000 438402.000 397633.000 370492.000 
624695.000 437721.000 400677.000 372033.000 
624695.000 440063.000 405223.000 372033.000 
624695.000 443294.000 410692.000 375426.000 
624695.000 445939.000 415196.000 378051.000 
624695.000 445958.000 419056.000 378794.000 
624695.000 446455.000 424337.000 379445.000 
624695.000 450460.000 430271.000 381858.000 
624695.000 452015.000 434698.000 384106.000 
624695.000 454954.000 440116.000 384718.000 
624695.000 457630.000 445713.000 384718.000 
624695.000 461179.000 452681.000 387151.000 
493393.000 463523.000 458071.000 389771.000 
474354.000 466410.000 463822.000 390424.000 
474003.000 469159.000 470439.000 390424.000 
475734.000 475160.000 478686.000 392829.000 
465365.000 478859.000 485012.000 395209.000 
438312.000 481567.000 491740.000 396058.000 
438163.000 485760.000 498926.000 396058.000 
439079.000 492442.000 508446.000 398379.000 
439110.000 497473.000 516641.000 400703.000 
392992.000 500270.000 522963.000 401240.000 
385822.000 504139.000 529809.000 399085.000 
389263.000 510394.000 538234.000 395909.000 
391182.000 514243.000 546053.000 394545.000 
375052.000 517789.000 552682.000 394545.000 
378317.000 522911.000 560534.000 391727.000 
381488.000 529343.000 570028.000 385795.000 
383974.000 535727.000 579754.000 385795.000 
372365.000 542130.000 589524.000 385795.000 
375016.000 549100.000 599954.000 381984.000 
377479.000 556220.000 610022.000 379300.000 
375369.000 563373.000 620105.000 377589.000 
374980.000 570672.000 631235.000 377015.000 
377617.000 578307.000 641978.000 376308.000 
380049.000 586346.000 653467.000 376127.000 
381096.000 594537.000 660659.000 376456.000 
383313.000 603195.000 660659.000 377052.000 
385702.000 611275.000 660659.000 377868.000 
387029.000 620412.000 660659.000 378602.000 
389083.000 629384.000 660659.000 380384.000 
391815.000 638547.000 660659.000 381715.000 
394226.000 647886.000 660659.000 383079.000 
394870.000 657546.000 660659.000 385172.000 
396947.000 659657.000 660659.000 386553.000 
397073.000 659657.000 660659.000 389040.000 
399650.000 659657.000 660659.000 390562.000 
399994.000 659657.000 660659.000 392812.000 
402497.000 659657.000 660659.000 395089.000 
403011.000 659657.000 529095.000 396708.000 
404009.000 659657.000 528140.000 399019.000 
405681.000 659657.000 528245.000 401132.000 
409596.000 659657.000 529446.000 403098.000 
410233.000 659657.000 531839.000 405075.000 
411558.000 659657.000 539949.000 406935.000 
412787.000 659657.000 543994.000 408716.000 
414080.000 526041.000 548851.000 410848.000 
415664.000 527250.000 554089.000 412248.000 
417364.000 526913.000 559164.000 413720.000 
418342.000 526532.000 564919.000 415491.000 
419293.000 525800.000 569770.000 416884.000 
421311.000 539265.000 576306.000 418382.000 
422771.000 543099.000 582493.000 420004.000 
424079.000 546920.000 588231.000 421505.000 
425035.000 552692.000 595372.000 422871.000 
426265.000 557054.000 601490.000 424166.000 
427241.000 563528.000 608832.000 425393.000 
428479.000 569709.000 614747.000 426788.000 
430072.000 575539.000 621406.000 428021.000 
430982.000 582258.000 627869.000 429084.000 
432769.000 587726.000 633093.000 430540.000 
434023.000 595165.000 640035.000 431931.000 
434896.000 601169.000 645498.000 433092.000 
436435.000 607226.000 651038.000 434778.000 
437958.000 613303.000 657595.000 436037.000 
439115.000 619599.000 663916.000 437601.000 
441306.000 626681.000 669556.000 439276.000 
442898.000 632344.000 674682.000 440972.000 
444120.000 638407.000 679672.000 442629.000 
446596.000 645270.000 684636.000 444401.000 
448240.000 651288.000 690524.000 446157.000 
450144.000 656937.000 696223.000 448286.000 
452212.000 663222.000 699479.000 450154.000 
454201.000 668153.000 699479.000 452240.000 
457380.000 675145.000 699479.000 454721.000 
460307.000 679292.000 699479.000 457308.000 
461841.000 684447.000 699479.000 460119.000 
464145.000 689256.000 699479.000 462133.000 
464751.000 692639.000 699479.000 462905.000 
465904.000 694877.000 699479.000 463948.000 
466662.000 698219.000 699479.000 465130.000 
467875.000 699803.000 699479.000 466590.000 
470652.000 703867.000 699479.000 468665.000 
473659.000 707206.000 699479.000 470894.000 
476657.000 710980.000 510038.000 473492.000 
477822.000 715737.000 510953.000 476036.000 
479600.000 719061.000 512029.000 478060.000 
482305.000 723762.000 511907.000 480256.000 
485687.000 727980.000 511712.000 482753.000 
488246.000 730644.000 516058.000 485108.000 
489968.000 733160.000 518027.000 487728.000 
492288.000 735099.000 521428.000 489976.000 
495899.000 737238.000 524793.000 493007.000 
498508.000 741364.000 527551.000 495185.000 
501617.000 743363.000 533757.000 498127.000 
503997.000 745179.000 535452.000 501002.000 
507248.000 748002.000 540882.000 503914.000 
511162.000 750227.000 546223.000 507103.000 
514834.000 751998.000 550112.000 510678.000 
517503.000 754828.000 555475.000 513773.000 
522380.000 756185.000 558521.000 517369.000 
525640.000 758567.000 564571.000 521022.000 
530112.000 760257.000 568459.000 524571.000 
533782.000 763899.000 572782.000 528915.000 
539043.000 766479.000 578692.000 534205.000 
543909.000 768578.000 585243.000 539727.000 
549532.000 770982.000 589022.000 545151.000 
556441.000 775354.000 595222.000 550893.000 
560581.000 776120.000 599731.000 554579.000 
564371.000 776349.000 602566.000 558008.000 
567931.000 776001.000 603286.000 561978.000 
571723.000 775991.000 603126.000 565684.000 
577182.000 774750.000 605595.000 570917.000 
583684.000 774537.000 607643.000 576174.000 
593088.000 774526.000 611096.000 581697.000 
603020.000 777132.000 615455.000 587191.000 
613367.000 778987.000 619443.000 592855.000 
622676.000 780610.000 624155.000 598425.000 
632154.000 782421.000 626901.000 604959.000 
641370.000 784176.000 628200.000 610468.000 
650317.000 785256.000 630608.000 615981.000 
660194.000 785387.000 630707.000 621717.000 
670320.000 785469.000 633427.000 627248.000 
679391.000 784170.000 636291.000 632245.000 
688407.000 782992.000 640964.000 636642.000 
697642.000 781340.000 644879.000 641492.000 
707893.000 780220.000 649905.000 645759.000 
717116.000 780912.000 653598.000 649765.000 
727081.000 779348.000 657595.000 653937.000 
736388.000 777523.000 662308.000 658101.000 
745985.000 774828.000 665013.000 662079.000 
757628.000 776696.000 668238.000 665230.000 
767818.000 773362.000 668965.000 666804.000 
776795.000 769243.000 666023.000 666804.000 
785140.000 766044.000 663068.000 666804.000 
793957.000 762970.000 659638.000 666804.000 
802544.000 758596.000 657404.000 666804.000 
812257.000 756463.000 653417.000 666804.000 
822751.000 753419.000 652203.000 660498.000 
834158.000 752176.000 651050.000 660498.000 
845953.000 752996.000 648878.000 660498.000 
859517.000 754871.000 646485.000 660498.000 
873701.000 755442.000 644633.000 660498.000 
888082.000 757785.000 642422.000 660498.000 
902480.000 759488.000 640111.000 655694.000 
916795.000 760125.000 642675.000 647118.000 
925979.000 762539.000 647466.000 646455.000 
925979.000 764858.000 651664.000 648653.000 
925979.000 767277.000 655874.000 652275.000 
925979.000 769654.000 660515.000 656955.000 
925979.000 772037.000 664811.000 661093.000 
925979.000 774415.000 667685.000 664803.000 
925979.000 777869.000 670937.000 667706.000 
925979.000 785180.000 673804.000 671271.000 
925979.000 791056.000 677013.000 674241.000 
925979.000 796858.000 681244.000 677332.000 
925979.000 805126.000 684026.000 680910.000 
925979.000 810905.000 687029.000 684662.000 
925979.000 817731.000 689720.000 687558.000 
925979.000 823589.000 692245.000 690064.000 
925979.000 830147.000 694654.000 692640.000 
925979.000 833463.000 696676.000 694741.000 
925979.000 838698.000 699780.000 697469.000 
925979.000 843309.000 703086.000 700273.000 
925979.000 845197.000 698137.000 698526.000 
925979.000 846950.000 701277.000 700046.000 
925979.000 850212.000 704928.000 703047.000 
925979.000 856293.000 708082.000 706365.000 
925979.000 863912.000 712053.000 709892.000 
925979.000 870176.000 716206.000 713200.000 
925979.000 875034.000 707844.000 695989.000 
707860.000 878372.000 703198.000 675449.000 
793901.000 882083.000 688017.000 669583.000 
892580.000 888626.000 675404.000 666480.000 
993017.000 895830.000 664881.000 665344.000 
993017.000 902604.000 666560.000 665850.000 
993017.000 907460.000 669181.000 666199.000 
993017.000 911079.000 673252.000 644977.000 
993017.000 916239.000 676345.000 639937.000 
993017.000 924101.000 679442.000 642968.000 
993017.000 932323.000 683438.000 648729.000 
993017.000 940805.000 681075.000 655429.000 
993017.000 950209.000 668550.000 641420.000 
943390.000 959359.000 666669.000 611996.000 
603128.000 967226.000 671274.000 603126.000 
605341.000 967226.000 675879.000 603920.000 
610461.000 967226.000 680784.000 607790.000 
615228.000 967226.000 685581.000 612359.000 
616258.000 967226.000 690486.000 603168.000 
584446.000 967226.000 695312.000 581033.000 
609380.000 967226.000 701211.000 578234.000 
608787.000 967226.000 706913.000 582149.000 
608214.000 967226.000 712805.000 588406.000 
608040.000 967226.000 719141.000 595000.000 
607177.000 967226.000 725653.000 581486.000 
566511.000 967226.000 731772.000 568764.000 
573354.000 967226.000 738206.000 569973.000 
580344.000 967226.000 745183.000 574790.000 
586133.000 967226.000 752209.000 581186.000 
593416.000 967226.000 759546.000 587884.000 
586627.000 967226.000 767117.000 582926.000 
578626.000 967226.000 774962.000 578227.000 
584558.000 967226.000 782769.000 581400.000 
590885.000 967226.000 791113.000 587042.000 
597871.000 967226.000 799543.000 592960.000 
603839.000 967226.000 808127.000 599164.000 
585455.000 967226.000 817221.000 589691.000 
577086.000 967226.000 826225.000 560146.000 
571786.000 625145.000 835463.000 549878.000 
566990.000 721585.000 844691.000 550493.000 
561293.000 821876.000 854443.000 555954.000 
567151.000 891469.000 864315.000 563104.000 
564580.000 891469.000 874395.000 562578.000 
573158.000 891469.000 884348.000 564564.000 
579394.000 891469.000 895176.000 569909.000 
590679.000 891469.000 906340.000 577518.000 
601382.000 891469.000 917332.000 585260.000 
599570.000 891469.000 918727.000 594187.000 
577027.000 891469.000 918727.000 566029.000 
575890.000 565602.000 918727.000 554531.000 
571865.000 559807.000 918727.000 557792.000 
565495.000 565105.000 918727.000 562917.000 
571139.000 570749.000 918727.000 568705.000 
570445.000 573692.000 918727.000 569091.000 
568080.000 557486.000 918727.000 552515.000 
570345.000 583268.000 918727.000 557715.000 
574291.000 584740.000 918727.000 568064.000 
584708.000 586098.000 918727.000 579679.000 
590196.000 590140.000 918727.000 588116.000 
593050.000 594125.000 918727.000 590711.000 
595132.000 583190.000 918727.000 581645.000 
595875.000 593267.000 918727.000 590092.000 
604174.000 604056.000 918727.000 600569.000 
611837.000 612765.000 918727.000 610191.000 
618635.000 619145.000 736197.000 617174.000 
624237.000 624394.000 733691.000 622946.000 
626401.000 617200.000 733770.000 616454.000 
628885.000 626131.000 733771.000 623618.000 
636118.000 636022.000 733794.000 633782.000 
640052.000 640248.000 733820.000 639267.000 
640412.000 640563.000 733720.000 640409.000 
639970.000 640434.000 740133.000 639890.000 
639060.000 633180.000 743343.000 631660.000 
639056.000 635335.000 747303.000 632927.000 
639710.000 639722.000 751291.000 638427.000 
643806.000 643617.000 756799.000 642551.000 
649286.000 649943.000 762100.000 647809.000 
654775.000 656209.000 768596.000 653390.000 
659650.000 659593.000 775229.000 658001.000 
660461.000 656108.000 781834.000 655257.000 
662858.000 662899.000 789103.000 661014.000 
666163.000 666297.000 798551.000 665448.000 
668980.000 669183.000 808580.000 668221.000 
672616.000 672872.000 819608.000 671815.000 
676371.000 676453.000 830750.000 675397.000 
679522.000 679480.000 841216.000 677267.000 
679576.000 677831.000 848745.000 676781.000 
681916.000 681974.000 858287.000 681114.000 
684984.000 685156.000 868531.000 684440.000 
687357.000 687177.000 877840.000 686697.000 
689462.000 689735.000 884818.000 689116.000 
692109.000 692234.000 891932.000 691630.000 
693169.000 692693.000 897165.000 691634.000 
695816.000 692910.000 900745.000 692530.000 
696578.000 696264.000 907055.000 695779.000 
698819.000 698713.000 915372.000 698338.000 
699588.000 700036.000 921024.000 699524.000 
701580.000 701592.000 926496.000 701022.000 
703800.000 703944.000 932174.000 703267.000 
705191.000 704197.000 938391.000 703560.000 
706703.000 704923.000 941278.000 704422.000 
707512.000 707254.000 948005.000 707059.000 
709190.000 709074.000 953881.000 708809.000 
710597.000 709978.000 958056.000 709681.000 
711243.000 711235.000 958056.000 711203.000 
713779.000 713871.000 958056.000 712994.000 
716016.000 715844.000 958056.000 715420.000 
720813.000 718019.000 958056.000 717722.000 
726257.000 725034.000 958056.000 724272.000 
731031.000 730921.000 958056.000 729903.000 
736315.000 735597.000 958056.000 734512.000 
741297.000 740719.000 958056.000 739837.000 
743682.000 743484.000 958056.000 742909.000 
739155.000 739353.000 958056.000 738451.000 
736521.000 720825.000 958056.000 722122.000 
735084.000 715676.000 958056.000 716890.000 
721950.000 710834.000 958056.000 711962.000 
707988.000 706947.000 958056.000 707584.000 
707920.000 707121.000 958056.000 706871.000 
709123.000 708888.000 958056.000 708471.000 
716091.000 715760.000 815008.000 714885.000 
727582.000 721353.000 723438.000 721047.000 
737071.000 725344.000 726476.000 725896.000 
749919.000 732648.000 733023.000 730806.000 
765121.000 741710.000 741792.000 740216.000 
756931.000 750884.000 751324.000 749656.000 
755099.000 755093.000 754967.000 754423.000 
757537.000 758762.000 757869.000 757277.000 
764059.000 762863.000 763899.000 761801.000 
771130.000 764751.000 766576.000 764347.000 
777943.000 768153.000 768868.000 767771.000 
782727.000 773204.000 773764.000 772244.000 
787536.000 778955.000 779431.000 778310.000 
793112.000 784985.000 785916.000 784421.000 
792356.000 791559.000 792353.000 790556.000 
797091.000 797107.000 797154.000 795717.000 
802464.000 801579.000 802034.000 800453.000 
811788.000 803822.000 806405.000 804048.000 
821287.000 806752.000 810123.000 806650.000 
832482.000 812337.000 812702.000 811357.000 
841149.000 817364.000 817743.000 816574.000 
850197.000 822311.000 822909.000 821381.000 
858183.000 827836.000 828415.000 825779.000 
864678.000 834876.000 834647.000 833274.000 
864293.000 844258.000 844302.000 842534.000 
869274.000 849438.000 849717.000 847944.000 
880993.000 852213.000 853729.000 851608.000 
892852.000 855623.000 859123.000 854428.000 
899767.000 844752.000 851783.000 854428.000 
907725.000 831769.000 842553.000 854428.000 
916695.000 818168.000 829827.000 854428.000 
924280.000 805537.000 823400.000 854428.000 
929936.000 794660.000 809886.000 854428.000 
933452.000 781590.000 799238.000 854428.000 
939688.000 766802.000 799623.000 854428.000 
950159.000 759372.000 798615.000 815280.000 
961783.000 754903.000 800744.000 815280.000 
973649.000 751302.000 804026.000 815280.000 
987882.000 748716.000 807295.000 815280.000 
1002220.000 746989.000 810060.000 815280.000 
1016582.000 745522.000 812533.000 815280.000 
1030865.000 737103.000 814938.000 815280.000 
1044969.000 733266.000 817286.000 756967.000 
1059247.000 746950.000 819228.000 744772.000 
1073685.000 761941.000 820212.000 757102.000 
1088071.000 778850.000 822242.000 771421.000 
1102485.000 792872.000 824546.000 785346.000 
1113847.000 812370.000 830750.000 799594.000 
1113847.000 831615.000 847164.000 814723.000 
1113847.000 844049.000 861989.000 828449.000 
1113847.000 850530.000 878630.000 842643.000 
1113847.000 858586.000 890403.000 855922.000 
1113847.000 871623.000 905311.000 868352.000 
1113847.000 885017.000 918540.000 881352.000 
1113847.000 885672.000 919351.000 884446.000 
1113847.000 885672.000 919351.000 884446.000 
1113847.000 885672.000 919351.000 884446.000 
1113847.000 885672.000 919351.000 884446.000 
1113847.000 885672.000 919351.000 884446.000 
1113847.000 885672.000 919351.000 884446.000 
1113847.000 885672.000 919351.000 884446.000 
1113847.000 885672.000 919351.000 884446.000 
1113847.000 885672.000 919351.000 884446.000 
1113847.000 885672.000 919351.000 884446.000 
1113847.000 885672.000 919351.000 884446.000 
1113847.000 885672.000 919351.000 884446.000 
1113847.000 885672.000 919351.000 884446.000 
1113847.000 885672.000 919351.000 884446.000 
1113847.000 885672.000 919351.000 884446.000 
1113847.000 885672.000 919351.000 884446.000 
1113847.000 775363.000 919351.000 772253.000 
1113847.000 765491.000 805248.000 742661.000 
1113847.000 740812.000 741591.000 740188.000 
1113847.000 743955.000 744400.000 743470.000 
868411.000 750153.000 750037.000 747313.000 
786986.000 749660.000 737221.000 723727.000 
779900.000 729504.000 711513.000 711952.000 
880684.000 743215.000 711124.000 711995.000 
978645.000 707273.000 697236.000 711995.000 
1040875.000 675497.000 676473.000 706871.000 
1040875.000 679254.000 677385.000 678350.000 
1040875.000 693685.000 692377.000 689073.000 
1040875.000 703993.000 699849.000 688751.000 
1040875.000 716709.000 702403.000 699761.000 
1040875.000 733628.000 711263.000 710500.000 
1040875.000 754180.000 727914.000 723995.000 
1040875.000 760192.000 744502.000 740537.000 
1040875.000 764031.000 743341.000 740718.000 
1040875.000 754600.000 719551.000 719794.000 
751234.000 750688.000 728971.000 721265.000 
729518.000 756964.000 733940.000 727515.000 
737329.000 752062.000 737157.000 736564.000 
743951.000 745826.000 743896.000 742833.000 
750018.000 750117.000 750306.000 749363.000 
758369.000 758068.000 757707.000 755896.000 
762075.000 768911.000 765567.000 753914.000 
764764.000 774107.000 762191.000 752656.000 
771307.000 782189.000 768840.000 763917.000 
777908.000 797712.000 777948.000 775876.000 
784241.000 808685.000 782954.000 782644.000 
790547.000 820192.000 790382.000 789575.000 
798981.000 822882.000 798918.000 797718.000 
807175.000 819910.000 806948.000 805977.000 
810135.000 820121.000 814227.000 804886.000 
806244.000 824454.000 818574.000 803473.000 
817436.000 833600.000 819771.000 816115.000 
826239.000 836386.000 826346.000 825102.000 
833221.000 837970.000 832442.000 831767.000 
838166.000 841170.000 837780.000 836842.000 
844076.000 844296.000 843751.000 842805.000 
849118.000 848843.000 848726.000 848181.000 
852758.000 854821.000 853898.000 851716.000 
846369.000 858635.000 855385.000 844384.000 
855437.000 863176.000 858273.000 853182.000 
864377.000 864656.000 863621.000 862943.000 
868913.000 868419.000 868186.000 867223.000 
872661.000 872048.000 871982.000 871721.000 
875895.000 875986.000 875623.000 875312.000 
880018.000 879671.000 879164.000 878827.000 
884952.000 886112.000 884623.000 884693.000 
886020.000 887239.000 886976.000 885997.000 
886020.000 887239.000 886976.000 885112.000 
886020.000 887239.000 886976.000 886956.000 
886020.000 887239.000 886976.000 886956.000 
886020.000 887239.000 886976.000 886956.000 
886020.000 887239.000 886976.000 886956.000 
886020.000 887239.000 886976.000 886956.000 
886020.000 887239.000 886976.000 886956.000 
886020.000 887239.000 886976.000 886956.000 
886020.000 887239.000 886976.000 886956.000 
886020.000 887239.000 886976.000 886956.000 
663114.000 887239.000 886976.000 886956.000 
643220.000 650937.000 680901.000 651500.000 
649891.000 649875.000 650303.000 649588.000 
654609.000 654702.000 654616.000 654175.000 
656607.000 661758.000 668904.000 653378.000 
642081.000 641476.000 674394.000 637220.000 
646255.000 646968.000 653425.000 645650.000 
671232.000 652563.000 644860.000 647978.000 
655795.000 666681.000 632607.000 647978.000 
634658.000 655255.000 617298.000 647978.000 
620068.000 648911.000 609435.000 612304.000 
602263.000 626881.000 613982.000 597734.000 
608340.000 625146.000 617689.000 607344.000 
618325.000 626369.000 616375.000 616098.000 
634282.000 636125.000 630092.000 628629.000 
651654.000 654344.000 646235.000 642824.000 
672388.000 673839.000 662895.000 659536.000 
687506.000 692661.000 678314.000 674631.000 
679560.000 698223.000 685596.000 678129.000 
688399.000 711954.000 697712.000 687558.000 
698285.000 723243.000 697429.000 696430.000 
706445.000 732852.000 706372.000 704774.000 
716146.000 732638.000 715406.000 714644.000 
726163.000 727722.000 725214.000 724622.000 
732646.000 731878.000 731789.000 731549.000 
733117.000 737790.000 737514.000 732927.000 
739523.000 741407.000 740137.000 739425.000 
744690.000 745443.000 744660.000 744459.000 
748446.000 749925.000 748229.000 748280.000 
752955.000 754002.000 752658.000 752564.000 
757215.000 758212.000 757058.000 757091.000 
761279.000 761212.000 761098.000 760854.000 
764269.000 764661.000 764189.000 763852.000 
764449.000 767135.000 768328.000 764223.000 
769883.000 770473.000 771325.000 769848.000 
772641.000 772921.000 772123.000 772215.000 
775107.000 775055.000 775146.000 774590.000 
777641.000 777395.000 777659.000 777259.000 
784034.000 785881.000 784455.000 784425.000 
791692.000 792176.000 791614.000 792046.000 
797008.000 799184.000 798510.000 797785.000 
802168.000 805201.000 805333.000 803101.000 
811831.000 812901.000 812698.000 812467.000 
819338.000 819615.000 818742.000 819262.000 
819744.000 819523.000 819387.000 819862.000 
815046.000 815811.000 815684.000 815734.000 
806225.000 806059.000 806227.000 806590.000 
796885.000 796636.000 797062.000 797507.000 
789662.000 787653.000 787804.000 786596.000 
780286.000 783128.000 779990.000 778984.000 
777278.000 777059.000 777543.000 776821.000 
777015.000 777016.000 777170.000 776671.000 
782213.000 782106.000 781860.000 781938.000 
788898.000 789305.000 788700.000 788835.000 
795259.000 795411.000 795491.000 795209.000 
801868.000 801487.000 801536.000 801571.000 
806361.000 807387.000 807396.000 806546.000 
809758.000 813130.000 811256.000 810766.000 
814633.000 815221.000 814901.000 814785.000 
816412.000 816545.000 816452.000 816143.000 
817189.000 817293.000 817384.000 817473.000 
819126.000 819161.000 819127.000 818959.000 
820493.000 820498.000 820714.000 820605.000 
823056.000 822809.000 822999.000 823031.000 
824557.000 824566.000 824427.000 824564.000 
825136.000 825186.000 825253.000 824957.000 
826718.000 826858.000 826425.000 826398.000 
828073.000 827537.000 827405.000 827564.000 
829102.000 828869.000 828526.000 828806.000 
829373.000 829437.000 829262.000 829077.000 
830482.000 830111.000 830317.000 830411.000 
831907.000 831742.000 831495.000 832198.000 
832486.000 832120.000 831991.000 832204.000 
832555.000 834489.000 832606.000 831943.000 
834145.000 834223.000 834367.000 834471.000 
834724.000 834526.000 836080.000 834834.000 
836248.000 836173.000 836172.000 836097.000 
836592.000 838163.000 836754.000 836804.000 
838468.000 838479.000 838162.000 838513.000 
839402.000 838879.000 838978.000 838674.000 
841156.000 841570.000 840730.000 841079.000 
842091.000 842068.000 842996.000 841629.000 
843635.000 844326.000 844285.000 843577.000 
845156.000 845491.000 845358.000 845009.000 
848043.000 847482.000 847449.000 847133.000 
849268.000 848999.000 849283.000 848869.000 
853789.000 853579.000 853397.000 853963.000 
860933.000 861099.000 860813.000 861232.000 
868859.000 870011.000 869134.000 869708.000 
877742.000 877561.000 877096.000 877728.000 
884290.000 884711.000 885415.000 884871.000 
884629.000 888532.000 888650.000 886044.000 
884629.000 888532.000 888650.000 886044.000 
884629.000 888532.000 888650.000 886044.000 
884629.000 888532.000 888650.000 886044.000 
884629.000 888532.000 888650.000 886044.000 
884629.000 888532.000 888650.000 886044.000 
884629.000 888532.000 888650.000 886044.000 
884629.000 888532.000 888650.000 886044.000 
884629.000 888532.000 888650.000 886044.000 
884629.000 888532.000 861920.000 886044.000 
673621.000 672411.000 676733.000 808993.000 
670833.000 670803.000 670774.000 737641.000 
670819.000 670568.000 670803.000 678731.000 
670827.000 670882.000 670710.000 671015.000 
670934.000 670791.000 670820.000 670559.000 
670317.000 670678.000 672029.000 669804.000 
654633.000 654000.000 631243.000 657336.000 
654588.000 676205.000 616575.000 657336.000 
636397.000 670073.000 608033.000 657336.000 
619700.000 658477.000 613029.000 614188.000 
626306.000 640776.000 624538.000 625407.000 
630649.000 633354.000 636239.000 631743.000 
628231.000 630150.000 631742.000 627215.000 
650423.000 652902.000 645432.000 644080.000 
673992.000 676301.000 664738.000 661864.000 
698677.000 700915.000 683751.000 681961.000 
720772.000 722955.000 700048.000 699038.000 
727272.000 743688.000 714624.000 713891.000 
706773.000 749627.000 713240.000 713891.000 
679435.000 737000.000 710924.000 713891.000 
667041.000 719688.000 676152.000 713891.000 
649679.000 703992.000 645121.000 713891.000 
635116.000 687946.000 618996.000 713891.000 
621894.000 673650.000 598929.000 664691.000 
596548.000 667295.000 597286.000 664691.000 
580416.000 673072.000 603698.000 664691.000 
582859.000 678163.000 609303.000 664691.000 
587278.000 683074.000 614526.000 664691.000 
590612.000 687923.000 611001.000 664691.000 
600341.000 692298.000 590660.000 593985.000 
626717.000 696339.000 607521.000 610115.000 
647311.000 700275.000 635626.000 638978.000 
673561.000 704727.000 663867.000 667352.000 
701500.000 722703.000 691797.000 696439.000 
728160.000 749590.000 720102.000 724624.000 
755563.000 777528.000 747216.000 752843.000 
781612.000 804740.000 774385.000 782035.000 
804035.000 832645.000 802300.000 810207.000 
809318.000 859723.000 812462.000 839172.000 
821935.000 878448.000 821648.000 824660.000 
827592.000 887660.000 827972.000 827871.000 
833472.000 895940.000 833596.000 832921.000 
838228.000 882206.000 838388.000 838116.000 
844072.000 859880.000 843938.000 843345.000 
845778.000 845861.000 845704.000 845277.000 
851679.000 851335.000 851143.000 851648.000 
860903.000 860351.000 859939.000 861656.000 
869070.000 868812.000 868950.000 871944.000 
876908.000 877730.000 877362.000 882191.000 
883864.000 887162.000 885409.000 893466.000 
883864.000 887162.000 885409.000 895434.000 
883864.000 887162.000 885409.000 897162.000 
883864.000 887162.000 885409.000 898884.000 
883864.000 887162.000 885409.000 900545.000 
883864.000 887162.000 885409.000 902469.000 
883864.000 887162.000 885409.000 904134.000 
883864.000 887162.000 885409.000 905926.000 
883864.000 887162.000 885409.000 907621.000 
883864.000 887162.000 885409.000 909273.000 
883864.000 887162.000 885409.000 911056.000 
883864.000 887162.000 885409.000 912801.000 
883864.000 887162.000 885409.000 914638.000 
883864.000 887162.000 885409.000 916349.000 
883864.000 887162.000 885409.000 918058.000 
883864.000 887162.000 780532.000 919767.000 
756947.000 776092.000 729907.000 921397.000 
743987.000 727120.000 747689.000 923197.000 
713763.000 712646.000 713280.000 924851.000 
712258.000 712264.000 712472.000 926629.000 
712427.000 712112.000 712288.000 928473.000 
712511.000 712224.000 712142.000 930099.000 
712511.000 712644.000 713032.000 931802.000 
720939.000 717850.000 715265.000 933512.000 
731995.000 739374.000 728977.000 935218.000 
725982.000 727773.000 726038.000 937047.000 
728923.000 729099.000 729079.000 938735.000 
731464.000 731950.000 732220.000 940480.000 
735153.000 735150.000 735486.000 942185.000 
738430.000 738143.000 737934.000 943950.000 
741412.000 742319.000 741732.000 945714.000 
748151.000 748627.000 747559.000 947400.000 
751528.000 753283.000 751484.000 955043.000 
755929.000 755884.000 755366.000 976145.000 
759800.000 759784.000 760144.000 997129.000 
764035.000 764086.000 763868.000 1018663.000 
767869.000 768078.000 768179.000 1040155.000 
771764.000 772107.000 771575.000 1061756.000 
775681.000 775575.000 775636.000 1083157.000 
780823.000 781325.000 780836.000 1104630.000 
783246.000 785318.000 783183.000 1087924.000 
787666.000 788206.000 788198.000 1056787.000 
792072.000 791979.000 792257.000 1025669.000 
796029.000 796064.000 795968.000 994617.000 
798859.000 799194.000 798987.000 971123.000 
802456.000 803043.000 802775.000 972124.000 
806089.000 806075.000 806421.000 973880.000 
810105.000 809982.000 809331.000 975617.000 
811498.000 813435.000 811380.000 977348.000 
815349.000 815751.000 815453.000 979211.000 
818217.000 818107.000 818031.000 980973.000 
821415.000 821703.000 821596.000 982565.000 
823478.000 823529.000 823427.000 984317.000 
826481.000 826613.000 826382.000 986119.000 
828246.000 828069.000 828150.000 987782.000 
830672.000 830344.000 830405.000 989564.000 
833343.000 833093.000 832663.000 991325.000 
834294.000 835227.000 834245.000 992994.000 
836030.000 836317.000 836481.000 994714.000 
837522.000 838067.000 837676.000 996429.000 
839832.000 839734.000 839687.000 998135.000 
841620.000 841711.000 841356.000 999966.000 
842444.000 842114.000 842401.000 1001657.000 
842969.000 843012.000 842969.000 1003340.000 
844746.000 844661.000 845014.000 1005033.000 
845686.000 845271.000 845657.000 1006794.000 
846700.000 846332.000 846723.000 1008552.000 
846986.000 846927.000 846994.000 1010302.000 
849169.000 847816.000 848138.000 1012039.000 
849181.000 849247.000 849365.000 1013778.000 
849737.000 849323.000 849239.000 1015438.000 
849615.000 850211.000 849463.000 1017266.000 
850699.000 850929.000 850469.000 1018981.000 
851776.000 851642.000 851416.000 1020792.000 
852355.000 852729.000 852451.000 1022504.000 
852917.000 852930.000 852735.000 1024165.000 
852860.000 852954.000 853173.000 1025948.000 
853562.000 853354.000 853256.000 1027708.000 
854204.000 853678.000 853810.000 1029461.000 
854468.000 854549.000 854660.000 1031194.000 
854750.000 854285.000 854629.000 1034212.000 
854910.000 854974.000 854909.000 1054300.000 
855366.000 856237.000 855728.000 1075281.000 
857128.000 857046.000 857462.000 1096756.000 
857570.000 857469.000 857643.000 1118255.000 
858122.000 858211.000 858165.000 1139834.000 
858677.000 858347.000 858550.000 1149496.000 
859162.000 859290.000 859306.000 1149496.000 
860180.000 860260.000 859939.000 1149496.000 
860994.000 860722.000 860822.000 1149496.000 
862921.000 862886.000 862552.000 1149496.000 
852184.000 861463.000 852071.000 1149496.000 
805270.000 824881.000 808964.000 1149496.000 
759714.000 785467.000 769853.000 1149496.000 
715221.000 738824.000 729420.000 1149496.000 
666687.000 710336.000 677233.000 1149496.000 
631600.000 671218.000 623641.000 1149496.000 
591534.000 657036.000 588266.000 1149496.000 
587137.000 657135.000 588006.000 1149496.000 
585705.000 659292.000 590404.000 1149496.000 
584688.000 661212.000 593727.000 1149496.000 
582387.000 663870.000 596528.000 1149496.000 
585055.000 666428.000 589275.000 1149496.000 
595496.000 669091.000 587538.000 631416.000 
621958.000 671717.000 613379.000 611710.000 
644012.000 674065.000 641407.000 635861.000 
669275.000 683668.000 668424.000 660397.000 
697506.000 709756.000 696497.000 685969.000 
722903.000 737228.000 724008.000 710596.000 
749331.000 765643.000 751590.000 736110.000 
777405.000 792926.000 777354.000 760832.000 
776244.000 803085.000 768157.000 761603.000 
753649.000 807646.000 753237.000 761603.000 
737576.000 811757.000 736992.000 761603.000 
733406.000 811059.000 734383.000 735270.000 
749847.000 785042.000 749447.000 749814.000 
764132.000 766538.000 764542.000 764135.000 
776204.000 776303.000 775915.000 776226.000 
787863.000 788126.000 788024.000 788259.000 
815574.000 814605.000 813729.000 810466.000 
845285.000 842741.000 836583.000 835223.000 
865092.000 866805.000 855155.000 847816.000 
865438.000 872989.000 854696.000 849390.000 
867671.000 892033.000 866974.000 867054.000 
879502.000 910474.000 879283.000 880200.000 
884291.000 922823.000 885989.000 887550.000 
884291.000 893759.000 885989.000 887679.000 
884291.000 892914.000 885989.000 887594.000 
884291.000 892914.000 885989.000 887754.000 
884291.000 892914.000 885989.000 887656.000 
884291.000 892914.000 885989.000 887656.000 
884291.000 892914.000 885989.000 888761.000 
884291.000 892914.000 885989.000 907135.000 
884291.000 892914.000 885989.000 927282.000 
884291.000 892914.000 885989.000 947461.000 
884291.000 892914.000 885989.000 967356.000 
884291.000 892914.000 885989.000 987137.000 
884291.000 786081.000 885989.000 1007269.000 
884291.000 717389.000 885989.000 1027247.000 
884291.000 717089.000 885989.000 1023937.000 
884291.000 717073.000 885989.000 990886.000 
884291.000 719869.000 885989.000 957461.000 
884291.000 733547.000 885989.000 924665.000 
884291.000 735479.000 777005.000 891692.000 
746736.000 731812.000 734181.000 887366.000 
742485.000 764017.000 734181.000 887306.000 
742644.000 774330.000 734181.000 887268.000 
734288.000 782614.000 733122.000 887239.000 
732482.000 788453.000 732716.000 887238.000 
739977.000 800153.000 742931.000 887333.000 
741555.000 793943.000 744879.000 887292.000 
760886.000 810119.000 828278.000 887306.000 
803212.000 777310.000 899924.000 887268.000 
836350.000 802342.000 924745.000 887234.000 
850762.000 818529.000 926533.000 887234.000 
862567.000 829304.000 834248.000 887333.000 
842669.000 850016.000 826135.000 887292.000 
836123.000 863806.000 835408.000 887255.000 
838728.000 867303.000 845524.000 887268.000 
850165.000 880106.000 853367.000 887234.000 
869657.000 881501.000 870423.000 887234.000 
879390.000 879002.000 879063.000 887330.000 
884822.000 886520.000 887011.000 888014.000 
884822.000 886520.000 887011.000 888090.000 
884822.000 886520.000 887011.000 888090.000 
884822.000 886520.000 887011.000 888079.000 
884822.000 886520.000 887011.000 888059.000 
884822.000 886520.000 887011.000 888055.000 
884822.000 886520.000 887011.000 888048.000 
884822.000 886520.000 887011.000 888042.000 
884822.000 886520.000 887011.000 888041.000 
884822.000 886520.000 887011.000 888079.000 
884822.000 886520.000 887011.000 888069.000 
884822.000 886520.000 887011.000 888052.000 
884822.000 886520.000 887011.000 888045.000 
884822.000 886520.000 887011.000 888042.000 
884822.000 886520.000 887011.000 888042.000 
884822.000 886520.000 887011.000 888037.000 
884822.000 738758.000 749727.000 888069.000 
884822.000 754999.000 742324.000 888060.000 
884822.000 711623.000 738033.000 900115.000 
884822.000 711475.000 692726.000 920050.000 
884822.000 711414.000 690371.000 939769.000 
884822.000 711590.000 689961.000 959774.000 
884822.000 687231.000 685666.000 979880.000 
884822.000 696740.000 689022.000 999963.000 
884822.000 691645.000 695209.000 1020074.000 
884822.000 689978.000 694057.000 1034870.000 
884822.000 693893.000 680495.000 1004875.000 
884822.000 698518.000 673691.000 971417.000 
884822.000 683568.000 672692.000 937997.000 
884822.000 645650.000 657784.000 904513.000 
884822.000 624383.000 628225.000 887897.000 
845095.000 610907.000 587512.000 887820.000 
845095.000 614766.000 573142.000 887819.000 
845095.000 618114.000 565776.000 887835.000 
845095.000 622635.000 568844.000 887835.000 
845095.000 606287.000 572855.000 887835.000 
845095.000 609883.000 565873.000 887835.000 
772791.000 609506.000 538486.000 887835.000 
772791.000 613242.000 541904.000 887835.000 
772791.000 616359.000 540852.000 887835.000 
772791.000 619008.000 543754.000 887835.000 
772791.000 621422.000 546604.000 887835.000 
670044.000 623783.000 524144.000 887835.000 
670044.000 626238.000 526862.000 887835.000 
670044.000 628654.000 529178.000 887835.000 
670044.000 630987.000 531549.000 887835.000 
670044.000 633275.000 532165.000 887835.000 
571871.000 634971.000 516422.000 887835.000 
571871.000 635810.000 517006.000 887835.000 
571871.000 638168.000 519009.000 887835.000 
571871.000 638230.000 519477.000 887835.000 
385127.000 640580.000 521830.000 887835.000 
385127.000 640641.000 509041.000 887835.000 
270540.000 643002.000 509152.000 887835.000 
283786.000 643000.000 509156.000 314946.000 
283786.000 643000.000 511147.000 258346.000 
295932.000 643000.000 511537.000 276107.000 
349090.000 643000.000 511537.000 315985.000 
310919.000 643000.000 511537.000 341841.000 
311028.000 643000.000 511537.000 362011.000 
346620.000 643000.000 511537.000 355079.000 
387453.000 643000.000 511537.000 322697.000 
374685.000 643000.000 359035.000 327141.000 
386553.000 643000.000 358472.000 351985.000 
413344.000 643000.000 374558.000 376808.000 
437301.000 643000.000 399154.000 402355.000 
442635.000 643000.000 431619.000 427067.000 
450106.000 643000.000 458842.000 451347.000 
468785.000 643000.000 482468.000 472600.000 
470503.000 643000.000 470459.000 479523.000 
453522.000 643000.000 453625.000 479614.000 
437908.000 643000.000 437130.000 479536.000 
419187.000 643000.000 420053.000 479536.000 
409573.000 613875.000 415237.000 479594.000 
408572.000 613875.000 413854.000 479654.000 
406255.000 613875.000 411610.000 479558.000 
400887.000 613875.000 414936.000 479613.000 
399643.000 563888.000 420320.000 479536.000 
401726.000 563888.000 425639.000 479537.000 
404515.000 563888.000 431197.000 483892.000 
400424.000 563888.000 436051.000 503590.000 
402622.000 496606.000 440750.000 523487.000 
407421.000 496606.000 445323.000 525555.000 
412230.000 496606.000 449303.000 492420.000 
417065.000 496606.000 453995.000 464899.000 
417138.000 436287.000 458490.000 463813.000 
421662.000 436287.000 461624.000 463831.000 
426430.000 436287.000 465784.000 463727.000 
431237.000 436287.000 468398.000 463761.000 
445969.000 422110.000 476212.000 463781.000 
451165.000 422110.000 479617.000 463683.000 
455823.000 422110.000 482156.000 463683.000 
460671.000 422110.000 485730.000 463832.000 
475023.000 436357.000 498829.000 463728.000 
481858.000 454484.000 512501.000 463761.000 
486520.000 454484.000 514111.000 463791.000 
491225.000 454484.000 516536.000 463698.000 
498006.000 450405.000 520342.000 463683.000 
516957.000 491578.000 544054.000 467051.000 
527462.000 531390.000 548267.000 489437.000 
533336.000 531390.000 549049.000 496210.000 
538065.000 531390.000 550661.000 515980.000 
545970.000 509841.000 556208.000 538310.000 
562669.000 545910.000 572306.000 576600.000 
568649.000 596705.000 575983.000 594881.000 
579046.000 646231.000 581832.000 595271.000 
606439.000 684637.000 606777.000 594030.000 
612926.000 684637.000 608637.000 593590.000 
621763.000 622081.000 614581.000 598086.000 
627247.000 625976.000 620979.000 621381.000 
631480.000 631283.000 631107.000 631171.000 
634202.000 634488.000 634303.000 634109.000 
637217.000 636964.000 637123.000 637008.000 
641984.000 637514.000 638166.000 638268.000 
646802.000 637514.000 638282.000 638243.000 
643101.000 642645.000 642621.000 642470.000 
645308.000 645170.000 645146.000 645157.000 
648326.000 647776.000 647648.000 647405.000 
651151.000 651198.000 650872.000 650668.000 
654698.000 652939.000 653252.000 653195.000 
659539.000 652939.000 653262.000 653434.000 
663558.000 653744.000 653999.000 653909.000 
659958.000 659380.000 658730.000 659206.000 
663370.000 663323.000 663414.000 663325.000 
666429.000 666141.000 666052.000 666196.000 
667593.000 667922.000 667806.000 667420.000 
670426.000 668243.000 668525.000 664502.000 
675168.000 668243.000 668464.000 655569.000 
678789.000 660590.000 661076.000 660120.000 
674959.000 673020.000 672323.000 673393.000 
677964.000 677944.000 677591.000 677763.000 
681001.000 681049.000 680971.000 680525.000 
684160.000 683681.000 683458.000 683229.000 
688374.000 684247.000 684369.000 681096.000 
695045.000 680324.000 684456.000 675800.000 
702536.000 683806.000 683533.000 683627.000 
710858.000 689351.000 689175.000 689935.000 
705383.000 698052.000 697189.000 697142.000 
704780.000 703984.000 703555.000 703398.000 
709604.000 708714.000 708184.000 708097.000 
717345.000 710453.000 711492.000 709603.000 
729000.000 709032.000 711516.000 705789.000 
742428.000 712587.000 712944.000 712777.000 
756197.000 715877.000 715692.000 715887.000 
766732.000 721244.000 720675.000 720744.000 
775485.000 724709.000 724275.000 724458.000 
784381.000 731115.000 730670.000 730558.000 
790589.000 732900.000 733577.000 731850.000 
799889.000 732900.000 733814.000 723270.000 
814170.000 728497.000 734380.000 728542.000 
830160.000 736526.000 736086.000 736383.000 
844801.000 738857.000 738531.000 739092.000 
858045.000 742762.000 741464.000 741292.000 
871088.000 745623.000 745093.000 745112.000 
885897.000 749002.000 748648.000 748042.000 
897642.000 749299.000 750315.000 746015.000 
912357.000 745328.000 753535.000 744187.000 
931544.000 752395.000 753441.000 752532.000 
950830.000 755787.000 755639.000 755840.000 
969788.000 758758.000 758821.000 758555.000 
986010.000 761958.000 761792.000 761460.000 
1002734.000 764724.000 764917.000 764555.000 
1019837.000 767908.000 768501.000 768003.000 
1024022.000 767908.000 772639.000 765249.000 
1024022.000 742387.000 776312.000 765249.000 
1024022.000 723721.000 733196.000 765249.000 
1024022.000 701217.000 691675.000 765249.000 
1024022.000 690617.000 674269.000 765249.000 
1024022.000 680290.000 658466.000 765249.000 
1024022.000 678125.000 654361.000 731909.000 
1024022.000 612461.000 659447.000 706493.000 
1024022.000 612037.000 665987.000 706493.000 
1024022.000 622739.000 669865.000 706493.000 
1024022.000 634032.000 643884.000 706493.000 
1024022.000 645249.000 627074.000 706493.000 
1024022.000 656184.000 618431.000 670586.000 
1024022.000 617973.000 626463.000 616720.000 
1024022.000 642520.000 653515.000 639161.000 
1024022.000 677233.000 683162.000 663487.000 
1024022.000 711210.000 714496.000 687750.000 
1024022.000 745384.000 744332.000 712665.000 
1024022.000 762000.000 755424.000 717313.000 
1024022.000 794214.000 783446.000 740637.000 
1024022.000 827527.000 814023.000 763083.000 
1024022.000 857757.000 840357.000 783893.000 
1024022.000 864534.000 858680.000 804005.000 
1024022.000 872265.000 862356.000 825284.000 
1024022.000 881796.000 865875.000 845883.000 
1024022.000 891050.000 869732.000 866420.000 
1024022.000 898483.000 886030.000 882894.000 
1024022.000 911500.000 892908.000 880444.000 
904279.000 902060.000 878683.000 877052.000 
931120.000 898549.000 884116.000 882919.000 
931120.000 898549.000 884116.000 882919.000 
931120.000 898549.000 884116.000 882919.000 
931120.000 898549.000 884116.000 882919.000 
931120.000 898549.000 884116.000 882919.000 
931120.000 898549.000 884116.000 882919.000 
931120.000 898549.000 884116.000 882919.000 
931120.000 898549.000 884116.000 882919.000 
931120.000 898549.000 884116.000 882919.000 
931120.000 898549.000 884116.000 882919.000 
931120.000 898549.000 884116.000 882919.000 
931120.000 898549.000 884116.000 882919.000 
931120.000 898549.000 884116.000 882919.000 
931120.000 746736.000 884116.000 882919.000 
931120.000 745811.000 884116.000 882919.000 
931120.000 745806.000 884116.000 882919.000 
931120.000 752004.000 884116.000 882919.000 
931120.000 795703.000 884116.000 882919.000 
868606.000 741216.000 884116.000 882919.000 
758416.000 723330.000 884116.000 957651.000 
738825.000 738655.000 884116.000 918233.000 
662317.000 744982.000 884116.000 879611.000 
582641.000 750104.000 884116.000 841240.000 
572848.000 751085.000 845477.000 824923.000 
598673.000 752596.000 845477.000 822535.000 
660014.000 736755.000 845477.000 820192.000 
650602.000 714156.000 845477.000 819865.000 
474566.000 714180.000 700255.000 819865.000 
476750.000 721407.000 700255.000 819865.000 
483193.000 727697.000 700255.000 819865.000 
489641.000 727697.000 700255.000 424380.000 
496183.000 727697.000 541328.000 413164.000 
501419.000 727697.000 541328.000 412904.000 
506236.000 727697.000 541328.000 412729.000 
511223.000 727697.000 541328.000 412559.000 
516047.000 727697.000 377535.000 304885.000 
520795.000 727697.000 377535.000 301622.000 
525562.000 727697.000 377535.000 301260.000 
530068.000 727697.000 338182.000 318129.000 
534461.000 727697.000 338182.000 320880.000 
538567.000 727697.000 338182.000 320633.000 
542605.000 727697.000 345800.000 332739.000 
546823.000 594354.000 385626.000 356447.000 
550256.000 547522.000 385626.000 359108.000 
554249.000 547307.000 375973.000 359457.000 
557615.000 547268.000 403416.000 391351.000 
561367.000 547234.000 454077.000 430608.000 
563996.000 547238.000 500609.000 470797.000 
567617.000 565293.000 500609.000 495057.000 
570788.000 568680.000 464511.000 519666.000 
577782.000 571155.000 512409.000 521779.000 
603343.000 575524.000 561611.000 521469.000 
629472.000 595056.000 611124.000 524587.000 
655706.000 622053.000 649898.000 547516.000 
676467.000 643221.000 625014.000 566193.000 
696775.000 664902.000 584968.000 584063.000 
718658.000 688297.000 603844.000 605322.000 
740864.000 711706.000 624842.000 626054.000 
747593.000 736564.000 645076.000 646570.000 
743643.000 756142.000 665531.000 667116.000 
740318.000 755075.000 686486.000 687459.000 
731772.000 747044.000 698303.000 702817.000 
733914.000 755342.000 716518.000 718873.000 
735597.000 753811.000 733872.000 735716.000 
747189.000 748840.000 747001.000 747413.000 
750880.000 750932.000 750954.000 750672.000 
752775.000 752860.000 752800.000 752816.000 
754560.000 754436.000 754487.000 754480.000 
757176.000 757190.000 757530.000 757242.000 
758719.000 759150.000 758420.000 758862.000 
760513.000 760789.000 760484.000 760498.000 
762678.000 763087.000 762914.000 762886.000 
765387.000 765293.000 765137.000 765098.000 
768223.000 768366.000 767776.000 768402.000 
769449.000 769714.000 769478.000 769714.000 
771667.000 771683.000 771924.000 771667.000 
771978.000 772097.000 772030.000 771687.000 
768795.000 769071.000 768786.000 769043.000 
768431.000 768860.000 768407.000 768378.000 
769774.000 769771.000 769507.000 769751.000 
777398.000 777602.000 777467.000 777665.000 
779661.000 779729.000 779839.000 779642.000 
781457.000 781358.000 781715.000 781266.000 
782453.000 782496.000 782561.000 782360.000 
783939.000 784000.000 783692.000 782944.000 
785188.000 785037.000 785141.000 784843.000 
786255.000 786863.000 786126.000 786275.000 
787596.000 787795.000 787511.000 787933.000 
780169.000 780165.000 780272.000 780142.000 
781479.000 781334.000 781354.000 781323.000 
782404.000 782983.000 782274.000 782538.000 
784383.000 784174.000 784699.000 784298.000 
784868.000 784749.000 784827.000 784258.000 
787023.000 786971.000 787035.000 786840.000 
787872.000 787938.000 788002.000 787936.000 
788865.000 788735.000 788554.000 788596.000 
790645.000 790678.000 791015.000 790667.000 
792154.000 792247.000 792198.000 792267.000 
794897.000 795577.000 795141.000 794610.000 
796663.000 796680.000 796769.000 796716.000 
797547.000 797437.000 797685.000 796991.000 
797420.000 797163.000 797214.000 797369.000 
797731.000 798116.000 797717.000 797648.000 
797106.000 797301.000 797544.000 797148.000 
801546.000 801415.000 802356.000 801531.000 
802999.000 803044.000 803185.000 802945.000 
804983.000 804959.000 805242.000 804924.000 
806294.000 806077.000 806366.000 806218.000 
807941.000 807918.000 808070.000 807160.000 
809453.000 809399.000 808932.000 808932.000 
811649.000 811747.000 811749.000 811578.000 
813537.000 813392.000 813336.000 813425.000 
816300.000 815181.000 815666.000 815105.000 
817726.000 817917.000 818074.000 817920.000 
820350.000 820581.000 820496.000 820620.000 
823989.000 824246.000 824984.000 824091.000 
827669.000 827555.000 827403.000 827363.000 
830316.000 830000.000 829752.000 829563.000 
833241.000 833091.000 833845.000 833174.000 
838098.000 837929.000 838003.000 837405.000 
834020.000 834018.000 839757.000 839503.000 
817379.000 817189.000 824008.000 819897.000 
822999.000 822584.000 824360.000 822773.000 
827998.000 827840.000 828644.000 827525.000 
833954.000 833349.000 834358.000 832803.000 
838890.000 836277.000 835874.000 834999.000 
840460.000 839938.000 840794.000 839312.000 
843412.000 844161.000 844389.000 842793.000 
847383.000 846676.000 848409.000 846910.000 
856787.000 852560.000 865824.000 849745.000 
859051.000 858031.000 883991.000 857700.000 
865615.000 865843.000 895603.000 865508.000 
872360.000 872307.000 900200.000 872266.000 
879078.000 878598.000 908407.000 878074.000 
886343.000 884324.000 909276.000 884621.000 
886343.000 884324.000 909276.000 884621.000 
886343.000 884324.000 909276.000 884621.000 
886343.000 884324.000 909276.000 884621.000 
886343.000 884324.000 909276.000 884621.000 
886343.000 884324.000 909276.000 884621.000 
886343.000 884324.000 909276.000 884621.000 
886343.000 884324.000 909276.000 884621.000 
886343.000 884324.000 909276.000 884621.000 
886343.000 884324.000 909276.000 884621.000 
886343.000 884324.000 696289.000 884621.000 
886343.000 884324.000 680452.000 884621.000 
886343.000 884324.000 680335.000 884621.000 
886343.000 884324.000 680418.000 884621.000 
886343.000 884324.000 680372.000 884621.000 
708701.000 612850.000 680326.000 884621.000 
570928.000 566977.000 677575.000 884621.000 
569599.000 563833.000 688602.000 884621.000 
566050.000 557218.000 692940.000 884621.000 
556435.000 549876.000 697045.000 884621.000 
548471.000 551727.000 701783.000 884621.000 
565884.000 561343.000 706796.000 884621.000 
584197.000 576708.000 712003.000 884621.000 
608233.000 596522.000 718714.000 884621.000 
633895.000 613777.000 724774.000 884621.000 
659044.000 635275.000 731153.000 884621.000 
665842.000 636582.000 738087.000 884621.000 
672325.000 640920.000 744837.000 884621.000 
686931.000 653486.000 751400.000 884621.000 
697946.000 657460.000 757663.000 884621.000 
697999.000 664451.000 771551.000 884621.000 
693436.000 675889.000 789737.000 884621.000 
692814.000 690555.000 807800.000 734793.000 
718249.000 717352.000 835599.000 711403.000 
746849.000 744642.000 862966.000 732716.000 
774171.000 772753.000 890384.000 755892.000 
774060.000 771875.000 905875.000 759218.000 
761774.000 761286.000 912027.000 759218.000 
753769.000 750754.000 918057.000 759218.000 
748104.000 741142.000 918742.000 759218.000 
750200.000 750587.000 911954.000 750516.000 
764565.000 765652.000 904686.000 765297.000 
779950.000 779777.000 900697.000 779566.000 
794357.000 794668.000 897390.000 794681.000 
816523.000 818196.000 899132.000 813696.000 
843014.000 842865.000 918245.000 836921.000 
864279.000 860250.000 942145.000 851330.000 
869677.000 856121.000 947983.000 851330.000 
875276.000 857066.000 953955.000 857008.000 
874446.000 872626.000 972666.000 872715.000 
883142.000 883421.000 987652.000 883909.000 
886562.000 886468.000 989433.000 887306.000 
886562.000 886468.000 989433.000 887425.000 
886562.000 886468.000 989433.000 887425.000 
886562.000 886468.000 989433.000 887425.000 
886562.000 886468.000 989433.000 887425.000 
886562.000 886468.000 989433.000 887425.000 
886562.000 886468.000 989433.000 887425.000 
886562.000 886468.000 989433.000 887425.000 
886562.000 886468.000 989433.000 887425.000 
886562.000 886468.000 989433.000 887425.000 
886562.000 886468.000 989433.000 887425.000 
886562.000 886468.000 989433.000 887425.000 
733731.000 886468.000 989433.000 887425.000 
642820.000 886468.000 647560.000 648201.000 
649447.000 658861.000 649573.000 649509.000 
658631.000 657820.000 661840.000 656965.000 
668284.000 744993.000 745301.000 665497.000 
683262.000 748422.000 718721.000 682339.000 
702195.000 748368.000 710193.000 701853.000 
711932.000 716661.000 716559.000 711490.000 
730835.000 705642.000 726125.000 714124.000 
695772.000 687487.000 721042.000 714124.000 
664305.000 661517.000 717867.000 714124.000 
658996.000 660183.000 710662.000 659554.000 
667251.000 667633.000 696132.000 666957.000 
675399.000 674785.000 678151.000 675290.000 
680956.000 679987.000 681637.000 680517.000 
694210.000 690540.000 693616.000 690641.000 
717104.000 712914.000 716362.000 709528.000 
737250.000 731242.000 740410.000 729729.000 
744857.000 748539.000 757647.000 743546.000 
755814.000 757344.000 773888.000 756172.000 
766624.000 767509.000 788274.000 766707.000 
