0.000 0.000 0.000 0.000 
47459.000 46400.000 0.000 0.000 
57311.000 57349.000 0.000 0.000 
96237.000 96391.000 0.000 202000.000 
123653.000 124477.000 362000.000 202000.000 
127568.000 128225.000 362000.000 216104.000 
136428.000 137227.000 362000.000 216104.000 
140079.000 140903.000 362000.000 229096.000 
143630.000 144486.000 378350.000 229096.000 
147360.000 148109.000 378350.000 231782.000 
151050.000 151652.000 378350.000 242099.000 
154550.000 155257.000 377057.000 233443.000 
158109.000 158908.000 381741.000 282480.000 
169330.000 169253.000 381741.000 232059.000 
190507.000 191320.000 381741.000 280315.000 
194558.000 195290.000 381564.000 342917.000 
198222.000 198933.000 432808.000 394367.000 
214197.000 214087.000 432808.000 429291.000 
241304.000 242052.000 432808.000 479675.000 
268158.000 269030.000 415829.000 540979.000 
274048.000 274787.000 455204.000 567518.000 
278237.000 279004.000 504334.000 567518.000 
301903.000 302654.000 515694.000 567518.000 
330021.000 329915.000 515694.000 567518.000 
357397.000 358145.000 490249.000 567518.000 
384805.000 385660.000 536184.000 567518.000 
399102.000 399209.000 587006.000 567518.000 
380418.000 380297.000 636559.000 567518.000 
383386.000 383288.000 687559.000 567518.000 
386964.000 386987.000 706783.000 567518.000 
393101.000 393060.000 623473.000 567518.000 
416687.000 416641.000 668584.000 567518.000 
429413.000 429341.000 719513.000 567518.000 
433345.000 433279.000 768871.000 567518.000 
441327.000 441485.000 818424.000 567518.000 
439733.000 440286.000 869472.000 567518.000 
427734.000 428172.000 919812.000 567518.000 
431870.000 432489.000 961342.000 567518.000 
420079.000 420395.000 995271.000 567518.000 
412044.000 412328.000 957131.000 567518.000 
414491.000 414394.000 980982.000 567518.000 
399749.000 399887.000 1014385.000 567518.000 
393816.000 393774.000 1038990.000 567518.000 
398991.000 398743.000 1038990.000 567518.000 
410787.000 411317.000 1038990.000 558035.000 
408754.000 408214.000 1038990.000 595476.000 
409854.000 409762.000 1038990.000 595476.000 
403175.000 402415.000 1038990.000 595476.000 
404512.000 404225.000 1038990.000 595476.000 
423608.000 423883.000 1038990.000 571494.000 
449937.000 450730.000 1038990.000 580999.000 
456138.000 456632.000 1038990.000 626353.000 
456084.000 456290.000 1038990.000 626353.000 
444668.000 444099.000 1038990.000 626353.000 
441423.000 441408.000 1038990.000 626353.000 
464203.000 463433.000 1038990.000 607543.000 
492253.000 491227.000 1038990.000 624394.000 
512631.000 512666.000 1038990.000 664791.000 
517262.000 517630.000 1038990.000 669733.000 
505035.000 505360.000 1038990.000 669733.000 
473153.000 473806.000 1038990.000 669733.000 
447189.000 447605.000 1038990.000 589661.000 
449119.000 449156.000 1038990.000 559849.000 
453881.000 453893.000 1038990.000 550567.000 
458661.000 458609.000 1038990.000 549505.000 
463536.000 463460.000 1038990.000 549505.000 
468299.000 468184.000 1038990.000 509103.000 
473070.000 473056.000 1038990.000 512099.000 
477839.000 477849.000 1038990.000 507514.000 
482586.000 482575.000 1038990.000 506445.000 
487306.000 487344.000 1038990.000 449806.000 
492181.000 492168.000 1038990.000 422684.000 
496919.000 496878.000 1038990.000 441519.000 
501739.000 501612.000 642901.000 462465.000 
506397.000 506433.000 678714.000 462465.000 
511237.000 511174.000 689042.000 423718.000 
515936.000 515969.000 689042.000 415993.000 
520767.000 520752.000 689042.000 413343.000 
525611.000 525529.000 614377.000 413343.000 
530311.000 530302.000 610181.000 430285.000 
535420.000 535545.000 650553.000 453136.000 
542135.000 542014.000 698516.000 473691.000 
549799.000 549585.000 754293.000 474499.000 
558421.000 558333.000 763470.000 447540.000 
567828.000 567636.000 639313.000 455959.000 
577560.000 577539.000 649385.000 474092.000 
588085.000 588118.000 698046.000 490775.000 
598902.000 598988.000 709124.000 511472.000 
610501.000 610296.000 704800.000 514765.000 
622650.000 622359.000 686968.000 502521.000 
635509.000 635028.000 686968.000 504440.000 
648041.000 647805.000 664596.000 513431.000 
660178.000 660324.000 672619.000 525818.000 
672779.000 672754.000 684427.000 529736.000 
687321.000 686702.000 692134.000 538774.000 
701230.000 701202.000 697022.000 553702.000 
701230.000 701202.000 713674.000 543859.000 
701230.000 701202.000 716597.000 542056.000 
701230.000 701202.000 701559.000 547703.000 
701230.000 701202.000 709020.000 547928.000 
701230.000 701202.000 705951.000 557256.000 
701230.000 701202.000 717378.000 566738.000 
701230.000 701202.000 726072.000 575441.000 
701230.000 701202.000 734897.000 575529.000 
701230.000 701202.000 740394.000 569663.000 
701230.000 701202.000 725975.000 564599.000 
701230.000 701202.000 722927.000 571645.000 
701230.000 701202.000 730822.000 576583.000 
701230.000 701202.000 735603.000 584215.000 
701230.000 701202.000 744549.000 590219.000 
701230.000 701202.000 749117.000 593171.000 
701230.000 701202.000 754232.000 580890.000 
631201.000 631177.000 748268.000 517588.000 
312323.000 312505.000 724692.000 406324.000 
86157.000 90157.000 675620.000 272855.000 
80712.000 80662.000 627813.000 260514.000 
123850.000 122408.000 577234.000 260618.000 
172924.000 171226.000 474157.000 262906.000 
223918.000 222218.000 456592.000 276471.000 
273253.000 271678.000 456527.000 300814.000 
323838.000 322389.000 456652.000 327079.000 
370617.000 368889.000 479914.000 351439.000 
416535.000 415632.000 504820.000 367921.000 
419852.000 419745.000 527051.000 387358.000 
417243.000 417161.000 547601.000 407704.000 
412199.000 412022.000 567338.000 428014.000 
405139.000 404825.000 586779.000 441433.000 
399757.000 399900.000 600456.000 452713.000 
397323.000 397130.000 610718.000 463563.000 
402914.000 402733.000 621595.000 475030.000 
407495.000 407325.000 633152.000 488520.000 
407559.000 407268.000 646430.000 499653.000 
407918.000 407675.000 658552.000 508219.000 
405288.000 404996.000 667449.000 514742.000 
407603.000 407559.000 673995.000 522097.000 
412915.000 412931.000 681310.000 530015.000 
415654.000 415573.000 688566.000 538754.000 
419827.000 419876.000 697891.000 544242.000 
421310.000 421089.000 703976.000 550874.000 
422093.000 422056.000 710050.000 556528.000 
427971.000 427798.000 716033.000 560769.000 
431429.000 431324.000 720112.000 567072.000 
433303.000 433322.000 726134.000 572713.000 
438851.000 438667.000 732632.000 576071.000 
441450.000 441397.000 735873.000 580009.000 
443574.000 443461.000 739705.000 583718.000 
449045.000 448904.000 743230.000 588235.000 
453945.000 453976.000 747733.000 592051.000 
457341.000 457280.000 751805.000 596817.000 
459951.000 459841.000 756598.000 599457.000 
463345.000 463372.000 759416.000 601991.000 
465752.000 465806.000 761814.000 604390.000 
472125.000 472081.000 763783.000 606770.000 
478815.000 478717.000 766322.000 610425.000 
481412.000 481354.000 769746.000 615754.000 
485395.000 485426.000 775182.000 616330.000 
490226.000 490225.000 776414.000 617589.000 
492384.000 492217.000 777451.000 619250.000 
495656.000 495602.000 779119.000 621833.000 
503686.000 503500.000 781964.000 623426.000 
508972.000 508990.000 783694.000 627313.000 
512064.000 511860.000 786850.000 630543.000 
515690.000 515635.000 790147.000 631273.000 
518830.000 518739.000 791392.000 631679.000 
522156.000 522207.000 791928.000 632496.000 
526908.000 526946.000 792084.000 634523.000 
534158.000 533750.000 793967.000 637097.000 
539005.000 538793.000 796570.000 640510.000 
543239.000 543222.000 800100.000 641671.000 
547975.000 547551.000 801915.000 642180.000 
549514.000 549199.000 802595.000 642675.000 
552166.000 552175.000 802817.000 643171.000 
557515.000 557552.000 802642.000 643568.000 
565998.000 565955.000 803780.000 645996.000 
569970.000 570058.000 805574.000 649923.000 
574220.000 574279.000 810587.000 651519.000 
579460.000 579311.000 810968.000 651319.000 
583715.000 583724.000 811204.000 651658.000 
585360.000 585191.000 812117.000 652088.000 
590021.000 589927.000 812374.000 653411.000 
595584.000 595583.000 813165.000 654834.000 
602131.000 602142.000 814350.000 656493.000 
607416.000 607247.000 816557.000 657610.000 
611318.000 611132.000 817672.000 659287.000 
615643.000 615761.000 819035.000 659704.000 
619152.000 619099.000 819288.000 659383.000 
624442.000 624458.000 819427.000 660398.000 
629072.000 628994.000 821234.000 662062.000 
632794.000 632782.000 822628.000 663606.000 
637874.000 637913.000 823757.000 663759.000 
643823.000 643751.000 823415.000 664221.000 
648121.000 648166.000 823941.000 665843.000 
652429.000 652457.000 826038.000 666468.000 
657385.000 657330.000 826900.000 667639.000 
662498.000 662450.000 827569.000 668518.000 
667347.000 667239.000 828556.000 670402.000 
671468.000 671319.000 829842.000 669939.000 
675088.000 674750.000 829893.000 669581.000 
681574.000 681591.000 830162.000 669950.000 
687939.000 687792.000 829815.000 671470.000 
695290.000 694942.000 830928.000 673728.000 
703024.000 702796.000 833656.000 674596.000 
712247.000 712146.000 834697.000 674989.000 
721860.000 721942.000 835795.000 676078.000 
732692.000 732634.000 836265.000 675696.000 
743340.000 742630.000 835484.000 675165.000 
753877.000 753585.000 835095.000 675806.000 
766469.000 766234.000 835567.000 676773.000 
775279.000 775291.000 836706.000 679525.000 
775279.000 775291.000 839116.000 680947.000 
775279.000 775291.000 840769.000 681900.000 
775279.000 775291.000 841607.000 681434.000 
775279.000 775291.000 841751.000 681418.000 
775279.000 775291.000 841213.000 681111.000 
775279.000 775291.000 841244.000 681969.000 
775279.000 775291.000 841318.000 682386.000 
775279.000 775291.000 842504.000 684177.000 
775279.000 775291.000 843958.000 686834.000 
775279.000 775291.000 846897.000 686894.000 
775279.000 775291.000 846936.000 686746.000 
775279.000 775291.000 846427.000 686842.000 
775279.000 775291.000 846828.000 686854.000 
775279.000 775291.000 847389.000 686810.000 
775279.000 775291.000 847237.000 687725.000 
775279.000 775291.000 847314.000 690014.000 
775279.000 775291.000 849412.000 665550.000 
552651.000 552689.000 849554.000 542214.000 
223823.000 223493.000 782773.000 413451.000 
72743.000 72660.000 705594.000 311099.000 
98434.000 97558.000 630770.000 305995.000 
142655.000 142633.000 554513.000 305979.000 
192085.000 192058.000 492783.000 308181.000 
243083.000 241228.000 492484.000 308324.000 
292381.000 292227.000 492429.000 312090.000 
341742.000 341688.000 492374.000 335275.000 
392740.000 392688.000 493604.000 363166.000 
433602.000 433713.000 515364.000 387834.000 
435408.000 435738.000 540034.000 411473.000 
433852.000 434155.000 567406.000 428176.000 
433020.000 433331.000 590250.000 448631.000 
425984.000 426266.000 610378.000 468676.000 
420957.000 421359.000 630458.000 485666.000 
414581.000 414779.000 643530.000 500150.000 
409150.000 409456.000 657244.000 511561.000 
410451.000 410555.000 669999.000 522097.000 
411994.000 412013.000 680779.000 535382.000 
419014.000 418850.000 694116.000 547129.000 
423472.000 423400.000 705713.000 560259.000 
420881.000 420844.000 718216.000 571739.000 
422555.000 422468.000 730568.000 577971.000 
424053.000 424199.000 737150.000 580834.000 
427706.000 427627.000 740432.000 583339.000 
435753.000 435965.000 742594.000 585117.000 
441608.000 441902.000 744485.000 591324.000 
445087.000 445039.000 750504.000 598949.000 
445883.000 445735.000 758566.000 602769.000 
447645.000 447809.000 762401.000 604996.000 
451775.000 451469.000 764446.000 606302.000 
455012.000 454755.000 765559.000 609824.000 
459257.000 459322.000 769507.000 612610.000 
463138.000 463218.000 772408.000 616600.000 
467169.000 467248.000 775844.000 620399.000 
471515.000 471350.000 779874.000 624405.000 
475701.000 475446.000 783475.000 629625.000 
478609.000 478341.000 788602.000 632834.000 
481639.000 481488.000 792816.000 636393.000 
483951.000 483792.000 795967.000 638871.000 
486181.000 486135.000 798826.000 641444.000 
490460.000 490366.000 801801.000 643833.000 
495210.000 495077.000 803513.000 647461.000 
501519.000 501489.000 807064.000 651725.000 
504865.000 505308.000 811207.000 657728.000 
507253.000 506976.000 816732.000 663104.000 
509143.000 509213.000 822643.000 665193.000 
512486.000 512615.000 825147.000 667415.000 
515585.000 515485.000 826833.000 670122.000 
518873.000 519519.000 829302.000 672646.000 
525540.000 525761.000 832281.000 676380.000 
532088.000 532554.000 835611.000 679738.000 
536404.000 536718.000 839304.000 684237.000 
538113.000 538799.000 843817.000 687636.000 
541078.000 541066.000 846791.000 688989.000 
544133.000 543715.000 849201.000 691206.000 
547019.000 546936.000 850995.000 693497.000 
551907.000 551771.000 853157.000 695994.000 
557456.000 557911.000 856045.000 699384.000 
562429.000 562027.000 859085.000 703255.000 
566740.000 566852.000 862289.000 704953.000 
570660.000 571076.000 865191.000 707146.000 
573984.000 574189.000 866872.000 708404.000 
577580.000 577543.000 868698.000 709918.000 
581295.000 581211.000 869465.000 711633.000 
587185.000 587206.000 871115.000 713963.000 
593007.000 592966.000 873729.000 716537.000 
597006.000 596928.000 876018.000 719466.000 
600988.000 601037.000 879497.000 720696.000 
605169.000 605199.000 880275.000 721225.000 
609042.000 609108.000 881310.000 722768.000 
612441.000 612816.000 882579.000 724022.000 
616236.000 616138.000 883734.000 725060.000 
623462.000 622785.000 884787.000 726891.000 
629130.000 628319.000 886316.000 729843.000 
632246.000 632201.000 888634.000 731502.000 
636758.000 636692.000 891520.000 732278.000 
641543.000 640757.000 892142.000 732985.000 
645982.000 645431.000 892971.000 733763.000 
648980.000 649338.000 893647.000 734647.000 
651737.000 652031.000 894607.000 735575.000 
658548.000 658336.000 895581.000 736740.000 
663658.000 663218.000 896546.000 739461.000 
667854.000 668267.000 899155.000 740254.000 
674060.000 673662.000 899946.000 740896.000 
680176.000 679976.000 900554.000 742257.000 
687584.000 687348.000 902306.000 742741.000 
696135.000 695377.000 902791.000 743216.000 
703785.000 703583.000 903111.000 744202.000 
714946.000 714738.000 904434.000 746061.000 
725030.000 724447.000 905691.000 747408.000 
734515.000 734895.000 907844.000 747504.000 
746049.000 745938.000 907567.000 748084.000 
758135.000 758147.000 907880.000 748442.000 
771435.000 771585.000 908751.000 749561.000 
783083.000 783859.000 909817.000 750800.000 
797250.000 796941.000 910811.000 751452.000 
809061.000 809753.000 911984.000 754080.000 
823681.000 823982.000 913247.000 754996.000 
837454.000 838306.000 915216.000 754748.000 
851640.000 851791.000 914822.000 754429.000 
851640.000 851791.000 914640.000 754679.000 
851640.000 851791.000 914800.000 755191.000 
851640.000 851791.000 915107.000 756253.000 
851640.000 851791.000 915874.000 757530.000 
851640.000 851791.000 917327.000 761003.000 
851640.000 851791.000 920739.000 761236.000 
851640.000 851791.000 921584.000 761149.000 
851640.000 851791.000 921437.000 760900.000 
851640.000 851791.000 920841.000 760698.000 
851640.000 851791.000 921186.000 761135.000 
851640.000 851791.000 921257.000 761453.000 
851640.000 851791.000 921546.000 762802.000 
851640.000 851791.000 922682.000 764833.000 
851640.000 851791.000 925006.000 766306.000 
851640.000 851791.000 925855.000 766888.000 
851640.000 851791.000 926562.000 766975.000 
721172.000 721220.000 927019.000 766625.000 
706443.000 706952.000 926769.000 766823.000 
706524.000 706137.000 926575.000 766876.000 
706567.000 707161.000 926684.000 768452.000 
706572.000 707384.000 927920.000 769684.000 
706652.000 706708.000 929760.000 770442.000 
706721.000 706773.000 930501.000 770956.000 
713120.000 713041.000 930765.000 771242.000 
716515.000 716453.000 930952.000 771472.000 
718295.000 718488.000 931675.000 772154.000 
723569.000 723190.000 932147.000 772580.000 
727915.000 727906.000 932393.000 773750.000 
734096.000 733385.000 933579.000 774522.000 
740586.000 740574.000 934388.000 774920.000 
747360.000 747394.000 934825.000 775844.000 
753776.000 753608.000 935436.000 775772.000 
760950.000 760649.000 936164.000 775665.000 
768602.000 768195.000 935951.000 776042.000 
776222.000 776291.000 936073.000 776788.000 
783545.000 783544.000 936633.000 778553.000 
791603.000 791112.000 938759.000 779001.000 
799284.000 799199.000 939135.000 779615.000 
806937.000 806757.000 939703.000 780616.000 
814363.000 814236.000 940297.000 780889.000 
821525.000 821410.000 940581.000 780375.000 
828605.000 827979.000 940309.000 780596.000 
834419.000 834770.000 940391.000 780807.000 
841929.000 841827.000 940689.000 782209.000 
849809.000 849695.000 941830.000 782851.000 
856115.000 855687.000 942833.000 784083.000 
862321.000 862295.000 944379.000 784896.000 
869013.000 868856.000 945062.000 785563.000 
874545.000 874500.000 945598.000 785210.000 
876574.000 876594.000 945860.000 785083.000 
876574.000 876594.000 945347.000 785822.000 
876574.000 876594.000 945650.000 785997.000 
876574.000 876594.000 945991.000 786787.000 
876574.000 876594.000 946514.000 787303.000 
876574.000 876594.000 947036.000 788238.000 
876574.000 876594.000 948328.000 790132.000 
876574.000 876594.000 949669.000 790563.000 
876574.000 876594.000 950713.000 790545.000 
876574.000 876594.000 950242.000 790743.000 
876574.000 876594.000 950596.000 779728.000 
876574.000 876594.000 940635.000 777090.000 
876574.000 876594.000 936992.000 776429.000 
876574.000 876594.000 936440.000 776314.000 
706993.000 720156.000 936208.000 777504.000 
650717.000 650308.000 936860.000 778121.000 
650803.000 651178.000 937822.000 778474.000 
652581.000 651705.000 938468.000 779069.000 
653615.000 653322.000 939599.000 781088.000 
653242.000 653574.000 941430.000 782233.000 
653254.000 652855.000 941895.000 784876.000 
658981.000 658606.000 944465.000 785605.000 
661377.000 661203.000 945613.000 786572.000 
662220.000 661532.000 946146.000 787553.000 
664204.000 664525.000 948000.000 787790.000 
667655.000 667653.000 947435.000 788047.000 
670748.000 670771.000 948112.000 790520.000 
673913.000 674333.000 950324.000 791255.000 
678769.000 678607.000 951541.000 790943.000 
682681.000 683155.000 951319.000 793345.000 
688926.000 688981.000 953114.000 794030.000 
692794.000 692487.000 954455.000 795883.000 
696109.000 695389.000 955531.000 796014.000 
700868.000 700073.000 955948.000 796414.000 
704932.000 704835.000 956405.000 797624.000 
707708.000 707955.000 957537.000 797593.000 
712110.000 712014.000 957843.000 798233.000 
716356.000 716651.000 958050.000 798888.000 
722178.000 722309.000 959267.000 799719.000 
726510.000 726468.000 959423.000 802043.000 
729456.000 729303.000 961784.000 803110.000 
733771.000 733002.000 963208.000 803227.000 
738020.000 737262.000 963621.000 804190.000 
739368.000 739279.000 964332.000 804228.000 
743330.000 742512.000 964317.000 804234.000 
744647.000 744007.000 964148.000 804205.000 
747140.000 747129.000 964266.000 804975.000 
752493.000 752738.000 964880.000 806064.000 
754881.000 755431.000 965892.000 808868.000 
758142.000 759017.000 968715.000 809758.000 
760688.000 761469.000 970129.000 810501.000 
763109.000 763846.000 970699.000 810286.000 
765308.000 766133.000 970939.000 810205.000 
766765.000 766935.000 970295.000 810332.000 
766988.000 767011.000 970343.000 810317.000 
768340.000 767685.000 970269.000 811011.000 
771376.000 770863.000 970847.000 812552.000 
775796.000 775123.000 972101.000 813740.000 
776141.000 775207.000 973855.000 816199.000 
778523.000 777621.000 976106.000 816189.000 
779647.000 778762.000 976659.000 815901.000 
780886.000 780014.000 976251.000 815938.000 
782156.000 781999.000 976121.000 815911.000 
780854.000 780962.000 976272.000 815967.000 
780932.000 781582.000 976084.000 816900.000 
781714.000 782214.000 976769.000 818511.000 
782362.000 782469.000 978398.000 819084.000 
783932.000 783983.000 978962.000 819676.000 
784006.000 784861.000 979634.000 821035.000 
786359.000 787279.000 981516.000 821457.000 
786463.000 787263.000 981554.000 821379.000 
786139.000 786423.000 981419.000 821131.000 
787119.000 787108.000 981579.000 821819.000 
787163.000 786600.000 981656.000 823541.000 
786343.000 786229.000 983336.000 824229.000 
784897.000 784904.000 984041.000 824136.000 
784880.000 784248.000 984517.000 824200.000 
788397.000 787964.000 984118.000 824373.000 
788872.000 788825.000 984465.000 825697.000 
789016.000 788853.000 985521.000 826199.000 
788575.000 788347.000 986619.000 826679.000 
788852.000 788888.000 987040.000 827578.000 
788880.000 788903.000 987600.000 829675.000 
788890.000 788808.000 989864.000 830052.000 
788903.000 788433.000 989855.000 829209.000 
787496.000 787327.000 989654.000 829077.000 
787356.000 786463.000 988924.000 829178.000 
787749.000 787886.000 989000.000 829243.000 
790171.000 789974.000 988992.000 830382.000 
791949.000 792070.000 990293.000 832154.000 
792124.000 792095.000 992212.000 834537.000 
792109.000 792000.000 994300.000 834956.000 
793252.000 793163.000 995424.000 834915.000 
794423.000 794328.000 994922.000 834311.000 
794373.000 794332.000 994222.000 834037.000 
792969.000 793006.000 994119.000 833886.000 
792582.000 792421.000 993663.000 833793.000 
793394.000 793929.000 993924.000 834197.000 
796032.000 796186.000 993915.000 836324.000 
798938.000 798899.000 995897.000 838742.000 
799133.000 799190.000 998335.000 840064.000 
800703.000 800814.000 1000382.000 839759.000 
801473.000 801664.000 999736.000 839537.000 
803777.000 803651.000 999303.000 838865.000 
803992.000 803867.000 999163.000 839038.000 
804299.000 803639.000 998964.000 838880.000 
804373.000 804289.000 998495.000 839096.000 
805873.000 806455.000 999179.000 840616.000 
808753.000 809164.000 1000741.000 842090.000 
811850.000 811891.000 1002269.000 843690.000 
814201.000 814327.000 1003396.000 844120.000 
816634.000 816650.000 1004667.000 844314.000 
819017.000 819070.000 1004421.000 843994.000 
821447.000 821496.000 1003952.000 844001.000 
826264.000 825479.000 1003864.000 843845.000 
828230.000 827439.000 1003806.000 844821.000 
829941.000 830034.000 1004652.000 845618.000 
833643.000 833718.000 1005383.000 845939.000 
837199.000 837251.000 1006128.000 846987.000 
842673.000 842594.000 1007081.000 847718.000 
846111.000 846059.000 1007685.000 848501.000 
850670.000 850663.000 1008179.000 848946.000 
855106.000 855155.000 1008981.000 848681.000 
859285.000 859237.000 1008709.000 848708.000 
862927.000 862786.000 1008820.000 849950.000 
867820.000 867607.000 1009981.000 850231.000 
872904.000 871963.000 1010107.000 850714.000 
878013.000 878712.000 1010703.000 850996.000 
881743.000 882330.000 1011056.000 852211.000 
888554.000 888408.000 1011901.000 851383.000 
895749.000 895519.000 1011704.000 852443.000 
902182.000 902014.000 1012408.000 853789.000 
907754.000 907671.000 1013487.000 854501.000 
914438.000 914544.000 1014101.000 854694.000 
920543.000 920508.000 1014285.000 855103.000 
927456.000 927973.000 1014899.000 855484.000 
933979.000 933389.000 1015409.000 855673.000 
942017.000 940560.000 1015548.000 855823.000 
946766.000 948556.000 1016033.000 856682.000 
946766.000 948556.000 1016107.000 856074.000 
946766.000 948556.000 1016182.000 856685.000 
946766.000 948556.000 1016844.000 858835.000 
946766.000 948556.000 1018954.000 859748.000 
946766.000 948556.000 1019689.000 860125.000 
946766.000 948556.000 1020122.000 860257.000 
946766.000 948556.000 1019916.000 860346.000 
946766.000 948556.000 1020186.000 860681.000 
946766.000 948556.000 1020813.000 861033.000 
946766.000 948556.000 1021152.000 860567.000 
946766.000 948556.000 1020883.000 852385.000 
946766.000 948556.000 1017672.000 837564.000 
946766.000 948556.000 997031.000 837935.000 
946766.000 948556.000 997567.000 838521.000 
946766.000 948556.000 998833.000 839049.000 
946766.000 948556.000 998991.000 838645.000 
735001.000 723635.000 998368.000 839055.000 
724272.000 729311.000 998945.000 839515.000 
724205.000 731455.000 999358.000 839324.000 
724305.000 732384.000 999380.000 842941.000 
725721.000 734586.000 1002373.000 844482.000 
727513.000 735383.000 1003950.000 847850.000 
728992.000 737212.000 1008243.000 849642.000 
736167.000 740848.000 1009458.000 851926.000 
739164.000 745639.000 1012054.000 852523.000 
742823.000 747079.000 1012105.000 852673.000 
749527.000 752510.000 1012471.000 853461.000 
754314.000 753394.000 1013546.000 854769.000 
759874.000 757798.000 1014052.000 856453.000 
763393.000 761812.000 1016264.000 855646.000 
772511.000 770466.000 1015516.000 855198.000 
779798.000 778312.000 1015416.000 858578.000 
789087.000 788435.000 1018855.000 859915.000 
795881.000 794342.000 1019451.000 862258.000 
803132.000 801475.000 1022300.000 863332.000 
811993.000 810059.000 1023490.000 864382.000 
819738.000 817713.000 1024045.000 866498.000 
827163.000 825346.000 1026325.000 866772.000 
832491.000 830892.000 1027026.000 865890.000 
839727.000 837505.000 1025718.000 865250.000 
845499.000 844191.000 1024937.000 864842.000 
852772.000 850016.000 1024868.000 867106.000 
862070.000 860461.000 1027212.000 868423.000 
869035.000 867516.000 1028638.000 870199.000 
876409.000 874995.000 1029902.000 872772.000 
883195.000 882022.000 1032630.000 875934.000 
890114.000 888278.000 1035267.000 875522.000 
896892.000 895027.000 1035508.000 874437.000 
903562.000 901915.000 1034680.000 873801.000 
908717.000 906839.000 1034079.000 873253.000 
914529.000 912800.000 1033614.000 872954.000 
917722.000 917564.000 1032936.000 874251.000 
925362.000 923479.000 1033794.000 875797.000 
931660.000 931424.000 1036042.000 877586.000 
936738.000 937221.000 1037134.000 882609.000 
942183.000 942386.000 1042589.000 882945.000 
947818.000 947766.000 1042769.000 882297.000 
952883.000 953019.000 1042324.000 881352.000 
957803.000 958280.000 1041664.000 880755.000 
962494.000 962855.000 1040946.000 880295.000 
966696.000 967251.000 1040299.000 880034.000 
971295.000 971173.000 1039872.000 880465.000 
971295.000 973691.000 1040045.000 883620.000 
971295.000 973691.000 1042780.000 886189.000 
971295.000 973691.000 1045540.000 886992.000 
971295.000 973691.000 1047033.000 888180.000 
971295.000 973691.000 1048049.000 887069.000 
971295.000 973691.000 1047372.000 887726.000 
971295.000 973691.000 1047743.000 887129.000 
971295.000 973691.000 1047168.000 886973.000 
971295.000 973691.000 1046798.000 886667.000 
971295.000 973691.000 1046815.000 888019.000 
971295.000 973691.000 1047294.000 890315.000 
971295.000 973691.000 1050110.000 863440.000 
971295.000 973691.000 1026223.000 856455.000 
971295.000 973691.000 1016531.000 856827.000 
971295.000 973691.000 1016833.000 856582.000 
910991.000 973691.000 1016322.000 856618.000 
716125.000 705743.000 1016227.000 856594.000 
698329.000 704635.000 1016335.000 855627.000 
697976.000 703654.000 1015989.000 853340.000 
700888.000 705762.000 1012805.000 855551.000 
706464.000 711448.000 1013820.000 859438.000 
707513.000 712314.000 1018903.000 863432.000 
708387.000 713070.000 1022930.000 866244.000 
714276.000 717035.000 1026361.000 867518.000 
715464.000 718692.000 1027356.000 866852.000 
719747.000 722176.000 1026876.000 867131.000 
722592.000 723006.000 1027279.000 867425.000 
727069.000 727384.000 1027486.000 870338.000 
729541.000 730372.000 1029258.000 874882.000 
732222.000 733719.000 1032674.000 877771.000 
737684.000 737811.000 1037892.000 876224.000 
744590.000 744747.000 1036717.000 876703.000 
749960.000 750266.000 1036525.000 880958.000 
753191.000 753318.000 1040395.000 882015.000 
757080.000 757085.000 1041387.000 882325.000 
756422.000 756495.000 1042261.000 882718.000 
765476.000 766119.000 1042194.000 884080.000 
771419.000 771764.000 1044308.000 888406.000 
773353.000 774227.000 1046259.000 889817.000 
776707.000 777057.000 1050048.000 889212.000 
780575.000 780637.000 1049559.000 888836.000 
786782.000 787192.000 1048797.000 888086.000 
788909.000 789782.000 1047425.000 891303.000 
794531.000 794762.000 1051149.000 893090.000 
793739.000 794125.000 1053536.000 894760.000 
800451.000 800658.000 1054563.000 895357.000 
805257.000 805969.000 1055380.000 898652.000 
808556.000 808962.000 1057681.000 900659.000 
811794.000 813194.000 1061058.000 899579.000 
813931.000 814177.000 1059272.000 898960.000 
815807.000 817177.000 1058834.000 897908.000 
816267.000 818220.000 1058354.000 897526.000 
821550.000 822742.000 1057299.000 898250.000 
822626.000 823547.000 1057143.000 902013.000 
826294.000 827185.000 1061256.000 903760.000 
830514.000 831555.000 1063467.000 906544.000 
832962.000 834172.000 1065841.000 910035.000 
834160.000 836549.000 1069325.000 908723.000 
836641.000 838860.000 1068964.000 907819.000 
839018.000 840994.000 1068083.000 907211.000 
839999.000 840186.000 1066589.000 905937.000 
839389.000 841063.000 1066481.000 905369.000 
838124.000 840505.000 1066452.000 906218.000 
839427.000 839716.000 1065545.000 907864.000 
842893.000 845249.000 1067717.000 911599.000 
845294.000 847267.000 1071508.000 916233.000 
845448.000 847785.000 1075490.000 915752.000 
847709.000 849060.000 1076657.000 915654.000 
847764.000 850231.000 1076251.000 914282.000 
847794.000 850203.000 1074688.000 913514.000 
850079.000 852203.000 1074432.000 913498.000 
849259.000 851661.000 1073325.000 913503.000 
845336.000 847786.000 1073518.000 913614.000 
848081.000 850467.000 1073935.000 914831.000 
851561.000 852100.000 1074078.000 919395.000 
851785.000 854133.000 1078218.000 921254.000 
851813.000 854123.000 1081627.000 921215.000 
851836.000 854123.000 1081576.000 920808.000 
851731.000 854233.000 1080519.000 920236.000 
851765.000 854203.000 1080331.000 919564.000 
851786.000 854177.000 1079266.000 919812.000 
849989.000 852365.000 1079419.000 920312.000 
847427.000 850051.000 1080004.000 920686.000 
850978.000 853201.000 1080481.000 922639.000 
852576.000 854942.000 1081971.000 924770.000 
852623.000 854997.000 1084578.000 926381.000 
852545.000 854997.000 1085681.000 926049.000 
852603.000 854960.000 1086350.000 925715.000 
852528.000 854965.000 1086318.000 925265.000 
852526.000 854971.000 1085410.000 925297.000 
852303.000 854560.000 1085297.000 924704.000 
854519.000 854836.000 1085617.000 925595.000 
854713.000 857239.000 1085899.000 927484.000 
854851.000 857202.000 1087339.000 929528.000 
854997.000 857421.000 1089248.000 929908.000 
855758.000 858151.000 1089482.000 929969.000 
855791.000 858134.000 1090038.000 930853.000 
858086.000 859265.000 1091110.000 930536.000 
858178.000 860543.000 1090568.000 930546.000 
858154.000 860604.000 1090234.000 930406.000 
858478.000 860376.000 1090141.000 930003.000 
859653.000 862062.000 1090388.000 931381.000 
859648.000 862139.000 1090737.000 932912.000 
861465.000 863671.000 1092209.000 933987.000 
862191.000 864508.000 1093603.000 933967.000 
864865.000 866622.000 1094132.000 934623.000 
865338.000 867665.000 1095222.000 935812.000 
867731.000 869810.000 1094919.000 935834.000 
869502.000 870096.000 1095054.000 935559.000 
869108.000 871580.000 1094882.000 935597.000 
871017.000 872986.000 1095357.000 935257.000 
873862.000 874032.000 1095308.000 936809.000 
875840.000 876459.000 1096406.000 937358.000 
876765.000 878053.000 1097035.000 938434.000 
878444.000 879734.000 1097761.000 938636.000 
881912.000 882780.000 1098114.000 938018.000 
884968.000 885287.000 1098486.000 938735.000 
888881.000 889185.000 1098960.000 939016.000 
891086.000 891459.000 1099347.000 941116.000 
893694.000 895376.000 1100164.000 940840.000 
897347.000 897874.000 1100381.000 941766.000 
900225.000 900836.000 1101702.000 942014.000 
904270.000 904822.000 1101869.000 941766.000 
908179.000 908594.000 1102473.000 942179.000 
911892.000 912082.000 1101881.000 942916.000 
915873.000 916411.000 1102241.000 943109.000 
918795.000 919319.000 1102346.000 943024.000 
923434.000 923461.000 1102251.000 943931.000 
928569.000 928457.000 1103285.000 943516.000 
934131.000 934010.000 1104076.000 945565.000 
939664.000 939275.000 1105041.000 945926.000 
945455.000 945136.000 1106239.000 946561.000 
950853.000 950657.000 1107662.000 947028.000 
955501.000 955393.000 1106949.000 946752.000 
962408.000 962042.000 1106603.000 946662.000 
967822.000 967735.000 1106668.000 946920.000 
973845.000 973326.000 1106754.000 947115.000 
980556.000 979421.000 1107497.000 947933.000 
986764.000 985896.000 1107220.000 948425.000 
993724.000 993049.000 1108252.000 948333.000 
1000665.000 999908.000 1108978.000 949819.000 
1008077.000 1007123.000 1109732.000 949758.000 
1016550.000 1015041.000 1110245.000 950435.000 
1024433.000 1022666.000 1110604.000 951162.000 
1031602.000 1030875.000 1111288.000 951506.000 
1040585.000 1039096.000 1111953.000 951628.000 
1045641.000 1043331.000 1111494.000 951701.000 
1045641.000 1043331.000 1111595.000 952252.000 
1045641.000 1043331.000 1111773.000 953133.000 
1045641.000 1043331.000 1112935.000 953557.000 
1045641.000 1043331.000 1113846.000 954507.000 
1045641.000 1043331.000 1114523.000 954730.000 
1045641.000 1043331.000 1114858.000 954649.000 
1045641.000 1043331.000 1115293.000 954644.000 
1045641.000 1043331.000 1115565.000 954991.000 
1045641.000 1043331.000 1115475.000 955830.000 
1045641.000 1043331.000 1115613.000 956267.000 
1045641.000 1043331.000 1116518.000 957584.000 
1045641.000 1043331.000 1116649.000 930362.000 
1045641.000 1043331.000 1105317.000 916119.000 
1045641.000 1043331.000 1077127.000 915126.000 
1045641.000 1043331.000 1075121.000 914839.000 
1045641.000 1043331.000 1074875.000 914851.000 
1045641.000 1043331.000 1075012.000 914963.000 
1045641.000 1043331.000 1074792.000 914638.000 
1045641.000 1043331.000 1074847.000 908363.000 
1045641.000 1043331.000 1074718.000 863510.000 
1045641.000 1043331.000 1031281.000 826935.000 
1045641.000 1043331.000 994078.000 788412.000 
539470.000 1043331.000 963405.000 738878.000 
613745.000 845198.000 908364.000 635835.000 
714121.000 631800.000 837627.000 610105.000 
802581.000 728650.000 773117.000 615152.000 
802581.000 829120.000 773346.000 629190.000 
802581.000 869715.000 783597.000 642878.000 
802581.000 869715.000 801444.000 656509.000 
802581.000 869715.000 813705.000 673416.000 
802581.000 869715.000 829413.000 697665.000 
802581.000 869715.000 853181.000 708182.000 
802581.000 869715.000 867809.000 725611.000 
802581.000 869715.000 883775.000 741472.000 
802581.000 765834.000 898770.000 748557.000 
802581.000 562525.000 907101.000 718423.000 
802581.000 569045.000 885079.000 718774.000 
802581.000 573646.000 878126.000 726792.000 
802581.000 577042.000 885086.000 732778.000 
802581.000 582999.000 892849.000 735742.000 
802581.000 582756.000 895397.000 740411.000 
802581.000 608578.000 900716.000 730642.000 
802581.000 596635.000 890226.000 740551.000 
802581.000 585568.000 897778.000 746732.000 
802581.000 592077.000 905597.000 744282.000 
802581.000 591910.000 906142.000 749784.000 
802581.000 572297.000 907894.000 746563.000 
802581.000 584192.000 910133.000 731150.000 
802581.000 596204.000 890250.000 740211.000 
816133.000 614860.000 897137.000 749001.000 
816133.000 605864.000 907839.000 766347.000 
816133.000 606089.000 924739.000 758443.000 
816133.000 592101.000 919459.000 758335.000 
816133.000 596252.000 920055.000 749735.000 
816133.000 599059.000 908567.000 754408.000 
816133.000 607975.000 913482.000 756738.000 
816133.000 612285.000 915669.000 766292.000 
816133.000 590896.000 926250.000 734424.000 
816133.000 568316.000 902581.000 708865.000 
816133.000 570861.000 869327.000 717578.000 
816133.000 566825.000 874690.000 729024.000 
598177.000 568343.000 889290.000 725744.000 
538778.000 571743.000 886192.000 722428.000 
541747.000 575655.000 885867.000 692592.000 
555700.000 574297.000 856618.000 698428.000 
568650.000 572683.000 855643.000 712145.000 
583889.000 583526.000 870037.000 724056.000 
615152.000 587215.000 882630.000 739615.000 
570046.000 589867.000 896822.000 743456.000 
573891.000 592327.000 903814.000 730117.000 
582193.000 594751.000 891935.000 731076.000 
594999.000 603757.000 889323.000 738719.000 
597557.000 596266.000 896641.000 751414.000 
601393.000 598924.000 908744.000 755903.000 
597907.000 601255.000 916136.000 757684.000 
599611.000 603235.000 917226.000 752640.000 
601790.000 607002.000 911653.000 758304.000 
612043.000 612260.000 916622.000 760298.000 
613382.000 611727.000 919679.000 771518.000 
622084.000 619402.000 929783.000 770660.000 
616424.000 624572.000 930327.000 775833.000 
617516.000 624256.000 933722.000 774205.000 
616661.000 622332.000 934500.000 776609.000 
619514.000 619674.000 936145.000 776714.000 
626261.000 625809.000 937356.000 779032.000 
632466.000 630918.000 938292.000 782837.000 
627419.000 631106.000 940649.000 789240.000 
632313.000 631663.000 948227.000 786243.000 
629342.000 631843.000 947339.000 790404.000 
633763.000 634798.000 949560.000 789092.000 
635435.000 634066.000 949446.000 791622.000 
636527.000 634308.000 949940.000 794925.000 
633093.000 634981.000 955127.000 794857.000 
638301.000 636791.000 953595.000 793258.000 
642955.000 642639.000 953379.000 795001.000 
645657.000 645819.000 953775.000 800680.000 
646907.000 645368.000 960433.000 804051.000 
646110.000 642246.000 963334.000 805827.000 
644544.000 641021.000 965610.000 802656.000 
643035.000 642978.000 963297.000 800990.000 
644396.000 644175.000 961419.000 801710.000 
646549.000 646349.000 960530.000 803264.000 
648324.000 648238.000 963253.000 805019.000 
651678.000 649428.000 964796.000 808242.000 
653417.000 650566.000 967594.000 807941.000 
652008.000 650134.000 967568.000 810033.000 
649440.000 651209.000 970396.000 809047.000 
649647.000 649558.000 969359.000 809927.000 
651175.000 650999.000 970262.000 808633.000 
650827.000 651841.000 968196.000 809972.000 
654559.000 652483.000 969341.000 810616.000 
656056.000 653621.000 969911.000 811532.000 
655633.000 657642.000 971244.000 812721.000 
656588.000 656721.000 972322.000 815732.000 
655836.000 656031.000 975541.000 816036.000 
655645.000 657103.000 975484.000 815804.000 
656960.000 656868.000 976264.000 814972.000 
658224.000 656264.000 974865.000 816618.000 
657589.000 659368.000 976896.000 815963.000 
657355.000 659005.000 976221.000 816939.000 
659401.000 659603.000 976735.000 817566.000 
659455.000 659342.000 977441.000 818553.000 
659763.000 660163.000 978173.000 819123.000 
661465.000 662030.000 979339.000 819728.000 
664145.000 663839.000 980164.000 820079.000 
665440.000 666064.000 979198.000 823031.000 
664143.000 667682.000 982011.000 824942.000 
665199.000 666587.000 985379.000 824237.000 
665854.000 666652.000 984260.000 824448.000 
664334.000 666311.000 984438.000 826089.000 
665950.000 666216.000 985780.000 824400.000 
666955.000 666706.000 984708.000 825193.000 
668640.000 671989.000 984953.000 825408.000 
672770.000 679620.000 985122.000 828566.000 
673871.000 683743.000 988556.000 831872.000 
675334.000 683924.000 990984.000 833607.000 
675416.000 686022.000 993748.000 835013.000 
678361.000 679884.000 995170.000 835402.000 
680923.000 680751.000 995545.000 836832.000 
678986.000 683902.000 996069.000 839846.000 
681116.000 685317.000 998851.000 839564.000 
684833.000 693182.000 999870.000 839992.000 
687816.000 699424.000 999426.000 843333.000 
688969.000 704903.000 1002112.000 847718.000 
693085.000 712810.000 1007703.000 848171.000 
698504.000 705844.000 1008373.000 851791.000 
696497.000 707680.000 1011249.000 856388.000 
696155.000 714004.000 1015503.000 857491.000 
697993.000 717231.000 1018086.000 856082.000 
699116.000 719562.000 1015786.000 856929.000 
702731.000 728236.000 1016364.000 859314.000 
707539.000 736412.000 1019348.000 861359.000 
712519.000 745216.000 1020478.000 865285.000 
711923.000 749023.000 1024542.000 870720.000 
711807.000 756357.000 1029866.000 871082.000 
713093.000 764253.000 1031262.000 870698.000 
712251.000 772412.000 1030430.000 871349.000 
712931.000 780272.000 1031462.000 871781.000 
716112.000 788424.000 1032777.000 870783.000 
723552.000 799430.000 1031107.000 874164.000 
724115.000 805375.000 1033681.000 881713.000 
725241.000 813480.000 1040458.000 883304.000 
726878.000 823390.000 1044146.000 883567.000 
726465.000 834018.000 1042898.000 884934.000 
726749.000 844346.000 1045271.000 886531.000 
731573.000 856927.000 1046941.000 885470.000 
736716.000 871157.000 1045163.000 889371.000 
737966.000 879798.000 1048515.000 893694.000 
742001.000 884901.000 1053138.000 897094.000 
745034.000 899255.000 1056683.000 897827.000 
747822.000 913025.000 1057140.000 902930.000 
747126.000 923746.000 1062224.000 906416.000 
751086.000 934727.000 1066122.000 905333.000 
754365.000 949408.000 1065662.000 907673.000 
757698.000 965983.000 1066277.000 912113.000 
759764.000 975421.000 1070842.000 916448.000 
767241.000 986522.000 1075281.000 917202.000 
770376.000 1003570.000 1076995.000 920976.000 
772662.000 1018215.000 1080069.000 927756.000 
777798.000 1023499.000 1086767.000 931599.000 
784874.000 1023499.000 1091127.000 931533.000 
787694.000 1023499.000 1091240.000 935058.000 
787043.000 1023499.000 1094104.000 941157.000 
793900.000 1023499.000 1100146.000 944956.000 
803040.000 1023499.000 1104618.000 946939.000 
808955.000 1023499.000 1106364.000 951511.000 
811814.000 1023499.000 1110504.000 956496.000 
816856.000 1023499.000 1115960.000 959871.000 
827900.000 1023499.000 1119427.000 962732.000 
836286.000 1023499.000 1121883.000 966350.000 
844239.000 1023499.000 1125561.000 971481.000 
851535.000 1023499.000 1130958.000 974245.000 
858987.000 1023499.000 1133963.000 963911.000 
865154.000 1023499.000 1124890.000 964484.000 
871658.000 1023499.000 1124397.000 965945.000 
880873.000 1023499.000 1126012.000 966936.000 
889927.000 1023499.000 1126569.000 967909.000 
896725.000 1023499.000 1127460.000 970813.000 
905070.000 1023499.000 1130561.000 971566.000 
914930.000 1023499.000 1131775.000 953668.000 
926250.000 1023499.000 1121794.000 944458.000 
938947.000 1023499.000 1104137.000 948075.000 
951683.000 1023499.000 1107219.000 951496.000 
963885.000 1023499.000 1111184.000 956179.000 
976271.000 1023499.000 1115832.000 960920.000 
989552.000 1023499.000 1119941.000 964071.000 
1003691.000 901963.000 1123667.000 945237.000 
1018101.000 808594.000 1111580.000 904176.000 
1032403.000 907298.000 1070305.000 894122.000 
1046393.000 1006901.000 1052549.000 895963.000 
1060820.000 1074498.000 1055695.000 901816.000 
1071695.000 1074498.000 1061139.000 905989.000 
1071695.000 1074498.000 1065702.000 908587.000 
1071695.000 1074498.000 1068578.000 907009.000 
1071695.000 1074498.000 1069455.000 870792.000 
1071695.000 1074498.000 1039138.000 863921.000 
1071695.000 1074498.000 1022737.000 871448.000 
1071695.000 1074498.000 1029862.000 882886.000 
1071695.000 1074498.000 1041148.000 891460.000 
1071695.000 1074498.000 1051484.000 877114.000 
1071695.000 672086.000 1045167.000 842331.000 
1071695.000 650785.000 1007726.000 807531.000 
1071695.000 654597.000 969822.000 808371.000 
1071695.000 666153.000 967533.000 812050.000 
1071695.000 670050.000 969619.000 823300.000 
1071695.000 658543.000 981783.000 827964.000 
1071695.000 634554.000 987332.000 804095.000 
1071695.000 659430.000 969522.000 779524.000 
1071695.000 665824.000 939330.000 785429.000 
1071695.000 651787.000 943857.000 796391.000 
1071695.000 641610.000 954649.000 794828.000 
1071695.000 636527.000 958167.000 794075.000 
1071695.000 609641.000 953608.000 789111.000 
1071695.000 613501.000 953828.000 766999.000 
1071695.000 622717.000 928779.000 769586.000 
1071695.000 638575.000 928381.000 778781.000 
1071695.000 651599.000 936942.000 790977.000 
704053.000 657024.000 949423.000 800336.000 
714720.000 609957.000 961680.000 779300.000 
814716.000 614093.000 941471.000 763899.000 
912950.000 616671.000 926126.000 770884.000 
946081.000 625436.000 928552.000 775868.000 
946081.000 636331.000 934999.000 781711.000 
946081.000 642575.000 940759.000 793513.000 
946081.000 641624.000 952477.000 796154.000 
946081.000 647684.000 955919.000 796374.000 
946081.000 656574.000 956954.000 803684.000 
946081.000 665143.000 959853.000 813582.000 
946081.000 663340.000 972036.000 821743.000 
946081.000 658663.000 979891.000 825467.000 
629807.000 661881.000 990981.000 787581.000 
619068.000 618947.000 956437.000 783138.000 
615361.000 616239.000 942390.000 779438.000 
622780.000 622979.000 941004.000 774814.000 
627608.000 623134.000 934543.000 781259.000 
595117.000 625008.000 939392.000 783280.000 
626003.000 627719.000 945016.000 754014.000 
648010.000 626861.000 916954.000 760985.000 
666428.000 634812.000 917326.000 776288.000 
663882.000 637266.000 933825.000 790386.000 
656040.000 641954.000 950183.000 796379.000 
646521.000 648539.000 956361.000 799323.000 
633431.000 650937.000 957579.000 801733.000 
644562.000 650994.000 964282.000 792638.000 
656801.000 655868.000 953700.000 801291.000 
662257.000 660268.000 959344.000 813243.000 
669647.000 659097.000 971399.000 819563.000 
667701.000 658112.000 979080.000 820423.000 
655609.000 658916.000 981509.000 817544.000 
661601.000 664047.000 976994.000 812345.000 
670440.000 672567.000 971864.000 818944.000 
675766.000 675032.000 976331.000 828314.000 
676336.000 671587.000 987036.000 833957.000 
682366.000 675604.000 992847.000 831117.000 
686671.000 678707.000 992003.000 833777.000 
672953.000 679713.000 993135.000 836617.000 
675394.000 676108.000 996022.000 831803.000 
678748.000 678521.000 991595.000 834415.000 
687715.000 685886.000 994166.000 837123.000 
692478.000 686424.000 996069.000 845164.000 
695611.000 688394.000 1004572.000 845312.000 
696611.000 691246.000 1005057.000 848538.000 
690120.000 692335.000 1008349.000 849342.000 
689188.000 691785.000 1008241.000 848365.000 
690463.000 690265.000 1008906.000 848826.000 
688555.000 688202.000 1008653.000 849739.000 
694954.000 692198.000 1009705.000 848183.000 
698337.000 693799.000 1008825.000 850525.000 
703268.000 699560.000 1009720.000 853622.000 
700505.000 701226.000 1013805.000 857343.000 
703910.000 703840.000 1016227.000 859133.000 
704421.000 704702.000 1019072.000 862427.000 
700692.000 696663.000 1021329.000 865043.000 
697524.000 696141.000 1024681.000 857711.000 
701275.000 698963.000 1019476.000 855627.000 
705758.000 703970.000 1015778.000 858541.000 
704233.000 704090.000 1017599.000 863760.000 
708052.000 708648.000 1022330.000 863047.000 
711333.000 711665.000 1023031.000 867025.000 
711578.000 710509.000 1025808.000 870301.000 
713743.000 708878.000 1029494.000 870612.000 
710200.000 708306.000 1030903.000 868433.000 
705728.000 705426.000 1029185.000 868314.000 
706581.000 706220.000 1028475.000 866021.000 
711111.000 711319.000 1026964.000 864479.000 
715313.000 715633.000 1024511.000 869936.000 
713975.000 713103.000 1028756.000 873524.000 
714527.000 714428.000 1033110.000 873010.000 
716336.000 716112.000 1034056.000 873364.000 
715363.000 715190.000 1033112.000 875315.000 
715353.000 715560.000 1034971.000 876069.000 
717268.000 717906.000 1036291.000 873081.000 
717824.000 718029.000 1033531.000 876643.000 
716389.000 716149.000 1036219.000 877682.000 
718969.000 719646.000 1037881.000 876085.000 
721820.000 722000.000 1036858.000 877949.000 
724245.000 722837.000 1036765.000 881241.000 
722943.000 725235.000 1040985.000 882794.000 
724998.000 725406.000 1043897.000 882674.000 
726340.000 727077.000 1042377.000 884910.000 
727191.000 727882.000 1044207.000 885555.000 
728586.000 729008.000 1045168.000 886739.000 
732716.000 732531.000 1046902.000 887518.000 
732227.000 731252.000 1047049.000 891785.000 
733495.000 732425.000 1050832.000 891450.000 
734400.000 737488.000 1052198.000 890646.000 
737446.000 739578.000 1050150.000 893609.000 
739411.000 740129.000 1053096.000 896919.000 
741540.000 743060.000 1056682.000 898225.000 
746341.000 747467.000 1058159.000 900076.000 
748517.000 749166.000 1059456.000 905161.000 
749000.000 748407.000 1064464.000 907773.000 
751422.000 754455.000 1068025.000 906910.000 
755386.000 762455.000 1067703.000 909768.000 
753144.000 768386.000 1068665.000 914194.000 
752903.000 774160.000 1073394.000 914217.000 
757230.000 776600.000 1075484.000 912288.000 
763637.000 774885.000 1072062.000 914877.000 
769801.000 770386.000 1073840.000 920625.000 
771553.000 773872.000 1079980.000 927750.000 
777349.000 782956.000 1087076.000 929713.000 
778723.000 789220.000 1089855.000 935280.000 
776026.000 796183.000 1094189.000 938524.000 
776853.000 805373.000 1098140.000 936132.000 
782858.000 818310.000 1096476.000 936098.000 
784535.000 824429.000 1095640.000 940846.000 
788123.000 824622.000 1099752.000 943808.000 
792522.000 828588.000 1103423.000 945294.000 
797415.000 837737.000 1104886.000 948861.000 
797287.000 845362.000 1108182.000 955260.000 
796116.000 855351.000 1114382.000 957272.000 
798182.000 865760.000 1116961.000 956158.000 
804027.000 882140.000 1116697.000 956668.000 
805210.000 889741.000 1116109.000 962034.000 
807848.000 901896.000 1121311.000 963536.000 
813884.000 914823.000 1124087.000 966737.000 
817002.000 927525.000 1125713.000 969655.000 
812555.000 932975.000 1129368.000 975579.000 
813243.000 942790.000 1135322.000 973367.000 
817576.000 955581.000 1134368.000 972745.000 
822525.000 971939.000 1132811.000 974704.000 
824227.000 985966.000 1134215.000 980640.000 
828104.000 994737.000 1139895.000 982554.000 
834336.000 1011878.000 1142805.000 985411.000 
840404.000 1028699.000 1145055.000 989867.000 
839707.000 1040495.000 1148475.000 997542.000 
839287.000 1048709.000 1156216.000 999781.000 
843318.000 1062274.000 1159564.000 998517.000 
847075.000 1080822.000 1158146.000 1000006.000 
846792.000 1096041.000 1159413.000 1005361.000 
851392.000 1106216.000 1164520.000 1006243.000 
859685.000 1106216.000 1166283.000 1008935.000 
867955.000 1106216.000 1168122.000 1012589.000 
872091.000 1106216.000 1171459.000 1018934.000 
874926.000 1106216.000 1178118.000 1024683.000 
880166.000 1106216.000 1183907.000 1027673.000 
886235.000 1106216.000 1187119.000 1031005.000 
887177.000 1106216.000 1190562.000 1036313.000 
889149.000 1106216.000 1195738.000 1039312.000 
895954.000 1106216.000 1198699.000 1041730.000 
905757.000 1106216.000 1201013.000 1045182.000 
911797.000 1106216.000 1204284.000 1049825.000 
919889.000 1106216.000 1208847.000 1053575.000 
927871.000 1106216.000 1213357.000 1056599.000 
935824.000 1106216.000 1215832.000 1041299.000 
941088.000 1106216.000 1202036.000 1041095.000 
949673.000 1106216.000 1200257.000 1043880.000 
958938.000 1106216.000 1203419.000 1045216.000 
967194.000 1106216.000 1204995.000 1046915.000 
974495.000 1106216.000 1206907.000 1048587.000 
982102.000 1106216.000 1208252.000 1049701.000 
992239.000 1106216.000 1209500.000 1049998.000 
1002103.000 1106216.000 1209942.000 1013948.000 
1013738.000 1106216.000 1181783.000 969138.000 
1026289.000 1106216.000 1137613.000 928209.000 
1038475.000 1106216.000 1096413.000 889626.000 
1051340.000 1106216.000 1056482.000 847602.000 
1064301.000 712835.000 1016014.000 802400.000 
1078118.000 808121.000 971283.000 785874.000 
1088449.000 906853.000 946164.000 789323.000 
1088449.000 972708.000 948197.000 796606.000 
1088449.000 972708.000 954308.000 806516.000 
1088449.000 972708.000 962950.000 823446.000 
1088449.000 972708.000 980521.000 838150.000 
1088449.000 972708.000 995963.000 853056.000 
1088449.000 972708.000 1009551.000 870962.000 
1088449.000 972708.000 1027629.000 888697.000 
1088449.000 972708.000 1045437.000 899581.000 
1088449.000 972708.000 1058606.000 907862.000 
1088449.000 972708.000 1067479.000 916419.000 
1088449.000 972708.000 1073759.000 923353.000 
1088449.000 972708.000 1081705.000 928767.000 
1088449.000 972708.000 1087378.000 922174.000 
1088449.000 972708.000 1081704.000 930489.000 
1088449.000 972708.000 1088788.000 939843.000 
1088449.000 972708.000 1098880.000 948521.000 
1088449.000 972708.000 1107075.000 959446.000 
1088449.000 972708.000 1118678.000 963757.000 
1088449.000 972708.000 1123813.000 968714.000 
1088449.000 972708.000 1127440.000 976481.000 
1088449.000 972708.000 1135299.000 949987.000 
1088449.000 972708.000 1112842.000 905015.000 
1088449.000 972708.000 1063847.000 900091.000 
1088449.000 972708.000 1059765.000 905529.000 
1088449.000 972708.000 1064357.000 911966.000 
1088449.000 972708.000 1070814.000 919405.000 
1088449.000 821449.000 1078487.000 922561.000 
762501.000 731616.000 1082319.000 909502.000 
856386.000 760085.000 1078322.000 848525.000 
956355.000 860381.000 1035977.000 852970.000 
1050125.000 961929.000 1011127.000 867999.000 
1050125.000 1050643.000 1025865.000 880211.000 
1050125.000 1050643.000 1040232.000 882586.000 
1050125.000 1050643.000 1042277.000 885035.000 
1050125.000 1050643.000 1044681.000 889650.000 
1050125.000 1050643.000 1049514.000 844078.000 
1050125.000 1050643.000 1008570.000 846689.000 
1050125.000 1050643.000 1002925.000 862404.000 
1050125.000 1050643.000 1017106.000 878657.000 
1050125.000 1050643.000 1035930.000 889679.000 
628322.000 643420.000 1055428.000 827051.000 
622227.000 606455.000 1010703.000 773840.000 
615762.000 602897.000 974616.000 765582.000 
609718.000 609128.000 926313.000 763115.000 
611633.000 611623.000 924476.000 767769.000 
585627.000 589324.000 926200.000 770398.000 
616949.000 596811.000 930383.000 740329.000 
643740.000 614218.000 905675.000 739725.000 
662095.000 618110.000 896634.000 758378.000 
679277.000 630098.000 914983.000 774019.000 
668598.000 641926.000 932737.000 788712.000 
647851.000 652157.000 947174.000 799243.000 
650735.000 644176.000 959893.000 799942.000 
662855.000 658253.000 964037.000 801820.000 
657710.000 657590.000 960300.000 816035.000 
668062.000 666672.000 973223.000 816818.000 
667025.000 664734.000 976284.000 824370.000 
666738.000 667076.000 983052.000 826191.000 
668027.000 673413.000 986549.000 824534.000 
680027.000 678646.000 983583.000 824600.000 
690366.000 688189.000 984128.000 835710.000 
694937.000 694988.000 994010.000 846578.000 
693702.000 692720.000 1004826.000 852835.000 
696380.000 695914.000 1011239.000 852473.000 
700592.000 698933.000 1013642.000 853986.000 
697771.000 704141.000 1013353.000 857833.000 
702326.000 701065.000 1016351.000 856057.000 
698070.000 697418.000 1015498.000 860065.000 
708307.000 708463.000 1019185.000 857115.000 
715985.000 715009.000 1016577.000 864225.000 
723308.000 720727.000 1022122.000 873393.000 
726632.000 724720.000 1032264.000 879041.000 
722001.000 727254.000 1038272.000 883095.000 
726455.000 726931.000 1042552.000 881571.000 
724281.000 723166.000 1042623.000 884362.000 
726087.000 726228.000 1043307.000 883559.000 
727480.000 728117.000 1045439.000 884581.000 
729316.000 728646.000 1042722.000 886228.000 
733459.000 730762.000 1046460.000 887923.000 
738984.000 738234.000 1047174.000 889509.000 
741375.000 743811.000 1049174.000 896653.000 
747478.000 744681.000 1055128.000 899419.000 
747143.000 744943.000 1058571.000 904442.000 
740727.000 740198.000 1063637.000 903943.000 
742666.000 742082.000 1063935.000 902356.000 
740984.000 739062.000 1063295.000 901016.000 
743962.000 743991.000 1060162.000 899161.000 
746416.000 747356.000 1060091.000 902347.000 
748598.000 748465.000 1061038.000 905848.000 
751840.000 749521.000 1065084.000 907465.000 
754619.000 754289.000 1067431.000 907824.000 
755202.000 755212.000 1067575.000 912889.000 
754075.000 752616.000 1071447.000 914715.000 
752397.000 751179.000 1074521.000 913568.000 
750470.000 752160.000 1074633.000 910212.000 
751527.000 751616.000 1070260.000 911638.000 
750479.000 750385.000 1071772.000 910544.000 
753488.000 753481.000 1069520.000 910684.000 
755141.000 755137.000 1071031.000 912152.000 
754419.000 754061.000 1071451.000 915476.000 
756064.000 755413.000 1075445.000 914265.000 
756602.000 757853.000 1074839.000 914651.000 
756215.000 756363.000 1074936.000 916704.000 
757992.000 757585.000 1075960.000 915557.000 
756427.000 756337.000 1075242.000 917390.000 
757692.000 757515.000 1077233.000 915915.000 
755998.000 755999.000 1075530.000 917705.000 
755693.000 755363.000 1077195.000 916140.000 
756633.000 756773.000 1075846.000 915300.000 
757241.000 757072.000 1075010.000 915687.000 
756261.000 756528.000 1075170.000 917291.000 
758108.000 757734.000 1077228.000 916256.000 
759880.000 759582.000 1075828.000 917293.000 
761009.000 761255.000 1077181.000 919322.000 
760255.000 760504.000 1078677.000 919849.000 
761790.000 758761.000 1079882.000 920024.000 
760348.000 760651.000 1080456.000 918379.000 
758709.000 760144.000 1078643.000 920504.000 
760353.000 759522.000 1080237.000 919015.000 
761187.000 761199.000 1079439.000 918793.000 
761004.000 761139.000 1078728.000 920142.000 
762548.000 762840.000 1080365.000 921251.000 
764100.000 763437.000 1081256.000 921382.000 
767573.000 764783.000 1080922.000 923747.000 
766613.000 768096.000 1084113.000 923951.000 
765138.000 766142.000 1083547.000 926827.000 
766982.000 766449.000 1086968.000 925071.000 
768431.000 767754.000 1085232.000 925946.000 
766095.000 766285.000 1085646.000 927316.000 
768589.000 769230.000 1087154.000 926694.000 
770524.000 770454.000 1086746.000 926582.000 
774761.000 773484.000 1086617.000 929337.000 
774228.000 775399.000 1089011.000 932327.000 
775655.000 779283.000 1091616.000 932835.000 
779106.000 777686.000 1093209.000 935043.000 
781369.000 779672.000 1094822.000 936592.000 
778847.000 778452.000 1096416.000 939070.000 
780523.000 779225.000 1098937.000 938202.000 
784835.000 781235.000 1098489.000 938731.000 
785067.000 782724.000 1098694.000 940646.000 
787431.000 787975.000 1100288.000 942646.000 
788690.000 792549.000 1102443.000 945652.000 
795477.000 794411.000 1104774.000 948368.000 
797453.000 795920.000 1108121.000 952055.000 
800180.000 800388.000 1111451.000 955522.000 
801833.000 800725.000 1115066.000 957647.000 
806206.000 803517.000 1116915.000 960190.000 
809111.000 803414.000 1120037.000 962143.000 
808434.000 808174.000 1121719.000 963401.000 
809978.000 814120.000 1123520.000 965833.000 
815580.000 816317.000 1124690.000 969067.000 
819984.000 819606.000 1128496.000 973036.000 
826394.000 823694.000 1131521.000 977438.000 
831399.000 829512.000 1137145.000 981461.000 
835636.000 833373.000 1140263.000 986970.000 
840670.000 835003.000 1146921.000 992135.000 
849133.000 838430.000 1151488.000 993627.000 
846427.000 846828.000 1153529.000 996011.000 
848476.000 855625.000 1154720.000 1001356.000 
854152.000 856685.000 1160400.000 1007411.000 
862016.000 858183.000 1166497.000 1011779.000 
870284.000 864325.000 1169806.000 1015638.000 
874299.000 870105.000 1174809.000 1021676.000 
882409.000 872338.000 1180117.000 1026717.000 
892197.000 875323.000 1185913.000 1031194.000 
902043.000 881400.000 1190889.000 1034014.000 
910853.000 889968.000 1192950.000 1037746.000 
908317.000 901432.000 1196791.000 1044080.000 
914742.000 912577.000 1202906.000 1051105.000 
922469.000 918020.000 1210044.000 1056841.000 
931814.000 924221.000 1215972.000 1061625.000 
940090.000 928069.000 1221286.000 1067309.000 
949835.000 931299.000 1226457.000 1072484.000 
961886.000 933296.000 1231800.000 1077113.000 
962144.000 933296.000 1235986.000 1081803.000 
962144.000 933296.000 1241135.000 1082971.000 
962144.000 933296.000 1243254.000 1082971.000 
962144.000 933296.000 1243268.000 1082971.000 
962144.000 933296.000 1242995.000 1082971.000 
962144.000 933296.000 1243138.000 1082971.000 
962144.000 933296.000 1243055.000 1082971.000 
962144.000 933296.000 1242915.000 1082971.000 
962144.000 933296.000 1243106.000 1082971.000 
962144.000 933296.000 1242869.000 1082971.000 
962144.000 933296.000 1242999.000 1082971.000 
962144.000 933296.000 1242848.000 1082971.000 
962144.000 933296.000 1214958.000 1082971.000 
962144.000 933296.000 1142156.000 1082971.000 
962144.000 933296.000 1074568.000 1082971.000 
962144.000 933296.000 1038987.000 987709.000 
962144.000 933296.000 1018279.000 861081.000 
962144.000 933296.000 1013695.000 852885.000 
962144.000 933296.000 1012712.000 825274.000 
962144.000 933296.000 989680.000 826610.000 
962144.000 933296.000 984365.000 834455.000 
962144.000 933296.000 994326.000 833648.000 
962144.000 933296.000 987439.000 833648.000 
962144.000 933296.000 989647.000 833648.000 
1314956.000 667789.000 989699.000 808337.000 
1314956.000 740758.000 972556.000 777556.000 
1314956.000 839306.000 938984.000 782146.000 
1314956.000 943173.000 941104.000 789154.000 
1314956.000 969415.000 946769.000 798334.000 
1314956.000 969415.000 958342.000 797542.000 
1314956.000 969415.000 943869.000 797542.000 
1314956.000 969415.000 925677.000 734191.000 
1314956.000 969415.000 924404.000 744846.000 
1314956.000 969415.000 926484.000 756663.000 
1314956.000 969415.000 920162.000 742632.000 
1314956.000 597353.000 912580.000 741952.000 
1314956.000 475856.000 903143.000 738333.000 
1314956.000 488488.000 852346.000 665168.000 
1080506.000 505067.000 798796.000 645073.000 
631887.000 518163.000 801802.000 659188.000 
657175.000 515725.000 818412.000 679059.000 
657357.000 554148.000 835546.000 672266.000 
657275.000 538024.000 843029.000 676773.000 
657275.000 523913.000 844523.000 677426.000 
657366.000 531846.000 839335.000 676294.000 
675337.000 520932.000 833598.000 687753.000 
711053.000 519283.000 848390.000 678142.000 
716122.000 537046.000 841683.000 674404.000 
721108.000 551775.000 833105.000 687955.000 
726285.000 547200.000 845703.000 696257.000 
732372.000 543076.000 858981.000 696850.000 
738259.000 530293.000 862033.000 701176.000 
744657.000 539669.000 863758.000 689498.000 
751047.000 551353.000 849051.000 695817.000 
757161.000 568647.000 854737.000 707448.000 
763696.000 580195.000 866339.000 719454.000 
770563.000 544373.000 878382.000 730985.000 
776882.000 543175.000 890127.000 731441.000 
783524.000 555217.000 882416.000 705755.000 
790155.000 565699.000 859486.000 712222.000 
795974.000 574915.000 871227.000 721857.000 
802367.000 584256.000 881856.000 731394.000 
808043.000 581752.000 891065.000 739241.000 
814251.000 574752.000 898924.000 739987.000 
819542.000 562563.000 900020.000 741061.000 
825749.000 569906.000 900215.000 728247.000 
831280.000 579080.000 884715.000 727403.000 
836255.000 587275.000 886748.000 736069.000 
841240.000 590279.000 895154.000 743503.000 
846854.000 593908.000 902814.000 747301.000 
851914.000 595908.000 906469.000 751933.000 
853820.000 582587.000 911637.000 755921.000 
853820.000 586815.000 916028.000 753839.000 
853820.000 589451.000 908738.000 743512.000 
853820.000 590701.000 902160.000 748466.000 
853820.000 596128.000 908497.000 748908.000 
853820.000 601001.000 908236.000 754353.000 
853820.000 606323.000 913977.000 759009.000 
853820.000 602202.000 919259.000 764327.000 
853820.000 593929.000 924046.000 766769.000 
853820.000 591414.000 926980.000 757063.000 
853820.000 595748.000 914930.000 751048.000 
853820.000 597770.000 910528.000 754429.000 
853820.000 601620.000 913709.000 757543.000 
853820.000 603123.000 918108.000 760369.000 
853820.000 607598.000 920493.000 762358.000 
645309.000 598209.000 921993.000 765299.000 
636628.000 597463.000 925317.000 765756.000 
636521.000 598459.000 923354.000 757771.000 
633410.000 603643.000 917081.000 758507.000 
629230.000 604732.000 918547.000 761490.000 
626481.000 608728.000 922174.000 763760.000 
635278.000 609717.000 924157.000 767354.000 
658844.000 611482.000 927255.000 768478.000 
662027.000 603428.000 927965.000 770812.000 
665703.000 604592.000 931084.000 766776.000 
668998.000 606867.000 925376.000 764207.000 
673208.000 609348.000 923718.000 765527.000 
674783.000 610867.000 925216.000 768326.000 
678238.000 611343.000 928720.000 769253.000 
681171.000 613221.000 929051.000 771785.000 
685038.000 609976.000 932397.000 772296.000 
689340.000 605838.000 932122.000 772562.000 
692338.000 609173.000 932972.000 766131.000 
696738.000 611295.000 925258.000 768258.000 
699486.000 613290.000 928615.000 770642.000 
705157.000 616641.000 930832.000 772758.000 
708510.000 615035.000 933135.000 774703.000 
712539.000 615926.000 933569.000 775684.000 
715378.000 613543.000 935961.000 776087.000 
717924.000 612408.000 936285.000 776367.000 
721834.000 613732.000 936542.000 772643.000 
724747.000 616032.000 932358.000 773258.000 
727048.000 617381.000 933305.000 775039.000 
730301.000 620834.000 935129.000 776946.000 
734555.000 622420.000 936888.000 779423.000 
737751.000 623542.000 939364.000 781515.000 
740101.000 618802.000 941624.000 782836.000 
742532.000 619891.000 943466.000 781364.000 
744738.000 620632.000 940658.000 778871.000 
746270.000 622754.000 938645.000 780201.000 
745393.000 624982.000 940007.000 781593.000 
748986.000 627455.000 941718.000 782592.000 
750368.000 629309.000 942607.000 786229.000 
753689.000 630228.000 946204.000 788299.000 
755229.000 628286.000 948456.000 789494.000 
756133.000 629947.000 950326.000 788743.000 
757966.000 631791.000 948503.000 788548.000 
761050.000 633903.000 948927.000 790121.000 
760298.000 635590.000 950638.000 792547.000 
763268.000 638558.000 952465.000 794943.000 
763778.000 643081.000 954678.000 797234.000 
765767.000 643749.000 957372.000 799482.000 
765815.000 642239.000 959591.000 802980.000 
768139.000 644873.000 963602.000 802706.000 
769875.000 647444.000 962253.000 803216.000 
770688.000 650445.000 963155.000 805549.000 
771693.000 652607.000 965299.000 808380.000 
772754.000 657323.000 968267.000 811889.000 
772169.000 660490.000 971745.000 814006.000 
774934.000 664055.000 974352.000 817982.000 
777647.000 665165.000 977994.000 822180.000 
779932.000 666906.000 982596.000 824051.000 
779584.000 669663.000 984968.000 825687.000 
779460.000 672942.000 985720.000 827706.000 
780721.000 677355.000 987836.000 830971.000 
780904.000 682296.000 991356.000 833627.000 
781567.000 684047.000 993593.000 838077.000 
782116.000 693175.000 998425.000 842882.000 
786757.000 698471.000 1003103.000 845826.000 
788457.000 697958.000 1005951.000 852323.000 
787457.000 701033.000 1011678.000 855239.000 
788212.000 708812.000 1015311.000 858760.000 
791251.000 711456.000 1018842.000 861212.000 
792847.000 715055.000 1020669.000 865337.000 
790641.000 720064.000 1025713.000 870618.000 
790587.000 728262.000 1030592.000 874156.000 
791260.000 739463.000 1034192.000 877552.000 
795687.000 746580.000 1037011.000 882198.000 
794948.000 752013.000 1042383.000 889388.000 
795073.000 761434.000 1048180.000 891104.000 
796517.000 771356.000 1051242.000 893779.000 
794450.000 778940.000 1053781.000 898273.000 
794789.000 787643.000 1058153.000 901923.000 
795580.000 797341.000 1062456.000 903965.000 
795131.000 807557.000 1063907.000 907259.000 
790810.000 814410.000 1067543.000 910661.000 
796512.000 829034.000 1070812.000 914175.000 
795780.000 840939.000 1074317.000 917135.000 
796002.000 852387.000 1076546.000 920188.000 
796733.000 861392.000 1080806.000 923250.000 
798103.000 874763.000 1083386.000 924946.000 
798737.000 887555.000 1085185.000 926992.000 
800384.000 899838.000 1087406.000 929636.000 
801420.000 909786.000 1089897.000 932841.000 
802949.000 923099.000 1093210.000 933863.000 
804993.000 937370.000 1094169.000 936900.000 
807708.000 950999.000 1097207.000 939351.000 
810391.000 963497.000 1099503.000 942310.000 
812006.000 977817.000 1103143.000 943636.000 
813307.000 992690.000 1103575.000 945756.000 
815587.000 1004852.000 1105884.000 947715.000 
818989.000 1018309.000 1107437.000 948992.000 
821292.000 1031185.000 1109039.000 949709.000 
825311.000 1046802.000 1109431.000 951888.000 
826529.000 1052968.000 1112031.000 953925.000 
832779.000 1052968.000 1113339.000 955385.000 
837225.000 1052968.000 1115467.000 957623.000 
842119.000 1052968.000 1117452.000 960452.000 
845109.000 1052968.000 1120157.000 962177.000 
851386.000 1052968.000 1122103.000 962540.000 
854083.000 1052968.000 1122455.000 963592.000 
859515.000 1052968.000 1123462.000 964619.000 
863454.000 1052968.000 1124663.000 965507.000 
869592.000 1052968.000 1125879.000 966008.000 
872869.000 1052968.000 1126030.000 967924.000 
879467.000 1052968.000 1127616.000 968748.000 
884649.000 1052968.000 1128918.000 970948.000 
890763.000 1052968.000 1130764.000 967733.000 
895896.000 1052968.000 1127227.000 968656.000 
902209.000 1052968.000 1128395.000 968873.000 
907989.000 1052968.000 1128559.000 969524.000 
914901.000 1052968.000 1129563.000 969187.000 
921266.000 1052968.000 1128896.000 969719.000 
928119.000 1052968.000 1130321.000 969967.000 
934096.000 1052968.000 1129577.000 952279.000 
941805.000 1052968.000 1115822.000 941394.000 
950391.000 1052968.000 1099897.000 941855.000 
958897.000 1052968.000 1101437.000 943799.000 
967679.000 1052968.000 1103836.000 945619.000 
976659.000 1052968.000 1105977.000 946824.000 
985986.000 1052968.000 1107310.000 947738.000 
995519.000 850437.000 1107547.000 937062.000 
1005422.000 805569.000 1100912.000 894896.000 
1015422.000 902044.000 1056660.000 881883.000 
1025598.000 1004425.000 1040733.000 882635.000 
1035463.000 1059854.000 1042389.000 889198.000 
1045959.000 1059854.000 1049705.000 892131.000 
1057434.000 1059854.000 1052666.000 892934.000 
1064555.000 1059854.000 1053248.000 893940.000 
1064555.000 1059854.000 1053827.000 861973.000 
1064555.000 1059854.000 1024099.000 853682.000 
1064555.000 1059854.000 1012541.000 858619.000 
1064555.000 1059854.000 1018091.000 868384.000 
1064555.000 1059854.000 1030354.000 876991.000 
1064555.000 899449.000 1038836.000 855214.000 
1064555.000 643468.000 1020296.000 829824.000 
1064555.000 643758.000 993808.000 804329.000 
1064555.000 647618.000 962659.000 803066.000 
1064555.000 649962.000 962586.000 805216.000 
1064555.000 650103.000 964228.000 807391.000 
1064555.000 617682.000 972178.000 795937.000 
1064555.000 633334.000 959736.000 772392.000 
1064555.000 643577.000 931637.000 765544.000 
1064555.000 650074.000 924562.000 770574.000 
1064555.000 647042.000 929856.000 781660.000 
1064555.000 653932.000 942015.000 795251.000 
1064555.000 615739.000 954477.000 802164.000 
1064555.000 610734.000 962413.000 775060.000 
1064555.000 617294.000 936004.000 768004.000 
1064555.000 628005.000 927697.000 773963.000 
1064555.000 637626.000 932632.000 782742.000 
1064555.000 641930.000 942926.000 792432.000 
1064555.000 640950.000 951988.000 797209.000 
910709.000 608356.000 957774.000 800540.000 
679625.000 605408.000 962673.000 765744.000 
776322.000 603338.000 954579.000 758573.000 
877336.000 611893.000 925356.000 761710.000 
943410.000 618329.000 922756.000 768870.000 
943410.000 618750.000 928421.000 773870.000 
943410.000 624640.000 934803.000 777044.000 
943410.000 630802.000 936780.000 779266.000 
943410.000 643350.000 939204.000 782066.000 
943410.000 648968.000 941295.000 794107.000 
943410.000 656067.000 949821.000 804465.000 
943410.000 664733.000 964601.000 812242.000 
902234.000 649830.000 974930.000 816847.000 
614405.000 645315.000 981184.000 785245.000 
605809.000 639791.000 962459.000 772680.000 
610343.000 626009.000 942677.000 767372.000 
618484.000 619379.000 927563.000 768427.000 
615356.000 616176.000 927976.000 776937.000 
588625.000 618305.000 935135.000 774511.000 
613627.000 619946.000 935877.000 746462.000 
623429.000 622329.000 906946.000 749905.000 
621777.000 625030.000 908969.000 760656.000 
626741.000 628964.000 921948.000 769111.000 
636691.000 633266.000 930788.000 781133.000 
629126.000 638957.000 941798.000 790378.000 
630197.000 639136.000 949959.000 787790.000 
633175.000 641379.000 949747.000 787063.000 
641033.000 646687.000 946640.000 791449.000 
650367.000 652080.000 952076.000 796247.000 
647397.000 645446.000 955649.000 805223.000 
647696.000 644659.000 967261.000 807158.000 
640045.000 646978.000 967990.000 803366.000 
654618.000 657444.000 965326.000 796570.000 
661221.000 663483.000 957001.000 810461.000 
667243.000 666696.000 967695.000 818523.000 
668746.000 667962.000 978521.000 824744.000 
669689.000 666014.000 985436.000 827183.000 
656075.000 666074.000 987308.000 827085.000 
656248.000 666417.000 987535.000 818409.000 
658409.000 657916.000 981944.000 815421.000 
668943.000 668661.000 975313.000 815885.000 
675947.000 675477.000 975685.000 824396.000 
680696.000 679147.000 982825.000 833503.000 
683634.000 679249.000 993761.000 838193.000 
678379.000 680510.000 998058.000 838477.000 
678460.000 680584.000 999008.000 837788.000 
674431.000 673283.000 998349.000 837395.000 
672627.000 672613.000 997450.000 834272.000 
675090.000 673831.000 994590.000 832853.000 
681911.000 680773.000 992852.000 833116.000 
687498.000 685816.000 993045.000 838871.000 
685999.000 687653.000 998748.000 843095.000 
689645.000 689184.000 1002163.000 845081.000 
690898.000 691464.000 1004931.000 847236.000 
687292.000 687654.000 1007411.000 849522.000 
684613.000 684346.000 1010083.000 849576.000 
682630.000 682434.000 1010221.000 844608.000 
688770.000 689414.000 1003961.000 842134.000 
690009.000 690769.000 1002104.000 846372.000 
693279.000 694220.000 1005145.000 848836.000 
696177.000 695800.000 1009181.000 852023.000 
697436.000 697449.000 1011541.000 854047.000 
696028.000 695520.000 1013045.000 857339.000 
692589.000 692484.000 1017800.000 855742.000 
693691.000 693844.000 1015767.000 853438.000 
693772.000 696272.000 1013314.000 852706.000 
695726.000 696409.000 1012650.000 853032.000 
698315.000 699085.000 1012967.000 855281.000 
701185.000 700695.000 1015370.000 856006.000 
701562.000 701756.000 1015647.000 860902.000 
701122.000 701048.000 1022122.000 860921.000 
701087.000 701138.000 1020813.000 860923.000 
699118.000 702914.000 1020840.000 860854.000 
699806.000 701645.000 1020614.000 858481.000 
702815.000 703513.000 1017871.000 859407.000 
705526.000 705127.000 1019910.000 860593.000 
706219.000 706090.000 1019742.000 865052.000 
707986.000 708205.000 1026487.000 865171.000 
711182.000 710720.000 1025205.000 866767.000 
707193.000 714850.000 1027021.000 870007.000 
705665.000 717083.000 1030299.000 867505.000 
708388.000 718828.000 1027599.000 866577.000 
710701.000 712646.000 1026887.000 866673.000 
713780.000 714613.000 1026331.000 870389.000 
714138.000 714675.000 1030866.000 872482.000 
720137.000 719978.000 1032595.000 873270.000 
719670.000 723600.000 1033582.000 876873.000 
717786.000 728353.000 1037052.000 879144.000 
718557.000 733221.000 1039059.000 878716.000 
721832.000 734661.000 1038886.000 878001.000 
724995.000 736238.000 1037501.000 880328.000 
728053.000 736077.000 1040574.000 883907.000 
733465.000 738352.000 1043644.000 886957.000 
733564.000 737119.000 1046829.000 890832.000 
732404.000 743000.000 1050939.000 893045.000 
734321.000 750274.000 1053844.000 892690.000 
736115.000 757541.000 1052852.000 893627.000 
738309.000 762905.000 1052997.000 895684.000 
739962.000 768341.000 1056158.000 897153.000 
744111.000 777079.000 1057214.000 899307.000 
746868.000 780292.000 1059099.000 901727.000 
746205.000 784247.000 1061864.000 904462.000 
745329.000 791477.000 1065131.000 906020.000 
747518.000 799745.000 1066400.000 905574.000 
748925.000 807907.000 1066053.000 906411.000 
749833.000 816075.000 1066980.000 908066.000 
753226.000 825311.000 1068257.000 910319.000 
755128.000 833228.000 1069780.000 911542.000 
756482.000 839000.000 1071093.000 914320.000 
758162.000 848931.000 1074564.000 914980.000 
760558.000 860965.000 1074583.000 916419.000 
760459.000 871074.000 1075942.000 918877.000 
761736.000 880235.000 1078608.000 920884.000 
764732.000 891517.000 1081008.000 920230.000 
768080.000 903036.000 1080092.000 922649.000 
768978.000 913327.000 1082252.000 926494.000 
769522.000 921566.000 1086488.000 928039.000 
772102.000 934305.000 1088546.000 929187.000 
774533.000 945532.000 1089506.000 929999.000 
774351.000 956981.000 1089929.000 933153.000 
778272.000 966378.000 1093717.000 934224.000 
782051.000 983012.000 1094350.000 935144.000 
785456.000 998976.000 1095086.000 939360.000 
787639.000 1010788.000 1099726.000 944210.000 
791022.000 1021652.000 1104151.000 946770.000 
794068.000 1036108.000 1107153.000 948092.000 
796560.000 1049506.000 1107645.000 951491.000 
796255.000 1051190.000 1111682.000 954852.000 
801268.000 1051190.000 1114621.000 955906.000 
805777.000 1051190.000 1116682.000 957757.000 
808241.000 1051190.000 1117311.000 962078.000 
810572.000 1051190.000 1122544.000 966573.000 
818076.000 1051190.000 1126602.000 968436.000 
823562.000 1051190.000 1128724.000 972593.000 
827913.000 1051190.000 1131621.000 977616.000 
828722.000 1051190.000 1137962.000 982860.000 
835169.000 1051190.000 1142886.000 985484.000 
841521.000 1051190.000 1145919.000 988139.000 
848661.000 1051190.000 1147767.000 992945.000 
848796.000 1051190.000 1152457.000 996015.000 
854945.000 1051190.000 1156227.000 984798.000 
859012.000 1051190.000 1143849.000 985422.000 
864164.000 1051190.000 1145143.000 987113.000 
870290.000 1051190.000 1146987.000 989569.000 
878007.000 1051190.000 1149310.000 990536.000 
884969.000 1051190.000 1150570.000 993031.000 
891522.000 1051190.000 1153199.000 995045.000 
899714.000 1051190.000 1155436.000 980660.000 
910481.000 1051190.000 1146503.000 972017.000 
921618.000 1051190.000 1131492.000 974850.000 
932888.000 1051190.000 1134226.000 978250.000 
943997.000 1051190.000 1138180.000 982744.000 
956310.000 1051190.000 1143231.000 985600.000 
968652.000 1051190.000 1145570.000 989165.000 
980731.000 1051190.000 1149603.000 980351.000 
993211.000 814138.000 1143211.000 943200.000 
1006031.000 912184.000 1107612.000 919292.000 
1018602.000 1012160.000 1077620.000 922096.000 
1031085.000 1104139.000 1082192.000 928571.000 
1043287.000 1104139.000 1088943.000 934239.000 
1057372.000 1104139.000 1094869.000 936316.000 
1071846.000 1104139.000 1096813.000 937691.000 
1086196.000 1104139.000 1097492.000 924006.000 
1093253.000 1104139.000 1092527.000 890917.000 
1093253.000 1104139.000 1050951.000 892932.000 
1093253.000 1104139.000 1051950.000 902987.000 
1093253.000 1104139.000 1062200.000 913385.000 
1093253.000 1104139.000 1074767.000 918998.000 
1093253.000 890672.000 1080435.000 892336.000 
1093253.000 678586.000 1054272.000 864822.000 
1093253.000 679366.000 1029224.000 837596.000 
1093253.000 687304.000 996230.000 838105.000 
1093253.000 695885.000 997347.000 844113.000 
1093253.000 697775.000 1003542.000 853090.000 
1093253.000 667407.000 1014239.000 856195.000 
1093253.000 661939.000 1016420.000 824603.000 
1093253.000 680907.000 999418.000 811476.000 
1093253.000 685089.000 981831.000 812962.000 
1093253.000 684165.000 971989.000 824422.000 
1093253.000 690431.000 985114.000 838262.000 
1093253.000 693523.000 998021.000 847778.000 
1093253.000 651299.000 1008066.000 850641.000 
1093253.000 629839.000 1010743.000 816987.000 
1093253.000 622859.000 991390.000 762934.000 
1093253.000 612509.000 975910.000 738782.000 
1093253.000 597098.000 937201.000 708547.000 
1093253.000 557854.000 936246.000 667384.000 
522798.000 539548.000 923846.000 613503.000 
610144.000 544453.000 895376.000 601813.000 
710933.000 549107.000 875600.000 612525.000 
811206.000 553865.000 844584.000 631587.000 
822597.000 557767.000 815465.000 647907.000 
822597.000 561492.000 815071.000 665645.000 
822597.000 577259.000 824292.000 684539.000 
822597.000 597880.000 842186.000 703019.000 
822597.000 619577.000 861773.000 719859.000 
822597.000 639251.000 879834.000 738941.000 
822597.000 656733.000 897313.000 755682.000 
822597.000 673716.000 913801.000 770776.000 
822597.000 690840.000 930859.000 785039.000 
822597.000 695183.000 945743.000 799437.000 
822597.000 692862.000 962035.000 815673.000 
822597.000 686747.000 977885.000 830237.000 
822597.000 690855.000 989595.000 841048.000 
822597.000 697277.000 1000261.000 847814.000 
822597.000 704633.000 1007627.000 854773.000 
822597.000 708923.000 1014475.000 862061.000 
822597.000 711791.000 1020941.000 866420.000 
822597.000 718721.000 1026293.000 870170.000 
822597.000 719140.000 1030344.000 875872.000 
822597.000 700779.000 1035192.000 877184.000 
822597.000 679600.000 1043017.000 844335.000 
822597.000 668820.000 1027724.000 827356.000 
822597.000 671380.000 1000089.000 828568.000 
822597.000 672477.000 988527.000 830075.000 
852398.000 672717.000 989650.000 832469.000 
878848.000 680769.000 992481.000 832619.000 
878848.000 683684.000 992574.000 835806.000 
878848.000 683610.000 995664.000 829559.000 
878848.000 679972.000 995491.000 823763.000 
878848.000 688147.000 982835.000 834224.000 
878848.000 696438.000 995004.000 845075.000 
878848.000 699702.000 1007272.000 853273.000 
878848.000 698048.000 1016768.000 859021.000 
878848.000 695589.000 1020319.000 854150.000 
878848.000 695580.000 1019431.000 820128.000 
878848.000 691903.000 988842.000 791899.000 
878848.000 658840.000 957920.000 798766.000 
878848.000 639187.000 958671.000 802442.000 
677258.000 642842.000 962912.000 799945.000 
667682.000 645333.000 960118.000 800939.000 
614805.000 645341.000 960573.000 791861.000 
613078.000 645452.000 961964.000 770380.000 
626878.000 645396.000 953205.000 770432.000 
644909.000 646051.000 930542.000 783192.000 
650725.000 650378.000 941209.000 799597.000 
683850.000 653399.000 957294.000 810140.000 
645771.000 654960.000 970931.000 810274.000 
634672.000 654971.000 969987.000 798970.000 
643474.000 654997.000 972932.000 792519.000 
652746.000 656192.000 953073.000 799737.000 
664254.000 663538.000 959030.000 808564.000 
674154.000 669874.000 971115.000 819795.000 
681634.000 676636.000 982249.000 827443.000 
664112.000 679322.000 987698.000 834782.000 
665856.000 679683.000 994058.000 823197.000 
667503.000 679591.000 983180.000 824560.000 
675660.000 681510.000 984420.000 826350.000 
678191.000 676786.000 985783.000 832290.000 
681133.000 677833.000 991156.000 836811.000 
683237.000 685698.000 997310.000 837262.000 
682316.000 686750.000 996927.000 842804.000 
687365.000 689016.000 1003062.000 839667.000 
687884.000 693064.000 998821.000 845134.000 
693466.000 698053.000 1004728.000 846997.000 
698512.000 695638.000 1007294.000 851323.000 
699909.000 695637.000 1011216.000 855283.000 
698786.000 700190.000 1016115.000 855341.000 
692752.000 701241.000 1015336.000 856889.000 
699970.000 702335.000 1017945.000 851645.000 
704692.000 708292.000 1011360.000 856912.000 
710891.000 712851.000 1015949.000 862467.000 
713755.000 710709.000 1022506.000 869035.000 
716695.000 711729.000 1031765.000 870296.000 
717572.000 715134.000 1031362.000 870624.000 
710620.000 718432.000 1029955.000 872794.000 
712031.000 720689.000 1032844.000 870455.000 
715207.000 720136.000 1030265.000 871590.000 
720681.000 724918.000 1030890.000 873941.000 
724301.000 722999.000 1033943.000 879811.000 
728417.000 725837.000 1039847.000 881910.000 
731058.000 727588.000 1041303.000 884202.000 
728543.000 733074.000 1044256.000 886199.000 
728076.000 737673.000 1045888.000 887428.000 
731428.000 743483.000 1047444.000 886955.000 
734135.000 746104.000 1047017.000 890169.000 
733133.000 748641.000 1050023.000 893582.000 
737111.000 747569.000 1053738.000 892928.000 
747968.000 745755.000 1052968.000 895612.000 
745888.000 749924.000 1054713.000 903465.000 
741947.000 756204.000 1062283.000 906624.000 
744051.000 762063.000 1067913.000 902571.000 
747126.000 765225.000 1063032.000 902711.000 
748880.000 770807.000 1062275.000 906249.000 
749097.000 777891.000 1066117.000 908333.000 
753934.000 785312.000 1069203.000 907891.000 
762786.000 779969.000 1067683.000 911981.000 
762642.000 774535.000 1071241.000 919281.000 
761801.000 781941.000 1079623.000 922228.000 
764005.000 790125.000 1082994.000 921745.000 
763475.000 797668.000 1081583.000 922816.000 
761025.000 804037.000 1082413.000 923271.000 
764091.000 812852.000 1084131.000 921484.000 
769798.000 822317.000 1081531.000 922848.000 
775566.000 828415.000 1082521.000 927714.000 
772964.000 833617.000 1087053.000 933649.000 
773386.000 842274.000 1094032.000 933422.000 
775111.000 851705.000 1093847.000 932786.000 
771632.000 861687.000 1092695.000 934772.000 
769990.000 871653.000 1095298.000 932774.000 
773069.000 881795.000 1093114.000 930180.000 
775866.000 891805.000 1089808.000 931763.000 
777336.000 898015.000 1091640.000 934567.000 
777050.000 904324.000 1094481.000 936488.000 
778789.000 914934.000 1096617.000 936343.000 
780512.000 927661.000 1096455.000 937703.000 
777970.000 939007.000 1097713.000 939421.000 
779800.000 949437.000 1100409.000 937809.000 
780802.000 962484.000 1097789.000 938324.000 
780717.000 975285.000 1098005.000 940505.000 
782173.000 989007.000 1100889.000 940421.000 
782814.000 1001367.000 1101014.000 941694.000 
783663.000 1014136.000 1101604.000 941899.000 
782202.000 1026355.000 1101925.000 943569.000 
781416.000 1038647.000 1103252.000 941983.000 
782816.000 1038647.000 1101973.000 940586.000 
787032.000 1038647.000 1100382.000 941688.000 
787534.000 1038647.000 1101903.000 945613.000 
789359.000 1038647.000 1105340.000 946642.000 
791007.000 1038647.000 1107182.000 947933.000 
790973.000 1038647.000 1107956.000 950550.000 
790490.000 1038647.000 1109979.000 951084.000 
789864.000 1038647.000 1111103.000 950195.000 
791996.000 1038647.000 1109995.000 949337.000 
790972.000 1038647.000 1109390.000 951293.000 
791958.000 1038647.000 1111011.000 951429.000 
787845.000 1038647.000 1112077.000 951656.000 
790546.000 1038647.000 1111288.000 948935.000 
791628.000 1038647.000 1110520.000 948934.000 
792441.000 1038647.000 1109203.000 950889.000 
795350.000 1038647.000 1110942.000 951700.000 
795813.000 1038647.000 1110915.000 953613.000 
795345.000 1038647.000 1112922.000 955018.000 
790545.000 1038647.000 1115036.000 954834.000 
784180.000 1038647.000 1115699.000 948841.000 
766007.000 1038647.000 1113346.000 912749.000 
748425.000 1038647.000 1086387.000 867732.000 
733447.000 1038647.000 1056850.000 826223.000 
719077.000 1038647.000 1022080.000 786455.000 
703536.000 641608.000 1001951.000 740917.000 
697553.000 736855.000 976584.000 723768.000 
704025.000 834793.000 938663.000 728420.000 
710683.000 919802.000 903280.000 738416.000 
716993.000 919802.000 897080.000 750118.000 
723818.000 919802.000 908232.000 768336.000 
731040.000 919802.000 926780.000 785548.000 
738110.000 919802.000 944424.000 803431.000 
745637.000 919802.000 962096.000 821755.000 
755260.000 919802.000 980299.000 838501.000 
775285.000 919802.000 998568.000 851110.000 
798467.000 919802.000 1013613.000 864649.000 
819303.000 919802.000 1027406.000 881553.000 
833345.000 919802.000 1043405.000 896899.000 
848593.000 919802.000 1057603.000 904909.000 
866934.000 919802.000 1063953.000 911782.000 
886074.000 919802.000 1070730.000 921507.000 
904414.000 919802.000 1080449.000 932300.000 
919937.000 919802.000 1091517.000 943147.000 
921442.000 919802.000 1102476.000 950873.000 
921032.000 919802.000 1111523.000 957103.000 
925428.000 919802.000 1117651.000 963020.000 
931757.000 919802.000 1122537.000 973131.000 
936835.000 919802.000 1131635.000 969186.000 
937394.000 919802.000 1134094.000 941100.000 
937726.000 919802.000 1114725.000 930059.000 
938225.000 919802.000 1090358.000 933374.000 
941405.000 919802.000 1092482.000 939648.000 
948288.000 919802.000 1099365.000 945610.000 
956969.000 1016482.000 1106077.000 948773.000 
960876.000 1016482.000 1109079.000 952877.000 
964470.000 1016482.000 1112775.000 939510.000 
976261.000 1016482.000 1105335.000 911263.000 
988853.000 1016482.000 1082961.000 911669.000 
1002453.000 1016482.000 1071380.000 923890.000 
1016505.000 1016482.000 1084235.000 936464.000 
1030533.000 1016482.000 1097449.000 945176.000 
1044974.000 1016482.000 1105368.000 947919.000 
1059312.000 1016482.000 1107725.000 948346.000 
1073587.000 1016482.000 1109941.000 911242.000 
1076545.000 1016482.000 1074760.000 872963.000 
1076545.000 1016482.000 1037611.000 858844.000 
1076545.000 1016482.000 1018054.000 868578.000 
1076545.000 1016482.000 1027973.000 878697.000 
1076545.000 766772.000 1041419.000 883879.000 
1076545.000 756175.000 1043575.000 891354.000 
1076545.000 756175.000 1051278.000 882798.000 
1076545.000 667359.000 1052515.000 836058.000 
1076545.000 680613.000 1001497.000 822311.000 
1076545.000 693812.000 980095.000 837931.000 
1076545.000 704077.000 994274.000 849803.000 
1076545.000 717521.000 1009778.000 860413.000 
1076545.000 746676.000 1020908.000 862066.000 
1076545.000 701131.000 1022146.000 868319.000 
1076545.000 675251.000 1030011.000 838312.000 
1076545.000 684703.000 1006631.000 833024.000 
1076545.000 697093.000 992923.000 841336.000 
1076545.000 709094.000 1000032.000 853260.000 
1076545.000 712517.000 1011779.000 866031.000 
1076545.000 709832.000 1024637.000 861597.000 
1076545.000 670306.000 1027541.000 854099.000 
1076545.000 668989.000 1014907.000 831177.000 
1076545.000 674181.000 997133.000 828132.000 
1076545.000 686822.000 988648.000 831624.000 
1076545.000 696569.000 990899.000 843193.000 
1076545.000 709596.000 1001128.000 853525.000 
782874.000 714944.000 1012547.000 862635.000 
766817.000 663014.000 1021277.000 846175.000 
864391.000 665920.000 1015393.000 824455.000 
964841.000 668711.000 986622.000 824906.000 
1000842.000 678317.000 984588.000 826373.000 
1000842.000 688236.000 985613.000 835418.000 
1000842.000 697142.000 994540.000 844450.000 
1000842.000 700945.000 1003839.000 853315.000 
1000842.000 692048.000 1012397.000 850365.000 
1000842.000 694789.000 1014571.000 850718.000 
1000842.000 699435.000 1009100.000 854790.000 
1000842.000 696320.000 1013856.000 857467.000 
1000842.000 674309.000 1017794.000 861250.000 
859395.000 662997.000 1022798.000 832099.000 
658354.000 659837.000 1008240.000 818933.000 
658332.000 657675.000 1000846.000 812635.000 
657754.000 657547.000 988237.000 817347.000 
667088.000 665662.000 977846.000 815786.000 
667312.000 665909.000 975364.000 824141.000 
637280.000 667676.000 982315.000 818221.000 
652603.000 670018.000 983150.000 793791.000 
678486.000 665672.000 952978.000 798303.000 
686820.000 662262.000 958942.000 809510.000 
694209.000 667437.000 969435.000 820164.000 
693585.000 675833.000 980537.000 825871.000 
698302.000 684284.000 985769.000 832758.000 
675026.000 684576.000 992802.000 840110.000 
676214.000 686468.000 1002635.000 833945.000 
687738.000 690298.000 994010.000 834220.000 
697646.000 694456.000 993769.000 843400.000 
698355.000 693556.000 1000440.000 853229.000 
696333.000 689304.000 1013103.000 853045.000 
690467.000 692399.000 1013096.000 850151.000 
691451.000 692971.000 1009704.000 849428.000 
700148.000 702019.000 1011412.000 849886.000 
708304.000 709612.000 1009566.000 855763.000 
711266.000 707989.000 1013747.000 865715.000 
716531.000 710564.000 1024857.000 868359.000 
722313.000 706887.000 1029775.000 870345.000 
722020.000 709558.000 1029715.000 868665.000 
708653.000 709576.000 1029182.000 867869.000 
707945.000 707384.000 1027039.000 866539.000 
712615.000 712500.000 1026058.000 866982.000 
721069.000 718930.000 1027074.000 869887.000 
726931.000 720222.000 1029072.000 877926.000 
729681.000 718340.000 1037671.000 880091.000 
734115.000 722837.000 1039607.000 878147.000 
725365.000 726683.000 1037734.000 880381.000 
723537.000 727789.000 1039288.000 884291.000 
722776.000 722926.000 1044339.000 884700.000 
724337.000 723338.000 1045062.000 882557.000 
